"","연도","시도","행정구역","학제","date.x","성별","학생수","인구수_2년전_4세","인구수_1년전_5세","4세대비5세변동치","5세대비1학년변동치","4세대비1학년변동치","4세대비5세변동률","5세대비1학년변동률","4세대비1학년변동률","전체인구","n_2","n_1","n_2_diff","n_1_diff","n_2_diff_rate","n_1_diff_rate"
"1","2021","서울","종로구","초등학교",2021-04-01,"전체",772,865,841,-24,-69,-93,-0.0277456647398844,-0.0820451843043995,-0.107514450867052,147113,152495,150936,-5382,-3823,-0.035292960424932,-0.025328616102189
"2","2021","서울","종로구","초등학교",2021-04-01,"여자",397,417,406,-11,-9,-20,-0.026378896882494,-0.0221674876847291,-0.0479616306954436,147113,152495,150936,-5382,-3823,-0.035292960424932,-0.025328616102189
"3","2021","서울","종로구","초등학교",2021-04-01,"남자",375,448,435,-13,-60,-73,-0.0290178571428571,-0.137931034482759,-0.162946428571429,147113,152495,150936,-5382,-3823,-0.035292960424932,-0.025328616102189
"4","2021","서울","중구","초등학교",2021-04-01,"전체",817,777,733,-44,84,40,-0.0566280566280566,0.114597544338336,0.0514800514800515,124477,125913,126126,-1436,-1649,-0.0114047000706837,-0.0130742273599416
"5","2021","서울","중구","초등학교",2021-04-01,"여자",405,378,355,-23,50,27,-0.0608465608465608,0.140845070422535,0.0714285714285714,124477,125913,126126,-1436,-1649,-0.0114047000706837,-0.0130742273599416
"6","2021","서울","중구","초등학교",2021-04-01,"남자",412,399,378,-21,34,13,-0.0526315789473684,0.0899470899470899,0.0325814536340852,124477,125913,126126,-1436,-1649,-0.0114047000706837,-0.0130742273599416
"7","2021","서울","용산구","초등학교",2021-04-01,"전체",1099,1494,1443,-51,-344,-395,-0.034136546184739,-0.238392238392238,-0.264390896921017,228755,228940,229369,-185,-614,-0.000808071983925919,-0.00267690925975175
"8","2021","서울","용산구","초등학교",2021-04-01,"여자",538,726,707,-19,-169,-188,-0.0261707988980716,-0.239038189533239,-0.258953168044077,228755,228940,229369,-185,-614,-0.000808071983925919,-0.00267690925975175
"9","2021","서울","용산구","초등학교",2021-04-01,"남자",561,768,736,-32,-175,-207,-0.0416666666666667,-0.237771739130435,-0.26953125,228755,228940,229369,-185,-614,-0.000808071983925919,-0.00267690925975175
"10","2021","서울","성동구","초등학교",2021-04-01,"전체",1886,2477,2333,-144,-447,-591,-0.0581348405329027,-0.191598799828547,-0.238595074687122,291534,305785,298249,-14251,-6715,-0.0466046405153948,-0.0225147443914313
"11","2021","서울","성동구","초등학교",2021-04-01,"여자",910,1212,1152,-60,-242,-302,-0.0495049504950495,-0.210069444444444,-0.249174917491749,291534,305785,298249,-14251,-6715,-0.0466046405153948,-0.0225147443914313
"12","2021","서울","성동구","초등학교",2021-04-01,"남자",976,1265,1181,-84,-205,-289,-0.066403162055336,-0.173581710414903,-0.228458498023715,291534,305785,298249,-14251,-6715,-0.0466046405153948,-0.0225147443914313
"13","2021","서울","광진구","초등학교",2021-04-01,"전체",2146,2355,2233,-122,-87,-209,-0.0518046709129512,-0.038961038961039,-0.0887473460721868,343006,354344,350016,-11338,-7010,-0.0319971553067076,-0.0200276558785884
"14","2021","서울","광진구","초등학교",2021-04-01,"여자",1028,1146,1095,-51,-67,-118,-0.0445026178010471,-0.0611872146118721,-0.102966841186736,343006,354344,350016,-11338,-7010,-0.0319971553067076,-0.0200276558785884
"15","2021","서울","광진구","초등학교",2021-04-01,"남자",1118,1209,1138,-71,-20,-91,-0.0587262200165426,-0.0175746924428823,-0.0752688172043011,343006,354344,350016,-11338,-7010,-0.0319971553067076,-0.0200276558785884
"16","2021","서울","동대문구","초등학교",2021-04-01,"전체",2167,2368,2321,-47,-154,-201,-0.019847972972973,-0.0663507109004739,-0.0848817567567568,338480,346312,345793,-7832,-7313,-0.0226154450322253,-0.0211484905709485
"17","2021","서울","동대문구","초등학교",2021-04-01,"여자",1060,1158,1147,-11,-87,-98,-0.00949913644214162,-0.0758500435919791,-0.0846286701208981,338480,346312,345793,-7832,-7313,-0.0226154450322253,-0.0211484905709485
"18","2021","서울","동대문구","초등학교",2021-04-01,"남자",1107,1210,1174,-36,-67,-103,-0.0297520661157025,-0.0570698466780239,-0.0851239669421488,338480,346312,345793,-7832,-7313,-0.0226154450322253,-0.0211484905709485
"19","2021","서울","중랑구","초등학교",2021-04-01,"전체",2215,2636,2467,-169,-252,-421,-0.0641122913505311,-0.102148358329955,-0.159711684370258,391502,401546,395072,-10044,-3570,-0.0250133235046545,-0.00903632755548356
"20","2021","서울","중랑구","초등학교",2021-04-01,"여자",1088,1276,1180,-96,-92,-188,-0.0752351097178683,-0.0779661016949153,-0.147335423197492,391502,401546,395072,-10044,-3570,-0.0250133235046545,-0.00903632755548356
"21","2021","서울","중랑구","초등학교",2021-04-01,"남자",1127,1360,1287,-73,-160,-233,-0.0536764705882353,-0.124320124320124,-0.171323529411765,391502,401546,395072,-10044,-3570,-0.0250133235046545,-0.00903632755548356
"22","2021","서울","성북구","초등학교",2021-04-01,"전체",3175,3176,3198,22,-23,-1,0.00692695214105793,-0.00719199499687305,-0.000314861460957179,434383,439754,442174,-5371,-7791,-0.0122136467206666,-0.0176197605467531
"23","2021","서울","성북구","초등학교",2021-04-01,"여자",1548,1527,1556,29,-8,21,0.0189914865749836,-0.0051413881748072,0.0137524557956778,434383,439754,442174,-5371,-7791,-0.0122136467206666,-0.0176197605467531
"24","2021","서울","성북구","초등학교",2021-04-01,"남자",1627,1649,1642,-7,-15,-22,-0.00424499696785931,-0.00913520097442144,-0.0133414190418435,434383,439754,442174,-5371,-7791,-0.0122136467206666,-0.0176197605467531
"25","2021","서울","강북구","초등학교",2021-04-01,"전체",1394,1877,1778,-99,-384,-483,-0.0527437400106553,-0.215973003374578,-0.257325519445924,303622,316604,312691,-12982,-9069,-0.041003903930462,-0.0290030733215858
"26","2021","서울","강북구","초등학교",2021-04-01,"여자",683,872,815,-57,-132,-189,-0.0653669724770642,-0.161963190184049,-0.216743119266055,303622,316604,312691,-12982,-9069,-0.041003903930462,-0.0290030733215858
"27","2021","서울","강북구","초등학교",2021-04-01,"남자",711,1005,963,-42,-252,-294,-0.0417910447761194,-0.261682242990654,-0.292537313432836,303622,316604,312691,-12982,-9069,-0.041003903930462,-0.0290030733215858
"28","2021","서울","도봉구","초등학교",2021-04-01,"전체",2249,2297,2200,-97,49,-48,-0.0422289943404441,0.0222727272727273,-0.020896821941663,321227,337346,330707,-16119,-9480,-0.0477818026595839,-0.0286658582975262
"29","2021","서울","도봉구","초등학교",2021-04-01,"여자",1114,1097,1050,-47,64,17,-0.0428441203281677,0.060952380952381,0.0154968094804011,321227,337346,330707,-16119,-9480,-0.0477818026595839,-0.0286658582975262
"30","2021","서울","도봉구","초등학교",2021-04-01,"남자",1135,1200,1150,-50,-15,-65,-0.0416666666666667,-0.0130434782608696,-0.0541666666666667,321227,337346,330707,-16119,-9480,-0.0477818026595839,-0.0286658582975262
"31","2021","서울","노원구","초등학교",2021-04-01,"전체",3751,3806,3770,-36,-19,-55,-0.00945874934314241,-0.00503978779840849,-0.0144508670520231,517417,539884,530302,-22467,-12885,-0.0416144949655852,-0.0242974757779529
"32","2021","서울","노원구","초등학교",2021-04-01,"여자",1826,1881,1878,-3,-52,-55,-0.00159489633173844,-0.0276890308839191,-0.0292397660818713,517417,539884,530302,-22467,-12885,-0.0416144949655852,-0.0242974757779529
"33","2021","서울","노원구","초등학교",2021-04-01,"남자",1925,1925,1892,-33,33,0,-0.0171428571428571,0.0174418604651163,0,517417,539884,530302,-22467,-12885,-0.0416144949655852,-0.0242974757779529
"34","2021","서울","은평구","초등학교",2021-04-01,"전체",3074,3549,3398,-151,-324,-475,-0.0425471963933502,-0.0953502060035315,-0.133840518455903,474843,484267,477973,-9424,-3130,-0.0194603390278503,-0.00654848704843161
"35","2021","서울","은평구","초등학교",2021-04-01,"여자",1473,1738,1640,-98,-167,-265,-0.0563866513233602,-0.101829268292683,-0.152474108170311,474843,484267,477973,-9424,-3130,-0.0194603390278503,-0.00654848704843161
"36","2021","서울","은평구","초등학교",2021-04-01,"남자",1601,1811,1758,-53,-157,-210,-0.0292655991165102,-0.0893060295790671,-0.115958034235229,474843,484267,477973,-9424,-3130,-0.0194603390278503,-0.00654848704843161
"37","2021","서울","서대문구","초등학교",2021-04-01,"전체",2225,2248,2254,6,-29,-23,0.00266903914590747,-0.012866015971606,-0.0102313167259786,307825,311586,312809,-3761,-4984,-0.0120705038095421,-0.0159330454047038
"38","2021","서울","서대문구","초등학교",2021-04-01,"여자",1127,1114,1127,13,0,13,0.0116696588868941,0,0.0116696588868941,307825,311586,312809,-3761,-4984,-0.0120705038095421,-0.0159330454047038
"39","2021","서울","서대문구","초등학교",2021-04-01,"남자",1098,1134,1127,-7,-29,-36,-0.00617283950617284,-0.0257320319432121,-0.0317460317460317,307825,311586,312809,-3761,-4984,-0.0120705038095421,-0.0159330454047038
"40","2021","서울","마포구","초등학교",2021-04-01,"전체",2298,2779,2707,-72,-409,-481,-0.025908600215905,-0.151089767270041,-0.173083843109032,369577,374824,374426,-5247,-4849,-0.0139985699955179,-0.0129504895493369
"41","2021","서울","마포구","초등학교",2021-04-01,"여자",1169,1358,1318,-40,-149,-189,-0.0294550810014728,-0.113050075872534,-0.139175257731959,369577,374824,374426,-5247,-4849,-0.0139985699955179,-0.0129504895493369
"42","2021","서울","마포구","초등학교",2021-04-01,"남자",1129,1421,1389,-32,-260,-292,-0.0225193525686137,-0.187185025197984,-0.2054890921886,369577,374824,374426,-5247,-4849,-0.0139985699955179,-0.0129504895493369
"43","2021","서울","양천구","초등학교",2021-04-01,"전체",3389,3370,3443,73,-54,19,0.0216617210682493,-0.0156839965146674,0.0056379821958457,452112,462126,457132,-10014,-5020,-0.0216694148349152,-0.0109815108108818
"44","2021","서울","양천구","초등학교",2021-04-01,"여자",1667,1630,1676,46,-9,37,0.0282208588957055,-0.00536992840095465,0.0226993865030675,452112,462126,457132,-10014,-5020,-0.0216694148349152,-0.0109815108108818
"45","2021","서울","양천구","초등학교",2021-04-01,"남자",1722,1740,1767,27,-45,-18,0.0155172413793103,-0.0254668930390492,-0.0103448275862069,452112,462126,457132,-10014,-5020,-0.0216694148349152,-0.0109815108108818
"46","2021","서울","강서구","초등학교",2021-04-01,"전체",4005,4738,4437,-301,-432,-733,-0.0635289151540735,-0.0973630831643002,-0.15470662726889,577580,596233,588281,-18653,-10701,-0.0312847494184321,-0.01819028661473
"47","2021","서울","강서구","초등학교",2021-04-01,"여자",2046,2402,2239,-163,-193,-356,-0.0678601165695254,-0.086199196069674,-0.148209825145712,577580,596233,588281,-18653,-10701,-0.0312847494184321,-0.01819028661473
"48","2021","서울","강서구","초등학교",2021-04-01,"남자",1959,2336,2198,-138,-239,-377,-0.0590753424657534,-0.108735213830755,-0.16138698630137,577580,596233,588281,-18653,-10701,-0.0312847494184321,-0.01819028661473
"49","2021","서울","구로구","초등학교",2021-04-01,"전체",2799,3166,3143,-23,-344,-367,-0.00726468730259002,-0.109449570474069,-0.115919140871762,400399,405516,405271,-5117,-4872,-0.0126184910089861,-0.0120215855563314
"50","2021","서울","구로구","초등학교",2021-04-01,"여자",1386,1563,1546,-17,-160,-177,-0.0108765195137556,-0.103492884864166,-0.113243761996161,400399,405516,405271,-5117,-4872,-0.0126184910089861,-0.0120215855563314
"51","2021","서울","구로구","초등학교",2021-04-01,"남자",1413,1603,1597,-6,-184,-190,-0.00374298190892077,-0.115216030056356,-0.118527760449158,400399,405516,405271,-5117,-4872,-0.0126184910089861,-0.0120215855563314
"52","2021","서울","금천구","초등학교",2021-04-01,"전체",1314,1516,1409,-107,-95,-202,-0.0705804749340369,-0.0674237047551455,-0.133245382585752,229639,234173,232396,-4534,-2757,-0.0193617539169759,-0.0118633711423605
"53","2021","서울","금천구","초등학교",2021-04-01,"여자",646,772,711,-61,-65,-126,-0.0790155440414508,-0.0914205344585091,-0.163212435233161,229639,234173,232396,-4534,-2757,-0.0193617539169759,-0.0118633711423605
"54","2021","서울","금천구","초등학교",2021-04-01,"남자",668,744,698,-46,-30,-76,-0.0618279569892473,-0.0429799426934097,-0.102150537634409,229639,234173,232396,-4534,-2757,-0.0193617539169759,-0.0118633711423605
"55","2021","서울","영등포구","초등학교",2021-04-01,"전체",2400,2806,2691,-115,-291,-406,-0.040983606557377,-0.108138238573021,-0.144689950106914,377696,368874,372225,8822,5471,0.0239160255263315,0.0146980992679159
"56","2021","서울","영등포구","초등학교",2021-04-01,"여자",1124,1352,1305,-47,-181,-228,-0.0347633136094675,-0.138697318007663,-0.168639053254438,377696,368874,372225,8822,5471,0.0239160255263315,0.0146980992679159
"57","2021","서울","영등포구","초등학교",2021-04-01,"남자",1276,1454,1386,-68,-110,-178,-0.046767537826685,-0.0793650793650794,-0.12242090784044,377696,368874,372225,8822,5471,0.0239160255263315,0.0146980992679159
"58","2021","서울","동작구","초등학교",2021-04-01,"전체",2525,3003,2871,-132,-346,-478,-0.043956043956044,-0.120515499825845,-0.159174159174159,388672,399118,394988,-10446,-6316,-0.0261727108273744,-0.0159903592007858
"59","2021","서울","동작구","초등학교",2021-04-01,"여자",1216,1466,1394,-72,-178,-250,-0.0491132332878581,-0.127690100430416,-0.170532060027285,388672,399118,394988,-10446,-6316,-0.0261727108273744,-0.0159903592007858
"60","2021","서울","동작구","초등학교",2021-04-01,"남자",1309,1537,1477,-60,-168,-228,-0.0390370852309694,-0.113744075829384,-0.148340923877684,388672,399118,394988,-10446,-6316,-0.0261727108273744,-0.0159903592007858
"61","2021","서울","관악구","초등학교",2021-04-01,"전체",2174,2801,2608,-193,-434,-627,-0.0689039628704034,-0.166411042944785,-0.223848625490896,489464,502251,498978,-12787,-9514,-0.0254593818628534,-0.0190669728925925
"62","2021","서울","관악구","초등학교",2021-04-01,"여자",1054,1346,1252,-94,-198,-292,-0.0698365527488856,-0.15814696485623,-0.216939078751857,489464,502251,498978,-12787,-9514,-0.0254593818628534,-0.0190669728925925
"63","2021","서울","관악구","초등학교",2021-04-01,"남자",1120,1455,1356,-99,-236,-335,-0.0680412371134021,-0.174041297935103,-0.230240549828179,489464,502251,498978,-12787,-9514,-0.0254593818628534,-0.0190669728925925
"64","2021","서울","서초구","초등학교",2021-04-01,"전체",3413,3623,3723,100,-310,-210,0.0276014352746343,-0.083266183185603,-0.057963014076732,420318,432336,429729,-12018,-9411,-0.027797823914733,-0.0218998485091767
"65","2021","서울","서초구","초등학교",2021-04-01,"여자",1658,1727,1782,55,-124,-69,0.0318471337579618,-0.0695847362514029,-0.0399536768963521,420318,432336,429729,-12018,-9411,-0.027797823914733,-0.0218998485091767
"66","2021","서울","서초구","초등학교",2021-04-01,"남자",1755,1896,1941,45,-186,-141,0.0237341772151899,-0.0958268933539413,-0.0743670886075949,420318,432336,429729,-12018,-9411,-0.027797823914733,-0.0218998485091767
"67","2021","서울","강남구","초등학교",2021-04-01,"전체",3618,3784,3945,161,-327,-166,0.0425475687103594,-0.0828897338403042,-0.0438689217758985,533579,542108,543240,-8529,-9661,-0.0157330273672405,-0.0177840365216111
"68","2021","서울","강남구","초등학교",2021-04-01,"여자",1728,1842,1906,64,-178,-114,0.0347448425624321,-0.093389296956978,-0.0618892508143322,533579,542108,543240,-8529,-9661,-0.0157330273672405,-0.0177840365216111
"69","2021","서울","강남구","초등학교",2021-04-01,"남자",1890,1942,2039,97,-149,-52,0.0499485066941298,-0.0730750367827366,-0.0267765190525232,533579,542108,543240,-8529,-9661,-0.0157330273672405,-0.0177840365216111
"70","2021","서울","송파구","초등학교",2021-04-01,"전체",5022,5682,5576,-106,-554,-660,-0.0186554030271031,-0.0993543758967001,-0.116156282998944,660160,679824,672862,-19664,-12702,-0.0289251335639813,-0.0188775707351582
"71","2021","서울","송파구","초등학교",2021-04-01,"여자",2412,2742,2698,-44,-286,-330,-0.0160466812545587,-0.106004447739066,-0.12035010940919,660160,679824,672862,-19664,-12702,-0.0289251335639813,-0.0188775707351582
"72","2021","서울","송파구","초등학교",2021-04-01,"남자",2610,2940,2878,-62,-268,-330,-0.0210884353741497,-0.0931202223766504,-0.112244897959184,660160,679824,672862,-19664,-12702,-0.0289251335639813,-0.0188775707351582
"73","2021","서울","강동구","초등학교",2021-04-01,"전체",3763,3280,3831,551,-68,483,0.167987804878049,-0.017749934742887,0.147256097560976,465331,424727,455042,40604,10289,0.0956002326200124,0.022611099634759
"74","2021","서울","강동구","초등학교",2021-04-01,"여자",1823,1603,1858,255,-35,220,0.159076731129133,-0.0188374596340151,0.137242669993762,465331,424727,455042,40604,10289,0.0956002326200124,0.022611099634759
"75","2021","서울","강동구","초등학교",2021-04-01,"남자",1940,1677,1973,296,-33,263,0.176505664877758,-0.0167257982767359,0.156827668455575,465331,424727,455042,40604,10289,0.0956002326200124,0.022611099634759
"76","2021","부산","중구","초등학교",2021-04-01,"전체",218,189,175,-14,43,29,-0.0740740740740741,0.245714285714286,0.153439153439153,41311,42543,41714,-1232,-403,-0.0289589356650918,-0.00966102507551422
"77","2021","부산","중구","초등학교",2021-04-01,"여자",104,92,87,-5,17,12,-0.0543478260869565,0.195402298850575,0.130434782608696,41311,42543,41714,-1232,-403,-0.0289589356650918,-0.00966102507551422
"78","2021","부산","중구","초등학교",2021-04-01,"남자",114,97,88,-9,26,17,-0.0927835051546392,0.295454545454545,0.175257731958763,41311,42543,41714,-1232,-403,-0.0289589356650918,-0.00966102507551422
"79","2021","부산","서구","초등학교",2021-04-01,"전체",604,598,607,9,-3,6,0.0150501672240803,-0.00494233937397035,0.0100334448160535,106545,110052,107722,-3507,-1177,-0.0318667538981572,-0.0109262731846791
"80","2021","부산","서구","초등학교",2021-04-01,"여자",296,284,286,2,10,12,0.00704225352112676,0.034965034965035,0.0422535211267606,106545,110052,107722,-3507,-1177,-0.0318667538981572,-0.0109262731846791
"81","2021","부산","서구","초등학교",2021-04-01,"남자",308,314,321,7,-13,-6,0.0222929936305732,-0.0404984423676012,-0.0191082802547771,106545,110052,107722,-3507,-1177,-0.0318667538981572,-0.0109262731846791
"82","2021","부산","동구","초등학교",2021-04-01,"전체",385,433,453,20,-68,-48,0.046189376443418,-0.150110375275938,-0.110854503464203,88159,86485,89673,1674,-1514,0.0193559576805226,-0.0168835658447916
"83","2021","부산","동구","초등학교",2021-04-01,"여자",189,214,218,4,-29,-25,0.0186915887850467,-0.13302752293578,-0.116822429906542,88159,86485,89673,1674,-1514,0.0193559576805226,-0.0168835658447916
"84","2021","부산","동구","초등학교",2021-04-01,"남자",196,219,235,16,-39,-23,0.0730593607305936,-0.165957446808511,-0.105022831050228,88159,86485,89673,1674,-1514,0.0193559576805226,-0.0168835658447916
"85","2021","부산","영도구","초등학교",2021-04-01,"전체",532,583,570,-13,-38,-51,-0.0222984562607204,-0.0666666666666667,-0.0874785591766724,111387,119045,115645,-7658,-4258,-0.064328615229535,-0.036819577154222
"86","2021","부산","영도구","초등학교",2021-04-01,"여자",259,280,271,-9,-12,-21,-0.0321428571428571,-0.044280442804428,-0.075,111387,119045,115645,-7658,-4258,-0.064328615229535,-0.036819577154222
"87","2021","부산","영도구","초등학교",2021-04-01,"남자",273,303,299,-4,-26,-30,-0.0132013201320132,-0.0869565217391304,-0.099009900990099,111387,119045,115645,-7658,-4258,-0.064328615229535,-0.036819577154222
"88","2021","부산","부산진구","초등학교",2021-04-01,"전체",2579,2428,2389,-39,190,151,-0.0160626029654036,0.0795311845960653,0.0621911037891269,357193,359247,356978,-2054,215,-0.00571751469044975,0.000602278011530122
"89","2021","부산","부산진구","초등학교",2021-04-01,"여자",1273,1174,1159,-15,114,99,-0.0127768313458262,0.0983606557377049,0.0843270868824531,357193,359247,356978,-2054,215,-0.00571751469044975,0.000602278011530122
"90","2021","부산","부산진구","초등학교",2021-04-01,"남자",1306,1254,1230,-24,76,52,-0.0191387559808612,0.0617886178861789,0.0414673046251994,357193,359247,356978,-2054,215,-0.00571751469044975,0.000602278011530122
"91","2021","부산","동래구","초등학교",2021-04-01,"전체",2081,2044,2269,225,-188,37,0.110078277886497,-0.0828558836491847,0.0181017612524462,268996,267567,272570,1429,-3574,0.00534071839950368,-0.0131122280515097
"92","2021","부산","동래구","초등학교",2021-04-01,"여자",990,979,1094,115,-104,11,0.117466802860061,-0.0950639853747715,0.0112359550561798,268996,267567,272570,1429,-3574,0.00534071839950368,-0.0131122280515097
"93","2021","부산","동래구","초등학교",2021-04-01,"남자",1091,1065,1175,110,-84,26,0.103286384976526,-0.0714893617021277,0.0244131455399061,268996,267567,272570,1429,-3574,0.00534071839950368,-0.0131122280515097
"94","2021","부산","남구","초등학교",2021-04-01,"전체",1922,2117,2087,-30,-165,-195,-0.0141709966934341,-0.0790608528988979,-0.0921114785073217,265194,278497,271674,-13303,-6480,-0.0477671213693505,-0.0238521168753727
"95","2021","부산","남구","초등학교",2021-04-01,"여자",929,1012,996,-16,-67,-83,-0.0158102766798419,-0.0672690763052209,-0.0820158102766798,265194,278497,271674,-13303,-6480,-0.0477671213693505,-0.0238521168753727
"96","2021","부산","남구","초등학교",2021-04-01,"남자",993,1105,1091,-14,-98,-112,-0.0126696832579186,-0.0898258478460128,-0.101357466063348,265194,278497,271674,-13303,-6480,-0.0477671213693505,-0.0238521168753727
"97","2021","부산","북구","초등학교",2021-04-01,"전체",2001,2217,2169,-48,-168,-216,-0.0216508795669824,-0.0774550484094053,-0.0974289580514208,282073,293971,289059,-11898,-6986,-0.0404733800272816,-0.0241680764134658
"98","2021","부산","북구","초등학교",2021-04-01,"여자",981,1091,1087,-4,-106,-110,-0.00366636113657195,-0.0975160993560258,-0.100824931255729,282073,293971,289059,-11898,-6986,-0.0404733800272816,-0.0241680764134658
"99","2021","부산","북구","초등학교",2021-04-01,"남자",1020,1126,1082,-44,-62,-106,-0.0390763765541741,-0.0573012939001848,-0.0941385435168739,282073,293971,289059,-11898,-6986,-0.0404733800272816,-0.0241680764134658
"100","2021","부산","해운대구","초등학교",2021-04-01,"전체",3026,3167,3180,13,-154,-141,0.00410483107041364,-0.0484276729559748,-0.0445216293021787,399821,408384,405268,-8563,-5447,-0.0209680104999216,-0.0134404887629914
"101","2021","부산","해운대구","초등학교",2021-04-01,"여자",1451,1549,1568,19,-117,-98,0.0122659780503551,-0.0746173469387755,-0.0632666236281472,399821,408384,405268,-8563,-5447,-0.0209680104999216,-0.0134404887629914
"102","2021","부산","해운대구","초등학교",2021-04-01,"남자",1575,1618,1612,-6,-37,-43,-0.00370828182941904,-0.0229528535980149,-0.0265760197775031,399821,408384,405268,-8563,-5447,-0.0209680104999216,-0.0134404887629914
"103","2021","부산","사하구","초등학교",2021-04-01,"전체",2071,2389,2313,-76,-242,-318,-0.0318124738384261,-0.104626026805015,-0.133110087902888,308684,325166,318196,-16482,-9512,-0.0506879563053948,-0.0298935247457542
"104","2021","부산","사하구","초등학교",2021-04-01,"여자",972,1187,1148,-39,-176,-215,-0.0328559393428812,-0.153310104529617,-0.181128896377422,308684,325166,318196,-16482,-9512,-0.0506879563053948,-0.0298935247457542
"105","2021","부산","사하구","초등학교",2021-04-01,"남자",1099,1202,1165,-37,-66,-103,-0.0307820299500832,-0.0566523605150215,-0.0856905158069883,308684,325166,318196,-16482,-9512,-0.0506879563053948,-0.0298935247457542
"106","2021","부산","금정구","초등학교",2021-04-01,"전체",1527,1588,1574,-14,-47,-61,-0.00881612090680101,-0.0298602287166455,-0.0384130982367758,230204,241986,236904,-11782,-6700,-0.0486887671187589,-0.0282814979907473
"107","2021","부산","금정구","초등학교",2021-04-01,"여자",724,771,766,-5,-42,-47,-0.00648508430609598,-0.0548302872062663,-0.0609597924773022,230204,241986,236904,-11782,-6700,-0.0486887671187589,-0.0282814979907473
"108","2021","부산","금정구","초등학교",2021-04-01,"남자",803,817,808,-9,-5,-14,-0.011015911872705,-0.00618811881188119,-0.0171358629130967,230204,241986,236904,-11782,-6700,-0.0486887671187589,-0.0282814979907473
"109","2021","부산","강서구","초등학교",2021-04-01,"전체",2176,2140,2188,48,-12,36,0.0224299065420561,-0.00548446069469835,0.0168224299065421,139652,126333,131235,13319,8417,0.105427718806646,0.064136853735665
"110","2021","부산","강서구","초등학교",2021-04-01,"여자",1058,1036,1054,18,4,22,0.0173745173745174,0.00379506641366224,0.0212355212355212,139652,126333,131235,13319,8417,0.105427718806646,0.064136853735665
"111","2021","부산","강서구","초등학교",2021-04-01,"남자",1118,1104,1134,30,-16,14,0.0271739130434783,-0.0141093474426808,0.0126811594202899,139652,126333,131235,13319,8417,0.105427718806646,0.064136853735665
"112","2021","부산","연제구","초등학교",2021-04-01,"전체",1550,1665,1662,-3,-112,-115,-0.0018018018018018,-0.0673886883273165,-0.0690690690690691,206979,209712,210086,-2733,-3107,-0.0130321583886473,-0.0147891815732605
"113","2021","부산","연제구","초등학교",2021-04-01,"여자",772,825,826,1,-54,-53,0.00121212121212121,-0.0653753026634383,-0.0642424242424242,206979,209712,210086,-2733,-3107,-0.0130321583886473,-0.0147891815732605
"114","2021","부산","연제구","초등학교",2021-04-01,"남자",778,840,836,-4,-58,-62,-0.00476190476190476,-0.069377990430622,-0.0738095238095238,206979,209712,210086,-2733,-3107,-0.0130321583886473,-0.0147891815732605
"115","2021","부산","수영구","초등학교",2021-04-01,"전체",1015,1117,1153,36,-138,-102,0.0322291853178156,-0.11968777103209,-0.0913160250671441,176276,175744,176984,532,-708,0.00302713037144938,-0.00400036161460923
"116","2021","부산","수영구","초등학교",2021-04-01,"여자",493,561,567,6,-74,-68,0.0106951871657754,-0.130511463844797,-0.121212121212121,176276,175744,176984,532,-708,0.00302713037144938,-0.00400036161460923
"117","2021","부산","수영구","초등학교",2021-04-01,"남자",522,556,586,30,-64,-34,0.0539568345323741,-0.109215017064846,-0.0611510791366906,176276,175744,176984,532,-708,0.00302713037144938,-0.00400036161460923
"118","2021","부산","사상구","초등학교",2021-04-01,"전체",1177,1519,1440,-79,-263,-342,-0.0520078999341672,-0.182638888888889,-0.225148123765635,210943,221994,216507,-11051,-5564,-0.0497806247015685,-0.0256989381405682
"119","2021","부산","사상구","초등학교",2021-04-01,"여자",583,772,729,-43,-146,-189,-0.055699481865285,-0.200274348422497,-0.244818652849741,210943,221994,216507,-11051,-5564,-0.0497806247015685,-0.0256989381405682
"120","2021","부산","사상구","초등학교",2021-04-01,"남자",594,747,711,-36,-117,-153,-0.0481927710843374,-0.164556962025316,-0.204819277108434,210943,221994,216507,-11051,-5564,-0.0497806247015685,-0.0256989381405682
"121","2021","부산","기장군","초등학교",2021-04-01,"전체",2259,2185,2217,32,42,74,0.0146453089244851,0.0189445196211096,0.0338672768878719,176287,165024,168132,11263,8155,0.0682506786891604,0.0485035567292365
"122","2021","부산","기장군","초등학교",2021-04-01,"여자",1096,1038,1064,26,32,58,0.0250481695568401,0.0300751879699248,0.0558766859344894,176287,165024,168132,11263,8155,0.0682506786891604,0.0485035567292365
"123","2021","부산","기장군","초등학교",2021-04-01,"남자",1163,1147,1153,6,10,16,0.00523103748910201,0.00867302688638335,0.013949433304272,176287,165024,168132,11263,8155,0.0682506786891604,0.0485035567292365
"124","2021","대구","중구","초등학교",2021-04-01,"전체",759,608,580,-28,179,151,-0.0460526315789474,0.308620689655172,0.248355263157895,75366,78504,76955,-3138,-1589,-0.039972485478447,-0.020648430901176
"125","2021","대구","중구","초등학교",2021-04-01,"여자",376,316,300,-16,76,60,-0.0506329113924051,0.253333333333333,0.189873417721519,75366,78504,76955,-3138,-1589,-0.039972485478447,-0.020648430901176
"126","2021","대구","중구","초등학교",2021-04-01,"남자",383,292,280,-12,103,91,-0.0410958904109589,0.367857142857143,0.311643835616438,75366,78504,76955,-3138,-1589,-0.039972485478447,-0.020648430901176
"127","2021","대구","동구","초등학교",2021-04-01,"전체",2785,3085,2947,-138,-162,-300,-0.0447325769854133,-0.0549711571089243,-0.0972447325769854,342468,350066,343568,-7598,-1100,-0.0217044785840384,-0.00320169515205141
"128","2021","대구","동구","초등학교",2021-04-01,"여자",1376,1489,1421,-68,-45,-113,-0.0456682337139019,-0.0316678395496129,-0.0758898589657488,342468,350066,343568,-7598,-1100,-0.0217044785840384,-0.00320169515205141
"129","2021","대구","동구","초등학교",2021-04-01,"남자",1409,1596,1526,-70,-117,-187,-0.043859649122807,-0.0766710353866317,-0.117167919799499,342468,350066,343568,-7598,-1100,-0.0217044785840384,-0.00320169515205141
"130","2021","대구","서구","초등학교",2021-04-01,"전체",802,900,844,-56,-42,-98,-0.0622222222222222,-0.0497630331753555,-0.108888888888889,169022,181782,173807,-12760,-4785,-0.0701939685997514,-0.0275305367447801
"131","2021","대구","서구","초등학교",2021-04-01,"여자",386,453,430,-23,-44,-67,-0.0507726269315673,-0.102325581395349,-0.147902869757174,169022,181782,173807,-12760,-4785,-0.0701939685997514,-0.0275305367447801
"132","2021","대구","서구","초등학교",2021-04-01,"남자",416,447,414,-33,2,-31,-0.0738255033557047,0.00483091787439614,-0.0693512304250559,169022,181782,173807,-12760,-4785,-0.0701939685997514,-0.0275305367447801
"133","2021","대구","남구","초등학교",2021-04-01,"전체",655,740,759,19,-104,-85,0.0256756756756757,-0.137022397891963,-0.114864864864865,146188,149314,147905,-3126,-1717,-0.0209357461457064,-0.0116088029478381
"134","2021","대구","남구","초등학교",2021-04-01,"여자",321,361,367,6,-46,-40,0.0166204986149584,-0.125340599455041,-0.110803324099723,146188,149314,147905,-3126,-1717,-0.0209357461457064,-0.0116088029478381
"135","2021","대구","남구","초등학교",2021-04-01,"남자",334,379,392,13,-58,-45,0.0343007915567282,-0.147959183673469,-0.118733509234828,146188,149314,147905,-3126,-1717,-0.0209357461457064,-0.0116088029478381
"136","2021","대구","북구","초등학교",2021-04-01,"전체",3551,3795,3831,36,-280,-244,0.00948616600790514,-0.0730879665883581,-0.0642951251646904,438248,437393,436863,855,1385,0.00195476379365925,0.00317033028661159
"137","2021","대구","북구","초등학교",2021-04-01,"여자",1745,1819,1841,22,-96,-74,0.0120945574491479,-0.0521455730581206,-0.0406816932380429,438248,437393,436863,855,1385,0.00195476379365925,0.00317033028661159
"138","2021","대구","북구","초등학교",2021-04-01,"남자",1806,1976,1990,14,-184,-170,0.00708502024291498,-0.0924623115577889,-0.0860323886639676,438248,437393,436863,855,1385,0.00195476379365925,0.00317033028661159
"139","2021","대구","수성구","초등학교",2021-04-01,"전체",3365,3064,3285,221,80,301,0.0721279373368146,0.0243531202435312,0.0982375979112272,421840,431613,428125,-9773,-6285,-0.0226429695120397,-0.0146802919708029
"140","2021","대구","수성구","초등학교",2021-04-01,"여자",1639,1522,1627,105,12,117,0.068988173455979,0.00737553779963122,0.0768725361366623,421840,431613,428125,-9773,-6285,-0.0226429695120397,-0.0146802919708029
"141","2021","대구","수성구","초등학교",2021-04-01,"남자",1726,1542,1658,116,68,184,0.0752269779507134,0.0410132689987937,0.119325551232166,421840,431613,428125,-9773,-6285,-0.0226429695120397,-0.0146802919708029
"142","2021","대구","달서구","초등학교",2021-04-01,"전체",4632,4772,4772,0,-140,-140,0,-0.0293378038558256,-0.0293378038558256,552975,571682,567375,-18707,-14400,-0.0327227374659339,-0.025380039656312
"143","2021","대구","달서구","초등학교",2021-04-01,"여자",2271,2349,2341,-8,-70,-78,-0.00340570455512984,-0.0299017513882956,-0.033205619412516,552975,571682,567375,-18707,-14400,-0.0327227374659339,-0.025380039656312
"144","2021","대구","달서구","초등학교",2021-04-01,"남자",2361,2423,2431,8,-70,-62,0.00330169211721007,-0.0287947346770876,-0.025588113908378,552975,571682,567375,-18707,-14400,-0.0327227374659339,-0.025380039656312
"145","2021","대구","달성군","초등학교",2021-04-01,"전체",3094,3275,3244,-31,-150,-181,-0.00946564885496183,-0.0462392108508015,-0.0552671755725191,260189,253800,256925,6389,3264,0.0251733648542159,0.0127040965262236
"146","2021","대구","달성군","초등학교",2021-04-01,"여자",1529,1625,1612,-13,-83,-96,-0.008,-0.0514888337468983,-0.0590769230769231,260189,253800,256925,6389,3264,0.0251733648542159,0.0127040965262236
"147","2021","대구","달성군","초등학교",2021-04-01,"남자",1565,1650,1632,-18,-67,-85,-0.0109090909090909,-0.0410539215686275,-0.0515151515151515,260189,253800,256925,6389,3264,0.0251733648542159,0.0127040965262236
"148","2021","인천","중구","초등학교",2021-04-01,"전체",1424,1193,1290,97,134,231,0.0813076278290025,0.103875968992248,0.193629505448449,139548,127766,137994,11782,1554,0.0922154563811969,0.01126135918953
"149","2021","인천","중구","초등학교",2021-04-01,"여자",724,586,625,39,99,138,0.0665529010238908,0.1584,0.235494880546075,139548,127766,137994,11782,1554,0.0922154563811969,0.01126135918953
"150","2021","인천","중구","초등학교",2021-04-01,"남자",700,607,665,58,35,93,0.0955518945634267,0.0526315789473684,0.153212520593081,139548,127766,137994,11782,1554,0.0922154563811969,0.01126135918953
"151","2021","인천","동구","초등학교",2021-04-01,"전체",568,469,472,3,96,99,0.00639658848614072,0.203389830508475,0.211087420042644,61680,65257,63866,-3577,-2186,-0.0548140429379224,-0.0342279146963956
"152","2021","인천","동구","초등학교",2021-04-01,"여자",255,216,217,1,38,39,0.00462962962962963,0.175115207373272,0.180555555555556,61680,65257,63866,-3577,-2186,-0.0548140429379224,-0.0342279146963956
"153","2021","인천","동구","초등학교",2021-04-01,"남자",313,253,255,2,58,60,0.00790513833992095,0.227450980392157,0.237154150197628,61680,65257,63866,-3577,-2186,-0.0548140429379224,-0.0342279146963956
"154","2021","인천","연수구","초등학교",2021-04-01,"전체",4277,3678,4021,343,256,599,0.0932572050027189,0.0636657547873663,0.162860250135943,390807,352172,371396,38635,19411,0.109704916915598,0.0522649678510269
"155","2021","인천","연수구","초등학교",2021-04-01,"여자",2064,1765,1944,179,120,299,0.101416430594901,0.0617283950617284,0.169405099150142,390807,352172,371396,38635,19411,0.109704916915598,0.0522649678510269
"156","2021","인천","연수구","초등학교",2021-04-01,"남자",2213,1913,2077,164,136,300,0.0857292211186618,0.065479056331247,0.156821745948772,390807,352172,371396,38635,19411,0.109704916915598,0.0522649678510269
"157","2021","인천","미추홀구","초등학교",2021-04-01,"전체",2689,3288,3113,-175,-424,-599,-0.0532238442822384,-0.136203019595246,-0.182177615571776,403999,414387,406690,-10388,-2691,-0.025068353978286,-0.00661683346037522
"158","2021","인천","미추홀구","초등학교",2021-04-01,"여자",1330,1624,1551,-73,-221,-294,-0.0449507389162562,-0.142488716956802,-0.181034482758621,403999,414387,406690,-10388,-2691,-0.025068353978286,-0.00661683346037522
"159","2021","인천","미추홀구","초등학교",2021-04-01,"남자",1359,1664,1562,-102,-203,-305,-0.0612980769230769,-0.129961587708067,-0.183293269230769,403999,414387,406690,-10388,-2691,-0.025068353978286,-0.00661683346037522
"160","2021","인천","남동구","초등학교",2021-04-01,"전체",4469,5051,4932,-119,-463,-582,-0.0235596911502673,-0.0938767234387672,-0.115224707978618,522330,536255,531526,-13925,-9196,-0.0259671238496611,-0.0173011292015819
"161","2021","인천","남동구","초등학교",2021-04-01,"여자",2178,2514,2439,-75,-261,-336,-0.0298329355608592,-0.107011070110701,-0.133651551312649,522330,536255,531526,-13925,-9196,-0.0259671238496611,-0.0173011292015819
"162","2021","인천","남동구","초등학교",2021-04-01,"남자",2291,2537,2493,-44,-202,-246,-0.0173433188805676,-0.081026875250702,-0.0969649191959007,522330,536255,531526,-13925,-9196,-0.0259671238496611,-0.0173011292015819
"163","2021","인천","부평구","초등학교",2021-04-01,"전체",3668,4026,3818,-208,-150,-358,-0.0516641828117238,-0.0392875851231011,-0.0889220069547938,490968,520171,505236,-29203,-14268,-0.0561411535821874,-0.0282402679144004
"164","2021","인천","부평구","초등학교",2021-04-01,"여자",1792,1970,1883,-87,-91,-178,-0.0441624365482233,-0.0483271375464684,-0.0903553299492386,490968,520171,505236,-29203,-14268,-0.0561411535821874,-0.0282402679144004
"165","2021","인천","부평구","초등학교",2021-04-01,"남자",1876,2056,1935,-121,-59,-180,-0.058852140077821,-0.0304909560723514,-0.0875486381322957,490968,520171,505236,-29203,-14268,-0.0561411535821874,-0.0282402679144004
"166","2021","인천","계양구","초등학교",2021-04-01,"전체",2101,2208,2128,-80,-27,-107,-0.036231884057971,-0.012687969924812,-0.0484601449275362,296947,308685,300885,-11738,-3938,-0.0380258192008034,-0.0130880568988152
"167","2021","인천","계양구","초등학교",2021-04-01,"여자",1030,1072,1028,-44,2,-42,-0.041044776119403,0.00194552529182879,-0.0391791044776119,296947,308685,300885,-11738,-3938,-0.0380258192008034,-0.0130880568988152
"168","2021","인천","계양구","초등학교",2021-04-01,"남자",1071,1136,1100,-36,-29,-65,-0.0316901408450704,-0.0263636363636364,-0.0572183098591549,296947,308685,300885,-11738,-3938,-0.0380258192008034,-0.0130880568988152
"169","2021","인천","서구","초등학교",2021-04-01,"전체",5154,5720,5675,-45,-521,-566,-0.00786713286713287,-0.0918061674008811,-0.0989510489510489,540532,542157,543994,-1625,-3462,-0.0029972867637972,-0.00636404077986154
"170","2021","인천","서구","초등학교",2021-04-01,"여자",2489,2747,2738,-9,-249,-258,-0.00327630141973062,-0.0909422936449963,-0.0939206406989443,540532,542157,543994,-1625,-3462,-0.0029972867637972,-0.00636404077986154
"171","2021","인천","서구","초등학교",2021-04-01,"남자",2665,2973,2937,-36,-272,-308,-0.012108980827447,-0.0926115083418454,-0.10359905819038,540532,542157,543994,-1625,-3462,-0.0029972867637972,-0.00636404077986154
"172","2021","인천","강화군","초등학교",2021-04-01,"전체",340,329,338,9,2,11,0.027355623100304,0.00591715976331361,0.033434650455927,69089,68992,69030,97,59,0.00140596011131725,0.000854700854700855
"173","2021","인천","강화군","초등학교",2021-04-01,"여자",160,171,174,3,-14,-11,0.0175438596491228,-0.0804597701149425,-0.064327485380117,69089,68992,69030,97,59,0.00140596011131725,0.000854700854700855
"174","2021","인천","강화군","초등학교",2021-04-01,"남자",180,158,164,6,16,22,0.0379746835443038,0.0975609756097561,0.139240506329114,69089,68992,69030,97,59,0.00140596011131725,0.000854700854700855
"175","2021","인천","옹진군","초등학교",2021-04-01,"전체",75,103,92,-11,-17,-28,-0.106796116504854,-0.184782608695652,-0.271844660194175,20314,20858,20355,-544,-41,-0.0260811199539745,-0.00201424711373127
"176","2021","인천","옹진군","초등학교",2021-04-01,"여자",39,62,51,-11,-12,-23,-0.17741935483871,-0.235294117647059,-0.370967741935484,20314,20858,20355,-544,-41,-0.0260811199539745,-0.00201424711373127
"177","2021","인천","옹진군","초등학교",2021-04-01,"남자",36,41,41,0,-5,-5,0,-0.121951219512195,-0.121951219512195,20314,20858,20355,-544,-41,-0.0260811199539745,-0.00201424711373127
"178","2021","광주","동구","초등학교",2021-04-01,"전체",622,705,778,73,-156,-83,0.10354609929078,-0.200514138817481,-0.117730496453901,102939,94653,98622,8286,4317,0.0875408069474819,0.0437731946218896
"179","2021","광주","동구","초등학교",2021-04-01,"여자",289,322,359,37,-70,-33,0.114906832298137,-0.194986072423398,-0.102484472049689,102939,94653,98622,8286,4317,0.0875408069474819,0.0437731946218896
"180","2021","광주","동구","초등학교",2021-04-01,"남자",333,383,419,36,-86,-50,0.0939947780678851,-0.205250596658711,-0.130548302872063,102939,94653,98622,8286,4317,0.0875408069474819,0.0437731946218896
"181","2021","광주","서구","초등학교",2021-04-01,"전체",2359,2396,2399,3,-40,-37,0.00125208681135225,-0.0166736140058358,-0.0154424040066778,294128,302607,300093,-8479,-5965,-0.0280198409157752,-0.0198771714101962
"182","2021","광주","서구","초등학교",2021-04-01,"여자",1144,1183,1177,-6,-33,-39,-0.00507185122569738,-0.0280373831775701,-0.032967032967033,294128,302607,300093,-8479,-5965,-0.0280198409157752,-0.0198771714101962
"183","2021","광주","서구","초등학교",2021-04-01,"남자",1215,1213,1222,9,-7,2,0.00741962077493817,-0.00572831423895254,0.00164880461665293,294128,302607,300093,-8479,-5965,-0.0280198409157752,-0.0198771714101962
"184","2021","광주","남구","초등학교",2021-04-01,"전체",2223,1919,2012,93,211,304,0.0484627410109432,0.104870775347913,0.158415841584158,213698,217679,217543,-3981,-3845,-0.0182883971352312,-0.0176746666176342
"185","2021","광주","남구","초등학교",2021-04-01,"여자",1116,915,960,45,156,201,0.0491803278688525,0.1625,0.219672131147541,213698,217679,217543,-3981,-3845,-0.0182883971352312,-0.0176746666176342
"186","2021","광주","남구","초등학교",2021-04-01,"남자",1107,1004,1052,48,55,103,0.047808764940239,0.0522813688212928,0.102589641434263,213698,217679,217543,-3981,-3845,-0.0182883971352312,-0.0176746666176342
"187","2021","광주","북구","초등학교",2021-04-01,"전체",3694,3739,3684,-55,10,-45,-0.0147098154586788,0.00271444082519001,-0.0120353035571008,429159,437617,433057,-8458,-3898,-0.0193274027288702,-0.0090011245632792
"188","2021","광주","북구","초등학교",2021-04-01,"여자",1805,1839,1797,-42,8,-34,-0.0228384991843393,0.00445186421814135,-0.0184883088635128,429159,437617,433057,-8458,-3898,-0.0193274027288702,-0.0090011245632792
"189","2021","광주","북구","초등학교",2021-04-01,"남자",1889,1900,1887,-13,2,-11,-0.0068421052631579,0.00105988341282459,-0.00578947368421053,429159,437617,433057,-8458,-3898,-0.0193274027288702,-0.0090011245632792
"190","2021","광주","광산구","초등학교",2021-04-01,"전체",5298,4563,4599,36,699,735,0.00788954635108481,0.151989562948467,0.161078238001315,404863,406384,406781,-1521,-1918,-0.00374276546320721,-0.00471506781290178
"191","2021","광주","광산구","초등학교",2021-04-01,"여자",2570,2200,2228,28,342,370,0.0127272727272727,0.153500897666068,0.168181818181818,404863,406384,406781,-1521,-1918,-0.00374276546320721,-0.00471506781290178
"192","2021","광주","광산구","초등학교",2021-04-01,"남자",2728,2363,2371,8,357,365,0.00338552687261955,0.150569380008435,0.154464663563267,404863,406384,406781,-1521,-1918,-0.00374276546320721,-0.00471506781290178
"193","2021","대전","동구","초등학교",2021-04-01,"전체",1660,1783,1717,-66,-57,-123,-0.037016264722378,-0.0331974373907979,-0.0689848569826136,223358,229513,225094,-6155,-1736,-0.0268176530305473,-0.0077123335139986
"194","2021","대전","동구","초등학교",2021-04-01,"여자",787,846,814,-32,-27,-59,-0.0378250591016548,-0.0331695331695332,-0.0697399527186761,223358,229513,225094,-6155,-1736,-0.0268176530305473,-0.0077123335139986
"195","2021","대전","동구","초등학교",2021-04-01,"남자",873,937,903,-34,-30,-64,-0.0362860192102455,-0.0332225913621262,-0.0683030949839915,223358,229513,225094,-6155,-1736,-0.0268176530305473,-0.0077123335139986
"196","2021","대전","중구","초등학교",2021-04-01,"전체",1656,1789,1715,-74,-59,-133,-0.0413638904415875,-0.034402332361516,-0.0743432084963667,233213,243096,239361,-9883,-6148,-0.0406547207687498,-0.0256850531206003
"197","2021","대전","중구","초등학교",2021-04-01,"여자",833,867,831,-36,2,-34,-0.041522491349481,0.00240673886883273,-0.0392156862745098,233213,243096,239361,-9883,-6148,-0.0406547207687498,-0.0256850531206003
"198","2021","대전","중구","초등학교",2021-04-01,"남자",823,922,884,-38,-61,-99,-0.0412147505422994,-0.0690045248868778,-0.107375271149675,233213,243096,239361,-9883,-6148,-0.0406547207687498,-0.0256850531206003
"199","2021","대전","서구","초등학교",2021-04-01,"전체",4042,4260,4309,49,-267,-218,0.0115023474178404,-0.0619633325597586,-0.0511737089201878,475622,482783,481304,-7161,-5682,-0.0148327509460772,-0.0118054285856756
"200","2021","대전","서구","초등학교",2021-04-01,"여자",1948,2082,2087,5,-139,-134,0.00240153698366955,-0.0666027791087686,-0.0643611911623439,475622,482783,481304,-7161,-5682,-0.0148327509460772,-0.0118054285856756
"201","2021","대전","서구","초등학교",2021-04-01,"남자",2094,2178,2222,44,-128,-84,0.0202020202020202,-0.0576057605760576,-0.0385674931129477,475622,482783,481304,-7161,-5682,-0.0148327509460772,-0.0118054285856756
"202","2021","대전","유성구","초등학교",2021-04-01,"전체",3770,4027,3970,-57,-200,-257,-0.0141544574124659,-0.0503778337531486,-0.0638192202632232,350017,349868,350439,149,-422,0.000425874901391382,-0.00120420387000305
"203","2021","대전","유성구","초등학교",2021-04-01,"여자",1819,1928,1921,-7,-102,-109,-0.00363070539419087,-0.0530973451327434,-0.0565352697095436,350017,349868,350439,149,-422,0.000425874901391382,-0.00120420387000305
"204","2021","대전","유성구","초등학교",2021-04-01,"남자",1951,2099,2049,-50,-98,-148,-0.0238208670795617,-0.0478282088823817,-0.0705097665555026,350017,349868,350439,149,-422,0.000425874901391382,-0.00120420387000305
"205","2021","대전","대덕구","초등학교",2021-04-01,"전체",1216,1261,1202,-59,14,-45,-0.0467882632831086,0.0116472545757072,-0.0356859635210151,175409,180249,175452,-4840,-43,-0.0268517439763882,-0.00024508127579053
"206","2021","대전","대덕구","초등학교",2021-04-01,"여자",560,588,552,-36,8,-28,-0.0612244897959184,0.0144927536231884,-0.0476190476190476,175409,180249,175452,-4840,-43,-0.0268517439763882,-0.00024508127579053
"207","2021","대전","대덕구","초등학교",2021-04-01,"남자",656,673,650,-23,6,-17,-0.0341753343239227,0.00923076923076923,-0.025260029717682,175409,180249,175452,-4840,-43,-0.0268517439763882,-0.00024508127579053
"208","2021","울산","중구","초등학교",2021-04-01,"전체",1851,1965,1912,-53,-61,-114,-0.0269720101781171,-0.0319037656903766,-0.0580152671755725,214901,228014,221125,-13113,-6224,-0.0575096266018753,-0.0281469756924816
"209","2021","울산","중구","초등학교",2021-04-01,"여자",914,962,937,-25,-23,-48,-0.025987525987526,-0.0245464247598719,-0.0498960498960499,214901,228014,221125,-13113,-6224,-0.0575096266018753,-0.0281469756924816
"210","2021","울산","중구","초등학교",2021-04-01,"남자",937,1003,975,-28,-38,-66,-0.0279162512462612,-0.038974358974359,-0.06580259222333,214901,228014,221125,-13113,-6224,-0.0575096266018753,-0.0281469756924816
"211","2021","울산","남구","초등학교",2021-04-01,"전체",2587,2725,2708,-17,-121,-138,-0.00623853211009174,-0.0446824224519941,-0.0506422018348624,317672,327868,323230,-10196,-5558,-0.0310978808544902,-0.0171951860904
"212","2021","울산","남구","초등학교",2021-04-01,"여자",1248,1304,1302,-2,-54,-56,-0.00153374233128834,-0.0414746543778802,-0.0429447852760736,317672,327868,323230,-10196,-5558,-0.0310978808544902,-0.0171951860904
"213","2021","울산","남구","초등학교",2021-04-01,"남자",1339,1421,1406,-15,-67,-82,-0.0105559465165376,-0.0476529160739687,-0.0577058409570725,317672,327868,323230,-10196,-5558,-0.0310978808544902,-0.0171951860904
"214","2021","울산","동구","초등학교",2021-04-01,"전체",1762,1862,1793,-69,-31,-100,-0.0370569280343716,-0.0172894590072504,-0.0537056928034372,155511,162298,158323,-6787,-2812,-0.0418181370072336,-0.017761159149334
"215","2021","울산","동구","초등학교",2021-04-01,"여자",863,918,875,-43,-12,-55,-0.0468409586056645,-0.0137142857142857,-0.0599128540305011,155511,162298,158323,-6787,-2812,-0.0418181370072336,-0.017761159149334
"216","2021","울산","동구","초등학교",2021-04-01,"남자",899,944,918,-26,-19,-45,-0.0275423728813559,-0.0206971677559913,-0.0476694915254237,155511,162298,158323,-6787,-2812,-0.0418181370072336,-0.017761159149334
"217","2021","울산","북구","초등학교",2021-04-01,"전체",2747,2792,2867,75,-120,-45,0.0268624641833811,-0.0418555981862574,-0.0161174785100287,218410,211922,218364,6488,46,0.0306150376081766,0.00021065743437563
"218","2021","울산","북구","초등학교",2021-04-01,"여자",1332,1373,1399,26,-67,-41,0.0189366351056082,-0.047891350964975,-0.0298616168973052,218410,211922,218364,6488,46,0.0306150376081766,0.00021065743437563
"219","2021","울산","북구","초등학교",2021-04-01,"남자",1415,1419,1468,49,-53,-4,0.0345313601127555,-0.0361035422343324,-0.00281888653981677,218410,211922,218364,6488,46,0.0306150376081766,0.00021065743437563
"220","2021","울산","울주군","초등학교",2021-04-01,"전체",2010,2012,2011,-1,-1,-2,-0.000497017892644135,-0.000497265042267529,-0.00099403578528827,221669,222191,223056,-522,-1387,-0.00234933008087636,-0.006218169428305
"221","2021","울산","울주군","초등학교",2021-04-01,"여자",967,936,934,-2,33,31,-0.00213675213675214,0.0353319057815846,0.0331196581196581,221669,222191,223056,-522,-1387,-0.00234933008087636,-0.006218169428305
"222","2021","울산","울주군","초등학교",2021-04-01,"남자",1043,1076,1077,1,-34,-33,0.000929368029739777,-0.031569173630455,-0.0306691449814126,221669,222191,223056,-522,-1387,-0.00234933008087636,-0.006218169428305
"223","2021","세종","세종시","초등학교",2021-04-01,"전체",5091,4639,5040,401,51,452,0.0864410433283035,0.0101190476190476,0.0974347919810304,361396,324417,345216,36979,16180,0.113986011830453,0.0468692065257694
"224","2021","세종","세종시","초등학교",2021-04-01,"전체",5091,4639,5040,401,51,452,0.0864410433283035,0.0101190476190476,0.0974347919810304,361396,324417,345216,36979,16180,0.113986011830453,0.0468692065257694
"225","2021","세종","세종시","초등학교",2021-04-01,"전체",5091,4639,5040,401,51,452,0.0864410433283035,0.0101190476190476,0.0974347919810304,361396,324417,345216,36979,16180,0.113986011830453,0.0468692065257694
"226","2021","세종","세종시","초등학교",2021-04-01,"전체",5091,4639,5040,401,51,452,0.0864410433283035,0.0101190476190476,0.0974347919810304,361396,324417,345216,36979,16180,0.113986011830453,0.0468692065257694
"227","2021","세종","세종시","초등학교",2021-04-01,"여자",2445,2252,2428,176,17,193,0.0781527531083481,0.00700164744645799,0.0857015985790408,361396,324417,345216,36979,16180,0.113986011830453,0.0468692065257694
"228","2021","세종","세종시","초등학교",2021-04-01,"여자",2445,2252,2428,176,17,193,0.0781527531083481,0.00700164744645799,0.0857015985790408,361396,324417,345216,36979,16180,0.113986011830453,0.0468692065257694
"229","2021","세종","세종시","초등학교",2021-04-01,"여자",2445,2252,2428,176,17,193,0.0781527531083481,0.00700164744645799,0.0857015985790408,361396,324417,345216,36979,16180,0.113986011830453,0.0468692065257694
"230","2021","세종","세종시","초등학교",2021-04-01,"여자",2445,2252,2428,176,17,193,0.0781527531083481,0.00700164744645799,0.0857015985790408,361396,324417,345216,36979,16180,0.113986011830453,0.0468692065257694
"231","2021","세종","세종시","초등학교",2021-04-01,"남자",2646,2387,2612,225,34,259,0.0942605781315459,0.0130168453292496,0.108504398826979,361396,324417,345216,36979,16180,0.113986011830453,0.0468692065257694
"232","2021","세종","세종시","초등학교",2021-04-01,"남자",2646,2387,2612,225,34,259,0.0942605781315459,0.0130168453292496,0.108504398826979,361396,324417,345216,36979,16180,0.113986011830453,0.0468692065257694
"233","2021","세종","세종시","초등학교",2021-04-01,"남자",2646,2387,2612,225,34,259,0.0942605781315459,0.0130168453292496,0.108504398826979,361396,324417,345216,36979,16180,0.113986011830453,0.0468692065257694
"234","2021","세종","세종시","초등학교",2021-04-01,"남자",2646,2387,2612,225,34,259,0.0942605781315459,0.0130168453292496,0.108504398826979,361396,324417,345216,36979,16180,0.113986011830453,0.0468692065257694
"235","2021","경기","수원시","초등학교",2021-04-01,"전체",10595,11351,11169,-182,-574,-756,-0.0160338296185358,-0.0513922463962754,-0.0666020614923795,1185532,1198461,1192622,-12929,-7090,-0.0107880022795902,-0.00594488446465016
"236","2021","경기","수원시","초등학교",2021-04-01,"여자",5130,5472,5396,-76,-266,-342,-0.0138888888888889,-0.0492957746478873,-0.0625,1185532,1198461,1192622,-12929,-7090,-0.0107880022795902,-0.00594488446465016
"237","2021","경기","수원시","초등학교",2021-04-01,"남자",5465,5879,5773,-106,-308,-414,-0.0180302772580371,-0.0533518101507015,-0.0704201394795033,1185532,1198461,1192622,-12929,-7090,-0.0107880022795902,-0.00594488446465016
"238","2021","경기","성남시","초등학교",2021-04-01,"전체",7207,7673,7688,15,-481,-466,0.00195490681610843,-0.0625650364203954,-0.0607324384204353,932867,949316,941527,-16449,-8660,-0.0173272124350585,-0.00919782438528051
"239","2021","경기","성남시","초등학교",2021-04-01,"여자",3550,3844,3837,-7,-287,-294,-0.0018210197710718,-0.0747980192859004,-0.0764828303850156,932867,949316,941527,-16449,-8660,-0.0173272124350585,-0.00919782438528051
"240","2021","경기","성남시","초등학교",2021-04-01,"남자",3657,3829,3851,22,-194,-172,0.00574562548968399,-0.050376525577772,-0.0449203447375294,932867,949316,941527,-16449,-8660,-0.0173272124350585,-0.00919782438528051
"241","2021","경기","부천시","초등학교",2021-04-01,"전체",6286,6812,6567,-245,-281,-526,-0.0359659424544921,-0.042789706106289,-0.0772166764533177,812158,837937,826845,-25779,-14687,-0.0307648427029717,-0.0177627003851992
"242","2021","경기","부천시","초등학교",2021-04-01,"여자",3078,3312,3206,-106,-128,-234,-0.0320048309178744,-0.0399251403618216,-0.0706521739130435,812158,837937,826845,-25779,-14687,-0.0307648427029717,-0.0177627003851992
"243","2021","경기","부천시","초등학교",2021-04-01,"남자",3208,3500,3361,-139,-153,-292,-0.0397142857142857,-0.0455221660220173,-0.0834285714285714,812158,837937,826845,-25779,-14687,-0.0307648427029717,-0.0177627003851992
"244","2021","경기","안양시","초등학교",2021-04-01,"전체",4228,4469,4342,-127,-114,-241,-0.0284179906019244,-0.0262551819438047,-0.0539270530319982,551189,573296,561069,-22107,-9880,-0.0385612318941699,-0.0176092423570007
"245","2021","경기","안양시","초등학교",2021-04-01,"여자",2061,2232,2160,-72,-99,-171,-0.032258064516129,-0.0458333333333333,-0.0766129032258065,551189,573296,561069,-22107,-9880,-0.0385612318941699,-0.0176092423570007
"246","2021","경기","안양시","초등학교",2021-04-01,"남자",2167,2237,2182,-55,-15,-70,-0.0245864997764864,-0.00687442713107241,-0.0312919088064372,551189,573296,561069,-22107,-9880,-0.0385612318941699,-0.0176092423570007
"247","2021","경기","과천시","초등학교",2021-04-01,"전체",646,434,480,46,166,212,0.105990783410138,0.345833333333333,0.488479262672811,68955,58218,59687,10737,9268,0.18442749665052,0.155276693417327
"248","2021","경기","과천시","초등학교",2021-04-01,"여자",314,213,234,21,80,101,0.0985915492957746,0.341880341880342,0.474178403755869,68955,58218,59687,10737,9268,0.18442749665052,0.155276693417327
"249","2021","경기","과천시","초등학교",2021-04-01,"남자",332,221,246,25,86,111,0.113122171945701,0.349593495934959,0.502262443438914,68955,58218,59687,10737,9268,0.18442749665052,0.155276693417327
"250","2021","경기","안산시","초등학교",2021-04-01,"전체",5081,4993,4897,-96,184,88,-0.0192269176847587,0.0375740249132122,0.0176246745443621,655816,657988,653575,-2172,2241,-0.0033009720542016,0.0034288337222201
"251","2021","경기","안산시","초등학교",2021-04-01,"여자",2507,2522,2460,-62,47,-15,-0.0245836637589215,0.0191056910569106,-0.00594766058683584,655816,657988,653575,-2172,2241,-0.0033009720542016,0.0034288337222201
"252","2021","경기","안산시","초등학교",2021-04-01,"남자",2574,2471,2437,-34,137,103,-0.0137596114933225,0.056216659827657,0.0416835289356536,655816,657988,653575,-2172,2241,-0.0033009720542016,0.0034288337222201
"253","2021","경기","용인시","초등학교",2021-04-01,"전체",11029,11102,11410,308,-381,-73,0.0277427490542245,-0.0333917616126205,-0.00657539182129346,1076773,1042229,1068519,34544,8254,0.0331443473555236,0.0077247105573228
"254","2021","경기","용인시","초등학교",2021-04-01,"여자",5420,5341,5487,146,-67,79,0.0273357049241715,-0.0122106797885912,0.0147912375959558,1076773,1042229,1068519,34544,8254,0.0331443473555236,0.0077247105573228
"255","2021","경기","용인시","초등학교",2021-04-01,"남자",5609,5761,5923,162,-314,-152,0.0281201180350634,-0.0530136755022792,-0.0263843082798125,1076773,1042229,1068519,34544,8254,0.0331443473555236,0.0077247105573228
"256","2021","경기","군포시","초등학교",2021-04-01,"전체",2188,2379,2304,-75,-116,-191,-0.0315258511979823,-0.0503472222222222,-0.080285834384195,271007,275207,275954,-4200,-4947,-0.0152612397213734,-0.0179269008602883
"257","2021","경기","군포시","초등학교",2021-04-01,"여자",1055,1168,1115,-53,-60,-113,-0.0453767123287671,-0.0538116591928251,-0.0967465753424658,271007,275207,275954,-4200,-4947,-0.0152612397213734,-0.0179269008602883
"258","2021","경기","군포시","초등학교",2021-04-01,"남자",1133,1211,1189,-22,-56,-78,-0.0181668042939719,-0.0470984020185029,-0.0644095788604459,271007,275207,275954,-4200,-4947,-0.0152612397213734,-0.0179269008602883
"259","2021","경기","의왕시","초등학교",2021-04-01,"전체",1245,1387,1501,114,-256,-142,0.0821917808219178,-0.170552964690207,-0.102379235760634,162227,157090,164701,5137,-2474,0.03270099942708,-0.0150211595558011
"260","2021","경기","의왕시","초등학교",2021-04-01,"여자",585,667,714,47,-129,-82,0.0704647676161919,-0.180672268907563,-0.122938530734633,162227,157090,164701,5137,-2474,0.03270099942708,-0.0150211595558011
"261","2021","경기","의왕시","초등학교",2021-04-01,"남자",660,720,787,67,-127,-60,0.0930555555555556,-0.161372299872935,-0.0833333333333333,162227,157090,164701,5137,-2474,0.03270099942708,-0.0150211595558011
"262","2021","경기","시흥시","초등학교",2021-04-01,"전체",5492,4901,5166,265,326,591,0.0540705978371761,0.0631049167634534,0.120587635176495,510098,459601,478464,50497,31634,0.109871388443454,0.0661157370251471
"263","2021","경기","시흥시","초등학교",2021-04-01,"여자",2693,2363,2500,137,193,330,0.0579771476936098,0.0772,0.139652983495556,510098,459601,478464,50497,31634,0.109871388443454,0.0661157370251471
"264","2021","경기","시흥시","초등학교",2021-04-01,"남자",2799,2538,2666,128,133,261,0.0504334121355398,0.049887471867967,0.102836879432624,510098,459601,478464,50497,31634,0.109871388443454,0.0661157370251471
"265","2021","경기","평택시","초등학교",2021-04-01,"전체",5350,4974,5189,215,161,376,0.0432247687977483,0.0310271728656774,0.0755930840369924,546154,500787,520649,45367,25505,0.0905914091220419,0.0489869374569047
"266","2021","경기","평택시","초등학교",2021-04-01,"여자",2608,2443,2527,84,81,165,0.0343839541547278,0.0320538187574199,0.0675399099467867,546154,500787,520649,45367,25505,0.0905914091220419,0.0489869374569047
"267","2021","경기","평택시","초등학교",2021-04-01,"남자",2742,2531,2662,131,80,211,0.0517581983405768,0.0300525920360631,0.083366258395891,546154,500787,520649,45367,25505,0.0905914091220419,0.0489869374569047
"268","2021","경기","화성시","초등학교",2021-04-01,"전체",11358,11009,11573,564,-215,349,0.0512308111545099,-0.0185777240127884,0.0317013352711418,864687,781507,831888,83180,32799,0.106435387015088,0.0394271825053373
"269","2021","경기","화성시","초등학교",2021-04-01,"여자",5664,5373,5686,313,-22,291,0.0582542341336311,-0.00386915230390433,0.0541596873255165,864687,781507,831888,83180,32799,0.106435387015088,0.0394271825053373
"270","2021","경기","화성시","초등학교",2021-04-01,"남자",5694,5636,5887,251,-193,58,0.0445351312987935,-0.0327841005605572,0.010290986515259,864687,781507,831888,83180,32799,0.106435387015088,0.0394271825053373
"271","2021","경기","오산시","초등학교",2021-04-01,"전체",2682,2682,2725,43,-43,0,0.0160328113348248,-0.0157798165137615,0,230769,220081,227550,10688,3219,0.0485639378228925,0.0141463414634146
"272","2021","경기","오산시","초등학교",2021-04-01,"여자",1346,1317,1350,33,-4,29,0.0250569476082005,-0.00296296296296296,0.0220197418375095,230769,220081,227550,10688,3219,0.0485639378228925,0.0141463414634146
"273","2021","경기","오산시","초등학교",2021-04-01,"남자",1336,1365,1375,10,-39,-29,0.00732600732600733,-0.0283636363636364,-0.0212454212454212,230769,220081,227550,10688,3219,0.0485639378228925,0.0141463414634146
"274","2021","경기","광명시","초등학교",2021-04-01,"전체",2529,2787,2748,-39,-219,-258,-0.0139935414424112,-0.0796943231441048,-0.0925726587728741,295690,323527,315745,-27837,-20055,-0.086042277769707,-0.0635164452327036
"275","2021","경기","광명시","초등학교",2021-04-01,"여자",1241,1362,1344,-18,-103,-121,-0.013215859030837,-0.0766369047619048,-0.0888399412628487,295690,323527,315745,-27837,-20055,-0.086042277769707,-0.0635164452327036
"276","2021","경기","광명시","초등학교",2021-04-01,"남자",1288,1425,1404,-21,-116,-137,-0.0147368421052632,-0.0826210826210826,-0.096140350877193,295690,323527,315745,-27837,-20055,-0.086042277769707,-0.0635164452327036
"277","2021","경기","광주시","초등학교",2021-04-01,"전체",3745,3963,3945,-18,-200,-218,-0.00454201362604088,-0.0506970849176172,-0.0550088316931617,383794,366092,375561,17702,8233,0.0483539656698316,0.0219218715468326
"278","2021","경기","광주시","초등학교",2021-04-01,"여자",1819,1903,1892,-11,-73,-84,-0.00578034682080925,-0.0385835095137421,-0.0441408302679979,383794,366092,375561,17702,8233,0.0483539656698316,0.0219218715468326
"279","2021","경기","광주시","초등학교",2021-04-01,"남자",1926,2060,2053,-7,-127,-134,-0.00339805825242718,-0.0618606916707258,-0.0650485436893204,383794,366092,375561,17702,8233,0.0483539656698316,0.0219218715468326
"280","2021","경기","하남시","초등학교",2021-04-01,"전체",3362,3193,3394,201,-32,169,0.0629502035703101,-0.009428403064231,0.0529282806138428,301801,262261,279621,39540,22180,0.150765840136353,0.0793216532377754
"281","2021","경기","하남시","초등학교",2021-04-01,"여자",1644,1607,1705,98,-61,37,0.0609831985065339,-0.0357771260997067,0.0230242688238955,301801,262261,279621,39540,22180,0.150765840136353,0.0793216532377754
"282","2021","경기","하남시","초등학교",2021-04-01,"남자",1718,1586,1689,103,29,132,0.0649432534678436,0.0171699230313795,0.0832282471626734,301801,262261,279621,39540,22180,0.150765840136353,0.0793216532377754
"283","2021","경기","김포시","초등학교",2021-04-01,"전체",6219,5716,5883,167,336,503,0.0292162351294612,0.057113717491076,0.087998600419874,481719,429752,445425,51967,36294,0.120923230142035,0.0814817309311332
"284","2021","경기","김포시","초등학교",2021-04-01,"여자",3100,2763,2850,87,250,337,0.0314875135722041,0.087719298245614,0.121968874411871,481719,429752,445425,51967,36294,0.120923230142035,0.0814817309311332
"285","2021","경기","김포시","초등학교",2021-04-01,"남자",3119,2953,3033,80,86,166,0.0270910938029123,0.0283547642598088,0.056214019641043,481719,429752,445425,51967,36294,0.120923230142035,0.0814817309311332
"286","2021","경기","이천시","초등학교",2021-04-01,"전체",2032,2226,2181,-45,-149,-194,-0.0202156334231806,-0.068317285648785,-0.087151841868823,219224,214814,216844,4410,2380,0.0205293882149208,0.010975632251757
"287","2021","경기","이천시","초등학교",2021-04-01,"여자",943,1065,1051,-14,-108,-122,-0.0131455399061033,-0.102759276879163,-0.114553990610329,219224,214814,216844,4410,2380,0.0205293882149208,0.010975632251757
"288","2021","경기","이천시","초등학교",2021-04-01,"남자",1089,1161,1130,-31,-41,-72,-0.0267011197243755,-0.036283185840708,-0.062015503875969,219224,214814,216844,4410,2380,0.0205293882149208,0.010975632251757
"289","2021","경기","안성시","초등학교",2021-04-01,"전체",1552,1572,1560,-12,-8,-20,-0.00763358778625954,-0.00512820512820513,-0.0127226463104326,188038,183665,184211,4373,3827,0.0238096534451311,0.0207750894354843
"290","2021","경기","안성시","초등학교",2021-04-01,"여자",775,757,747,-10,28,18,-0.0132100396301189,0.0374832663989291,0.023778071334214,188038,183665,184211,4373,3827,0.0238096534451311,0.0207750894354843
"291","2021","경기","안성시","초등학교",2021-04-01,"남자",777,815,813,-2,-36,-38,-0.00245398773006135,-0.044280442804428,-0.0466257668711656,188038,183665,184211,4373,3827,0.0238096534451311,0.0207750894354843
"292","2021","경기","여주시","초등학교",2021-04-01,"전체",763,801,807,6,-44,-38,0.00749063670411985,-0.0545229244114002,-0.0474406991260924,111913,111143,111198,770,715,0.00692801166065339,0.00642997176208205
"293","2021","경기","여주시","초등학교",2021-04-01,"여자",368,367,368,1,0,1,0.00272479564032698,0,0.00272479564032698,111913,111143,111198,770,715,0.00692801166065339,0.00642997176208205
"294","2021","경기","여주시","초등학교",2021-04-01,"남자",395,434,439,5,-44,-39,0.0115207373271889,-0.100227790432802,-0.0898617511520737,111913,111143,111198,770,715,0.00692801166065339,0.00642997176208205
"295","2021","경기","양평군","초등학교",2021-04-01,"전체",791,781,797,16,-6,10,0.0204865556978233,-0.00752823086574655,0.0128040973111396,119505,116084,117301,3421,2204,0.0294700389373212,0.018789268633686
"296","2021","경기","양평군","초등학교",2021-04-01,"여자",369,378,384,6,-15,-9,0.0158730158730159,-0.0390625,-0.0238095238095238,119505,116084,117301,3421,2204,0.0294700389373212,0.018789268633686
"297","2021","경기","양평군","초등학교",2021-04-01,"남자",422,403,413,10,9,19,0.0248138957816377,0.0217917675544794,0.0471464019851117,119505,116084,117301,3421,2204,0.0294700389373212,0.018789268633686
"298","2021","경기","고양시","초등학교",2021-04-01,"전체",8557,8709,9111,402,-554,-152,0.0461591457113331,-0.0608056195807266,-0.0174532093236881,1080736,1045533,1074853,35203,5883,0.033669908075594,0.00547330658238848
"299","2021","경기","고양시","초등학교",2021-04-01,"여자",4164,4240,4431,191,-267,-76,0.0450471698113208,-0.0602572782667569,-0.0179245283018868,1080736,1045533,1074853,35203,5883,0.033669908075594,0.00547330658238848
"300","2021","경기","고양시","초등학교",2021-04-01,"남자",4393,4469,4680,211,-287,-76,0.0472141418661893,-0.0613247863247863,-0.0170060416200492,1080736,1045533,1074853,35203,5883,0.033669908075594,0.00547330658238848
"301","2021","경기","남양주시","초등학교",2021-04-01,"전체",7065,7010,7297,287,-232,55,0.0409415121255349,-0.0317938878991366,0.00784593437945792,721767,687575,706069,34192,15698,0.0497283932661891,0.0222329545695959
"302","2021","경기","남양주시","초등학교",2021-04-01,"여자",3455,3358,3515,157,-60,97,0.0467540202501489,-0.0170697012802276,0.0288862418106015,721767,687575,706069,34192,15698,0.0497283932661891,0.0222329545695959
"303","2021","경기","남양주시","초등학교",2021-04-01,"남자",3610,3652,3782,130,-172,-42,0.0355969331872946,-0.0454785827604442,-0.011500547645126,721767,687575,706069,34192,15698,0.0497283932661891,0.0222329545695959
"304","2021","경기","구리시","초등학교",2021-04-01,"전체",1553,1858,1797,-61,-244,-305,-0.0328310010764263,-0.135781858653311,-0.164155005382131,195324,201952,199018,-6628,-3694,-0.0328196799239423,-0.0185611351737029
"305","2021","경기","구리시","초등학교",2021-04-01,"여자",740,917,876,-41,-136,-177,-0.044711014176663,-0.155251141552511,-0.193020719738277,195324,201952,199018,-6628,-3694,-0.0328196799239423,-0.0185611351737029
"306","2021","경기","구리시","초등학교",2021-04-01,"남자",813,941,921,-20,-108,-128,-0.0212539851222104,-0.117263843648208,-0.136025504782147,195324,201952,199018,-6628,-3694,-0.0328196799239423,-0.0185611351737029
"307","2021","경기","의정부시","초등학교",2021-04-01,"전체",3573,3746,3757,11,-184,-173,0.00293646556326749,-0.0489752462070801,-0.0461825947677523,461077,450332,454222,10745,6855,0.0238601742714264,0.0150917392816728
"308","2021","경기","의정부시","초등학교",2021-04-01,"여자",1748,1842,1849,7,-101,-94,0.00380021715526602,-0.0546241211465657,-0.0510314875135722,461077,450332,454222,10745,6855,0.0238601742714264,0.0150917392816728
"309","2021","경기","의정부시","초등학교",2021-04-01,"남자",1825,1904,1908,4,-83,-79,0.00210084033613445,-0.0435010482180294,-0.0414915966386555,461077,450332,454222,10745,6855,0.0238601742714264,0.0150917392816728
"310","2021","경기","파주시","초등학교",2021-04-01,"전체",4941,5030,4998,-32,-57,-89,-0.00636182902584493,-0.0114045618247299,-0.0176938369781312,470096,453366,455262,16730,14834,0.0369017526678225,0.0325834354723214
"311","2021","경기","파주시","초등학교",2021-04-01,"여자",2427,2479,2477,-2,-50,-52,-0.000806776926179911,-0.020185708518369,-0.0209762000806777,470096,453366,455262,16730,14834,0.0369017526678225,0.0325834354723214
"312","2021","경기","파주시","초등학교",2021-04-01,"남자",2514,2551,2521,-30,-7,-37,-0.0117600940807526,-0.00277667592225307,-0.0145041160329283,470096,453366,455262,16730,14834,0.0369017526678225,0.0325834354723214
"313","2021","경기","동두천시","초등학교",2021-04-01,"전체",726,746,719,-27,7,-20,-0.0361930294906166,0.00973574408901252,-0.0268096514745308,93289,95375,94191,-2086,-902,-0.0218715596330275,-0.00957628648172331
"314","2021","경기","동두천시","초등학교",2021-04-01,"여자",327,340,329,-11,-2,-13,-0.0323529411764706,-0.0060790273556231,-0.0382352941176471,93289,95375,94191,-2086,-902,-0.0218715596330275,-0.00957628648172331
"315","2021","경기","동두천시","초등학교",2021-04-01,"남자",399,406,390,-16,9,-7,-0.0394088669950739,0.0230769230769231,-0.0172413793103448,93289,95375,94191,-2086,-902,-0.0218715596330275,-0.00957628648172331
"316","2021","경기","양주시","초등학교",2021-04-01,"전체",2219,1990,2062,72,157,229,0.0361809045226131,0.0761396702230844,0.115075376884422,234990,219789,224524,15201,10466,0.0691617869866099,0.046614170422761
"317","2021","경기","양주시","초등학교",2021-04-01,"여자",1065,973,1006,33,59,92,0.0339157245632066,0.058648111332008,0.0945529290853032,234990,219789,224524,15201,10466,0.0691617869866099,0.046614170422761
"318","2021","경기","양주시","초등학교",2021-04-01,"남자",1154,1017,1056,39,98,137,0.0383480825958702,0.0928030303030303,0.134709931170108,234990,219789,224524,15201,10466,0.0691617869866099,0.046614170422761
"319","2021","경기","포천시","초등학교",2021-04-01,"전체",878,1007,976,-31,-98,-129,-0.0307845084409136,-0.100409836065574,-0.128103277060576,147317,149603,148144,-2286,-827,-0.0152804422371209,-0.00558240630737661
"320","2021","경기","포천시","초등학교",2021-04-01,"여자",450,506,494,-12,-44,-56,-0.0237154150197628,-0.0890688259109312,-0.110671936758893,147317,149603,148144,-2286,-827,-0.0152804422371209,-0.00558240630737661
"321","2021","경기","포천시","초등학교",2021-04-01,"남자",428,501,482,-19,-54,-73,-0.0379241516966068,-0.112033195020747,-0.145708582834331,147317,149603,148144,-2286,-827,-0.0152804422371209,-0.00558240630737661
"322","2021","경기","가평군","초등학교",2021-04-01,"전체",330,361,343,-18,-13,-31,-0.0498614958448753,-0.0379008746355685,-0.0858725761772853,62206,62740,62397,-534,-191,-0.00851131654446924,-0.00306104460150328
"323","2021","경기","가평군","초등학교",2021-04-01,"여자",150,170,167,-3,-17,-20,-0.0176470588235294,-0.101796407185629,-0.117647058823529,62206,62740,62397,-534,-191,-0.00851131654446924,-0.00306104460150328
"324","2021","경기","가평군","초등학교",2021-04-01,"남자",180,191,176,-15,4,-11,-0.0785340314136126,0.0227272727272727,-0.0575916230366492,62206,62740,62397,-534,-191,-0.00851131654446924,-0.00306104460150328
"325","2021","경기","연천군","초등학교",2021-04-01,"전체",261,303,294,-9,-33,-42,-0.0297029702970297,-0.112244897959184,-0.138613861386139,43080,44187,43618,-1107,-538,-0.025052617285627,-0.0123343573753955
"326","2021","경기","연천군","초등학교",2021-04-01,"여자",132,159,142,-17,-10,-27,-0.106918238993711,-0.0704225352112676,-0.169811320754717,43080,44187,43618,-1107,-538,-0.025052617285627,-0.0123343573753955
"327","2021","경기","연천군","초등학교",2021-04-01,"남자",129,144,152,8,-23,-15,0.0555555555555556,-0.151315789473684,-0.104166666666667,43080,44187,43618,-1107,-538,-0.025052617285627,-0.0123343573753955
"328","2021","강원","춘천시","초등학교",2021-04-01,"전체",2327,2268,2335,67,-8,59,0.0295414462081129,-0.00342612419700214,0.0260141093474427,282326,280098,281492,2228,834,0.00795435883155181,0.00296278402228127
"329","2021","강원","춘천시","초등학교",2021-04-01,"여자",1122,1123,1148,25,-26,-1,0.0222617987533393,-0.0226480836236934,-0.000890471950133571,282326,280098,281492,2228,834,0.00795435883155181,0.00296278402228127
"330","2021","강원","춘천시","초등학교",2021-04-01,"남자",1205,1145,1187,42,18,60,0.0366812227074236,0.0151642796967144,0.0524017467248908,282326,280098,281492,2228,834,0.00795435883155181,0.00296278402228127
"331","2021","강원","원주시","초등학교",2021-04-01,"전체",2931,2905,2981,76,-50,26,0.0261617900172117,-0.0167728950016773,0.00895008605851979,354536,345712,351421,8824,3115,0.0255241356967649,0.00886401211083003
"332","2021","강원","원주시","초등학교",2021-04-01,"여자",1446,1433,1462,29,-16,13,0.0202372644801117,-0.0109439124487004,0.00907187718073971,354536,345712,351421,8824,3115,0.0255241356967649,0.00886401211083003
"333","2021","강원","원주시","초등학교",2021-04-01,"남자",1485,1472,1519,47,-34,13,0.031929347826087,-0.0223831468071099,0.00883152173913043,354536,345712,351421,8824,3115,0.0255241356967649,0.00886401211083003
"334","2021","강원","강릉시","초등학교",2021-04-01,"전체",1401,1410,1438,28,-37,-9,0.0198581560283688,-0.0257301808066759,-0.00638297872340425,212890,213106,213037,-216,-147,-0.00101358009629011,-0.000690020982270685
"335","2021","강원","강릉시","초등학교",2021-04-01,"여자",688,722,737,15,-49,-34,0.0207756232686981,-0.0664857530529172,-0.0470914127423823,212890,213106,213037,-216,-147,-0.00101358009629011,-0.000690020982270685
"336","2021","강원","강릉시","초등학교",2021-04-01,"남자",713,688,701,13,12,25,0.0188953488372093,0.0171184022824536,0.0363372093023256,212890,213106,213037,-216,-147,-0.00101358009629011,-0.000690020982270685
"337","2021","강원","동해시","초등학교",2021-04-01,"전체",745,695,703,8,42,50,0.0115107913669065,0.0597439544807966,0.0719424460431655,89868,90808,90233,-940,-365,-0.0103515108800987,-0.00404508328438598
"338","2021","강원","동해시","초등학교",2021-04-01,"여자",362,313,319,6,43,49,0.0191693290734824,0.134796238244514,0.156549520766773,89868,90808,90233,-940,-365,-0.0103515108800987,-0.00404508328438598
"339","2021","강원","동해시","초등학교",2021-04-01,"남자",383,382,384,2,-1,1,0.00523560209424084,-0.00260416666666667,0.00261780104712042,89868,90808,90233,-940,-365,-0.0103515108800987,-0.00404508328438598
"340","2021","강원","태백시","초등학교",2021-04-01,"전체",289,296,295,-1,-6,-7,-0.00337837837837838,-0.0203389830508475,-0.0236486486486486,42183,44415,43251,-2232,-1068,-0.0502532928064843,-0.0246930706804467
"341","2021","강원","태백시","초등학교",2021-04-01,"여자",136,152,149,-3,-13,-16,-0.0197368421052632,-0.087248322147651,-0.105263157894737,42183,44415,43251,-2232,-1068,-0.0502532928064843,-0.0246930706804467
"342","2021","강원","태백시","초등학교",2021-04-01,"남자",153,144,146,2,7,9,0.0138888888888889,0.0479452054794521,0.0625,42183,44415,43251,-2232,-1068,-0.0502532928064843,-0.0246930706804467
"343","2021","강원","속초시","초등학교",2021-04-01,"전체",624,674,696,22,-72,-50,0.0326409495548961,-0.103448275862069,-0.0741839762611276,82302,81497,81713,805,589,0.00987766420849847,0.00720815537307405
"344","2021","강원","속초시","초등학교",2021-04-01,"여자",303,333,335,2,-32,-30,0.00600600600600601,-0.0955223880597015,-0.0900900900900901,82302,81497,81713,805,589,0.00987766420849847,0.00720815537307405
"345","2021","강원","속초시","초등학교",2021-04-01,"남자",321,341,361,20,-40,-20,0.0586510263929619,-0.110803324099723,-0.0586510263929619,82302,81497,81713,805,589,0.00987766420849847,0.00720815537307405
"346","2021","강원","삼척시","초등학교",2021-04-01,"전체",380,423,409,-14,-29,-43,-0.033096926713948,-0.0709046454767726,-0.101654846335697,64355,68053,65887,-3698,-1532,-0.0543399997061114,-0.0232519313369861
"347","2021","강원","삼척시","초등학교",2021-04-01,"여자",181,211,200,-11,-19,-30,-0.0521327014218009,-0.095,-0.14218009478673,64355,68053,65887,-3698,-1532,-0.0543399997061114,-0.0232519313369861
"348","2021","강원","삼척시","초등학교",2021-04-01,"남자",199,212,209,-3,-10,-13,-0.0141509433962264,-0.0478468899521531,-0.0613207547169811,64355,68053,65887,-3698,-1532,-0.0543399997061114,-0.0232519313369861
"349","2021","강원","홍천군","초등학교",2021-04-01,"전체",337,392,374,-18,-37,-55,-0.0459183673469388,-0.0989304812834225,-0.14030612244898,68681,69646,68688,-965,-7,-0.0138557849697039,-0.000101910086186816
"350","2021","강원","홍천군","초등학교",2021-04-01,"여자",178,189,177,-12,1,-11,-0.0634920634920635,0.00564971751412429,-0.0582010582010582,68681,69646,68688,-965,-7,-0.0138557849697039,-0.000101910086186816
"351","2021","강원","홍천군","초등학교",2021-04-01,"남자",159,203,197,-6,-38,-44,-0.0295566502463054,-0.192893401015228,-0.216748768472906,68681,69646,68688,-965,-7,-0.0138557849697039,-0.000101910086186816
"352","2021","강원","횡성군","초등학교",2021-04-01,"전체",225,251,243,-8,-18,-26,-0.0318725099601594,-0.0740740740740741,-0.103585657370518,46510,46767,46232,-257,278,-0.00549532790215323,0.00601315106419796
"353","2021","강원","횡성군","초등학교",2021-04-01,"여자",113,136,130,-6,-17,-23,-0.0441176470588235,-0.130769230769231,-0.169117647058824,46510,46767,46232,-257,278,-0.00549532790215323,0.00601315106419796
"354","2021","강원","횡성군","초등학교",2021-04-01,"남자",112,115,113,-2,-1,-3,-0.0173913043478261,-0.00884955752212389,-0.0260869565217391,46510,46767,46232,-257,278,-0.00549532790215323,0.00601315106419796
"355","2021","강원","영월군","초등학교",2021-04-01,"전체",180,197,189,-8,-9,-17,-0.0406091370558376,-0.0476190476190476,-0.0862944162436548,38417,39440,38762,-1023,-345,-0.0259381338742393,-0.00890046953201589
"356","2021","강원","영월군","초등학교",2021-04-01,"여자",76,91,88,-3,-12,-15,-0.032967032967033,-0.136363636363636,-0.164835164835165,38417,39440,38762,-1023,-345,-0.0259381338742393,-0.00890046953201589
"357","2021","강원","영월군","초등학교",2021-04-01,"남자",104,106,101,-5,3,-2,-0.0471698113207547,0.0297029702970297,-0.0188679245283019,38417,39440,38762,-1023,-345,-0.0259381338742393,-0.00890046953201589
"358","2021","강원","평창군","초등학교",2021-04-01,"전체",178,203,204,1,-26,-25,0.00492610837438424,-0.127450980392157,-0.123152709359606,41188,42435,41758,-1247,-570,-0.029386119948156,-0.0136500790267733
"359","2021","강원","평창군","초등학교",2021-04-01,"여자",101,116,117,1,-16,-15,0.00862068965517241,-0.136752136752137,-0.129310344827586,41188,42435,41758,-1247,-570,-0.029386119948156,-0.0136500790267733
"360","2021","강원","평창군","초등학교",2021-04-01,"남자",77,87,87,0,-10,-10,0,-0.114942528735632,-0.114942528735632,41188,42435,41758,-1247,-570,-0.029386119948156,-0.0136500790267733
"361","2021","강원","정선군","초등학교",2021-04-01,"전체",214,190,189,-1,25,24,-0.00526315789473684,0.132275132275132,0.126315789473684,35990,37438,37036,-1448,-1046,-0.0386772797692184,-0.0282427907981423
"362","2021","강원","정선군","초등학교",2021-04-01,"여자",104,91,93,2,11,13,0.021978021978022,0.118279569892473,0.142857142857143,35990,37438,37036,-1448,-1046,-0.0386772797692184,-0.0282427907981423
"363","2021","강원","정선군","초등학교",2021-04-01,"남자",110,99,96,-3,14,11,-0.0303030303030303,0.145833333333333,0.111111111111111,35990,37438,37036,-1448,-1046,-0.0386772797692184,-0.0282427907981423
"364","2021","강원","철원군","초등학교",2021-04-01,"전체",351,360,354,-6,-3,-9,-0.0166666666666667,-0.00847457627118644,-0.025,44169,45840,45093,-1671,-924,-0.0364528795811518,-0.0204909852970528
"365","2021","강원","철원군","초등학교",2021-04-01,"여자",168,172,172,0,-4,-4,0,-0.0232558139534884,-0.0232558139534884,44169,45840,45093,-1671,-924,-0.0364528795811518,-0.0204909852970528
"366","2021","강원","철원군","초등학교",2021-04-01,"남자",183,188,182,-6,1,-5,-0.0319148936170213,0.00549450549450549,-0.0265957446808511,44169,45840,45093,-1671,-924,-0.0364528795811518,-0.0204909852970528
"367","2021","강원","화천군","초등학교",2021-04-01,"전체",175,213,211,-2,-36,-38,-0.00938967136150235,-0.170616113744076,-0.178403755868545,24446,24979,24627,-533,-181,-0.0213379238560391,-0.00734965688065944
"368","2021","강원","화천군","초등학교",2021-04-01,"여자",73,100,100,0,-27,-27,0,-0.27,-0.27,24446,24979,24627,-533,-181,-0.0213379238560391,-0.00734965688065944
"369","2021","강원","화천군","초등학교",2021-04-01,"남자",102,113,111,-2,-9,-11,-0.0176991150442478,-0.0810810810810811,-0.0973451327433628,24446,24979,24627,-533,-181,-0.0213379238560391,-0.00734965688065944
"370","2021","강원","양구군","초등학교",2021-04-01,"전체",155,192,180,-12,-25,-37,-0.0625,-0.138888888888889,-0.192708333333333,22114,23279,22375,-1165,-261,-0.0500451050302848,-0.0116648044692737
"371","2021","강원","양구군","초등학교",2021-04-01,"여자",69,102,97,-5,-28,-33,-0.0490196078431373,-0.288659793814433,-0.323529411764706,22114,23279,22375,-1165,-261,-0.0500451050302848,-0.0116648044692737
"372","2021","강원","양구군","초등학교",2021-04-01,"남자",86,90,83,-7,3,-4,-0.0777777777777778,0.036144578313253,-0.0444444444444444,22114,23279,22375,-1165,-261,-0.0500451050302848,-0.0116648044692737
"373","2021","강원","인제군","초등학교",2021-04-01,"전체",221,254,244,-10,-23,-33,-0.0393700787401575,-0.0942622950819672,-0.12992125984252,31508,31902,31506,-394,2,-0.0123503228637703,6.34799720688123e-05
"374","2021","강원","인제군","초등학교",2021-04-01,"여자",110,119,116,-3,-6,-9,-0.0252100840336134,-0.0517241379310345,-0.0756302521008403,31508,31902,31506,-394,2,-0.0123503228637703,6.34799720688123e-05
"375","2021","강원","인제군","초등학교",2021-04-01,"남자",111,135,128,-7,-17,-24,-0.0518518518518519,-0.1328125,-0.177777777777778,31508,31902,31506,-394,2,-0.0123503228637703,6.34799720688123e-05
"376","2021","강원","고성군","초등학교",2021-04-01,"전체",164,136,122,-14,42,28,-0.102941176470588,0.344262295081967,0.205882352941176,26760,27860,26959,-1100,-199,-0.0394831299353912,-0.007381579435439
"377","2021","강원","고성군","초등학교",2021-04-01,"여자",80,67,61,-6,19,13,-0.0895522388059701,0.311475409836066,0.194029850746269,26760,27860,26959,-1100,-199,-0.0394831299353912,-0.007381579435439
"378","2021","강원","고성군","초등학교",2021-04-01,"남자",84,69,61,-8,23,15,-0.115942028985507,0.377049180327869,0.217391304347826,26760,27860,26959,-1100,-199,-0.0394831299353912,-0.007381579435439
"379","2021","강원","양양군","초등학교",2021-04-01,"전체",142,153,163,10,-21,-11,0.065359477124183,-0.128834355828221,-0.0718954248366013,27932,27519,27710,413,222,0.0150078127838948,0.00801154817755323
"380","2021","강원","양양군","초등학교",2021-04-01,"여자",74,71,81,10,-7,3,0.140845070422535,-0.0864197530864197,0.0422535211267606,27932,27519,27710,413,222,0.0150078127838948,0.00801154817755323
"381","2021","강원","양양군","초등학교",2021-04-01,"남자",68,82,82,0,-14,-14,0,-0.170731707317073,-0.170731707317073,27932,27519,27710,413,222,0.0150078127838948,0.00801154817755323
"382","2021","충북","청주시","초등학교",2021-04-01,"전체",7946,8030,8031,1,-85,-84,0.00012453300124533,-0.0105839870501806,-0.0104607721046077,845534,838887,840938,6647,4596,0.00792359400014543,0.00546532562448123
"383","2021","충북","청주시","초등학교",2021-04-01,"여자",3923,4019,4034,15,-111,-96,0.00373227170938044,-0.0275161130391671,-0.0238865389400348,845534,838887,840938,6647,4596,0.00792359400014543,0.00546532562448123
"384","2021","충북","청주시","초등학교",2021-04-01,"남자",4023,4011,3997,-14,26,12,-0.00349040139616056,0.00650487865899425,0.00299177262528048,845534,838887,840938,6647,4596,0.00792359400014543,0.00546532562448123
"385","2021","충북","충주시","초등학교",2021-04-01,"전체",1530,1537,1543,6,-13,-7,0.00390370852309694,-0.0084251458198315,-0.00455432661027977,209434,210463,210188,-1029,-754,-0.00488922043304524,-0.00358726473442823
"386","2021","충북","충주시","초등학교",2021-04-01,"여자",771,777,785,8,-14,-6,0.0102960102960103,-0.0178343949044586,-0.00772200772200772,209434,210463,210188,-1029,-754,-0.00488922043304524,-0.00358726473442823
"387","2021","충북","충주시","초등학교",2021-04-01,"남자",759,760,758,-2,1,-1,-0.00263157894736842,0.00131926121372032,-0.00131578947368421,209434,210463,210188,-1029,-754,-0.00488922043304524,-0.00358726473442823
"388","2021","충북","제천시","초등학교",2021-04-01,"전체",956,973,969,-4,-13,-17,-0.00411099691675231,-0.0134158926728586,-0.0174717368961973,132643,135243,133638,-2600,-995,-0.0192246548804744,-0.00744548706206319
"389","2021","충북","제천시","초등학교",2021-04-01,"여자",476,479,472,-7,4,-3,-0.0146137787056367,0.00847457627118644,-0.00626304801670146,132643,135243,133638,-2600,-995,-0.0192246548804744,-0.00744548706206319
"390","2021","충북","제천시","초등학교",2021-04-01,"남자",480,494,497,3,-17,-14,0.00607287449392713,-0.03420523138833,-0.0283400809716599,132643,135243,133638,-2600,-995,-0.0192246548804744,-0.00744548706206319
"391","2021","충북","보은군","초등학교",2021-04-01,"전체",148,154,146,-8,2,-6,-0.051948051948052,0.0136986301369863,-0.038961038961039,32211,33448,32699,-1237,-488,-0.0369827792394164,-0.0149240037921649
"392","2021","충북","보은군","초등학교",2021-04-01,"여자",71,72,67,-5,4,-1,-0.0694444444444444,0.0597014925373134,-0.0138888888888889,32211,33448,32699,-1237,-488,-0.0369827792394164,-0.0149240037921649
"393","2021","충북","보은군","초등학교",2021-04-01,"남자",77,82,79,-3,-2,-5,-0.0365853658536585,-0.0253164556962025,-0.0609756097560976,32211,33448,32699,-1237,-488,-0.0369827792394164,-0.0149240037921649
"394","2021","충북","옥천군","초등학교",2021-04-01,"전체",299,291,287,-4,12,8,-0.013745704467354,0.0418118466898955,0.0274914089347079,50341,51371,50778,-1030,-437,-0.0200502228884001,-0.00860608925125054
"395","2021","충북","옥천군","초등학교",2021-04-01,"여자",152,138,137,-1,15,14,-0.0072463768115942,0.109489051094891,0.101449275362319,50341,51371,50778,-1030,-437,-0.0200502228884001,-0.00860608925125054
"396","2021","충북","옥천군","초등학교",2021-04-01,"남자",147,153,150,-3,-3,-6,-0.0196078431372549,-0.02,-0.0392156862745098,50341,51371,50778,-1030,-437,-0.0200502228884001,-0.00860608925125054
"397","2021","충북","영동군","초등학교",2021-04-01,"전체",227,230,233,3,-6,-3,0.0130434782608696,-0.0257510729613734,-0.0130434782608696,46497,49179,47963,-2682,-1466,-0.0545354724577564,-0.0305652273627588
"398","2021","충북","영동군","초등학교",2021-04-01,"여자",120,115,120,5,0,5,0.0434782608695652,0,0.0434782608695652,46497,49179,47963,-2682,-1466,-0.0545354724577564,-0.0305652273627588
"399","2021","충북","영동군","초등학교",2021-04-01,"남자",107,115,113,-2,-6,-8,-0.0173913043478261,-0.0530973451327434,-0.0695652173913043,46497,49179,47963,-2682,-1466,-0.0545354724577564,-0.0305652273627588
"400","2021","충북","진천군","초등학교",2021-04-01,"전체",866,813,825,12,41,53,0.014760147601476,0.0496969696969697,0.0651906519065191,84437,79919,81483,4518,2954,0.056532238891878,0.0362529607402771
"401","2021","충북","진천군","초등학교",2021-04-01,"여자",412,392,401,9,11,20,0.0229591836734694,0.027431421446384,0.0510204081632653,84437,79919,81483,4518,2954,0.056532238891878,0.0362529607402771
"402","2021","충북","진천군","초등학교",2021-04-01,"남자",454,421,424,3,30,33,0.00712589073634204,0.0707547169811321,0.0783847980997625,84437,79919,81483,4518,2954,0.056532238891878,0.0362529607402771
"403","2021","충북","괴산군","초등학교",2021-04-01,"전체",166,134,143,9,23,32,0.0671641791044776,0.160839160839161,0.238805970149254,37567,38133,37694,-566,-127,-0.0148427870872997,-0.00336923648325994
"404","2021","충북","괴산군","초등학교",2021-04-01,"여자",80,63,65,2,15,17,0.0317460317460317,0.230769230769231,0.26984126984127,37567,38133,37694,-566,-127,-0.0148427870872997,-0.00336923648325994
"405","2021","충북","괴산군","초등학교",2021-04-01,"남자",86,71,78,7,8,15,0.0985915492957746,0.102564102564103,0.211267605633803,37567,38133,37694,-566,-127,-0.0148427870872997,-0.00336923648325994
"406","2021","충북","음성군","초등학교",2021-04-01,"전체",634,694,673,-21,-39,-60,-0.0302593659942363,-0.0579494799405646,-0.0864553314121038,92349,95375,94461,-3026,-2112,-0.0317273918741809,-0.0223584336392797
"407","2021","충북","음성군","초등학교",2021-04-01,"여자",302,342,319,-23,-17,-40,-0.0672514619883041,-0.0532915360501567,-0.116959064327485,92349,95375,94461,-3026,-2112,-0.0317273918741809,-0.0223584336392797
"408","2021","충북","음성군","초등학교",2021-04-01,"남자",332,352,354,2,-22,-20,0.00568181818181818,-0.0621468926553672,-0.0568181818181818,92349,95375,94461,-3026,-2112,-0.0317273918741809,-0.0223584336392797
"409","2021","충북","단양군","초등학교",2021-04-01,"전체",118,137,132,-5,-14,-19,-0.0364963503649635,-0.106060606060606,-0.138686131386861,28758,30092,29451,-1334,-693,-0.0443307191280074,-0.0235306101660385
"410","2021","충북","단양군","초등학교",2021-04-01,"여자",52,60,59,-1,-7,-8,-0.0166666666666667,-0.11864406779661,-0.133333333333333,28758,30092,29451,-1334,-693,-0.0443307191280074,-0.0235306101660385
"411","2021","충북","단양군","초등학교",2021-04-01,"남자",66,77,73,-4,-7,-11,-0.051948051948052,-0.0958904109589041,-0.142857142857143,28758,30092,29451,-1334,-693,-0.0443307191280074,-0.0235306101660385
"412","2021","충북","증평군","초등학교",2021-04-01,"전체",332,380,369,-11,-37,-48,-0.0289473684210526,-0.100271002710027,-0.126315789473684,36532,37378,37320,-846,-788,-0.022633634758414,-0.0211146838156484
"413","2021","충북","증평군","초등학교",2021-04-01,"여자",186,206,201,-5,-15,-20,-0.0242718446601942,-0.0746268656716418,-0.0970873786407767,36532,37378,37320,-846,-788,-0.022633634758414,-0.0211146838156484
"414","2021","충북","증평군","초등학교",2021-04-01,"남자",146,174,168,-6,-22,-28,-0.0344827586206897,-0.130952380952381,-0.160919540229885,36532,37378,37320,-846,-788,-0.022633634758414,-0.0211146838156484
"415","2021","충남","천안시","초등학교",2021-04-01,"전체",6685,6833,6806,-27,-121,-148,-0.00395141226401288,-0.0177784307963562,-0.0216595931508854,657410,649107,654251,8303,3159,0.012791419596461,0.00482842211933952
"416","2021","충남","천안시","초등학교",2021-04-01,"여자",3268,3391,3375,-16,-107,-123,-0.00471837216160425,-0.0317037037037037,-0.0362724859923326,657410,649107,654251,8303,3159,0.012791419596461,0.00482842211933952
"417","2021","충남","천안시","초등학교",2021-04-01,"남자",3417,3442,3431,-11,-14,-25,-0.0031958163858222,-0.00408044301952783,-0.00726321905868681,657410,649107,654251,8303,3159,0.012791419596461,0.00482842211933952
"418","2021","충남","공주시","초등학교",2021-04-01,"전체",609,641,643,2,-34,-32,0.0031201248049922,-0.0528771384136858,-0.0499219968798752,103782,107036,105743,-3254,-1961,-0.0304009865839531,-0.0185449627871348
"419","2021","충남","공주시","초등학교",2021-04-01,"여자",279,309,314,5,-35,-30,0.0161812297734628,-0.111464968152866,-0.0970873786407767,103782,107036,105743,-3254,-1961,-0.0304009865839531,-0.0185449627871348
"420","2021","충남","공주시","초등학교",2021-04-01,"남자",330,332,329,-3,1,-2,-0.00903614457831325,0.00303951367781155,-0.00602409638554217,103782,107036,105743,-3254,-1961,-0.0304009865839531,-0.0185449627871348
"421","2021","충남","보령시","초등학교",2021-04-01,"전체",674,702,708,6,-34,-28,0.00854700854700855,-0.0480225988700565,-0.0398860398860399,99137,101549,100646,-2412,-1509,-0.0237520802765168,-0.0149931442879002
"422","2021","충남","보령시","초등학교",2021-04-01,"여자",364,367,377,10,-13,-3,0.0272479564032698,-0.0344827586206897,-0.00817438692098093,99137,101549,100646,-2412,-1509,-0.0237520802765168,-0.0149931442879002
"423","2021","충남","보령시","초등학교",2021-04-01,"남자",310,335,331,-4,-21,-25,-0.0119402985074627,-0.0634441087613293,-0.0746268656716418,99137,101549,100646,-2412,-1509,-0.0237520802765168,-0.0149931442879002
"424","2021","충남","아산시","초등학교",2021-04-01,"전체",3507,3714,3657,-57,-150,-207,-0.0153473344103393,-0.0410172272354389,-0.055735056542811,318699,313537,313757,5162,4942,0.0164637666367925,0.0157510430046182
"425","2021","충남","아산시","초등학교",2021-04-01,"여자",1719,1825,1793,-32,-74,-106,-0.0175342465753425,-0.0412716118237591,-0.0580821917808219,318699,313537,313757,5162,4942,0.0164637666367925,0.0157510430046182
"426","2021","충남","아산시","초등학교",2021-04-01,"남자",1788,1889,1864,-25,-76,-101,-0.0132345156167284,-0.0407725321888412,-0.0534674430915828,318699,313537,313757,5162,4942,0.0164637666367925,0.0157510430046182
"427","2021","충남","서산시","초등학교",2021-04-01,"전체",1719,1714,1710,-4,9,5,-0.00233372228704784,0.00526315789473684,0.0029171528588098,175817,174344,174645,1473,1172,0.0084488138393062,0.00671075610524206
"428","2021","충남","서산시","초등학교",2021-04-01,"여자",823,836,834,-2,-11,-13,-0.00239234449760766,-0.013189448441247,-0.0155502392344498,175817,174344,174645,1473,1172,0.0084488138393062,0.00671075610524206
"429","2021","충남","서산시","초등학교",2021-04-01,"남자",896,878,876,-2,20,18,-0.00227790432801822,0.0228310502283105,0.020501138952164,175817,174344,174645,1473,1172,0.0084488138393062,0.00671075610524206
"430","2021","충남","논산시","초등학교",2021-04-01,"전체",850,834,825,-9,25,16,-0.0107913669064748,0.0303030303030303,0.0191846522781775,115520,120005,118032,-4485,-2512,-0.0373734427732178,-0.0212823641046496
"431","2021","충남","논산시","초등학교",2021-04-01,"여자",432,417,412,-5,20,15,-0.0119904076738609,0.0485436893203883,0.0359712230215827,115520,120005,118032,-4485,-2512,-0.0373734427732178,-0.0212823641046496
"432","2021","충남","논산시","초등학교",2021-04-01,"남자",418,417,413,-4,5,1,-0.00959232613908873,0.0121065375302663,0.00239808153477218,115520,120005,118032,-4485,-2512,-0.0373734427732178,-0.0212823641046496
"433","2021","충남","계룡시","초등학교",2021-04-01,"전체",426,430,436,6,-10,-4,0.013953488372093,-0.0229357798165138,-0.00930232558139535,43235,43378,42757,-143,478,-0.00329660196412928,0.0111794559955095
"434","2021","충남","계룡시","초등학교",2021-04-01,"여자",214,227,227,0,-13,-13,0,-0.0572687224669604,-0.0572687224669604,43235,43378,42757,-143,478,-0.00329660196412928,0.0111794559955095
"435","2021","충남","계룡시","초등학교",2021-04-01,"남자",212,203,209,6,3,9,0.0295566502463054,0.0143540669856459,0.0443349753694581,43235,43378,42757,-143,478,-0.00329660196412928,0.0111794559955095
"436","2021","충남","금산군","초등학교",2021-04-01,"전체",256,246,248,2,8,10,0.00813008130081301,0.032258064516129,0.040650406504065,50950,52957,51781,-2007,-831,-0.0378986725078838,-0.0160483575056488
"437","2021","충남","금산군","초등학교",2021-04-01,"여자",121,119,118,-1,3,2,-0.00840336134453781,0.0254237288135593,0.0168067226890756,50950,52957,51781,-2007,-831,-0.0378986725078838,-0.0160483575056488
"438","2021","충남","금산군","초등학교",2021-04-01,"남자",135,127,130,3,5,8,0.0236220472440945,0.0384615384615385,0.062992125984252,50950,52957,51781,-2007,-831,-0.0378986725078838,-0.0160483575056488
"439","2021","충남","부여군","초등학교",2021-04-01,"전체",331,356,359,3,-28,-25,0.00842696629213483,-0.0779944289693593,-0.0702247191011236,64527,67524,66214,-2997,-1687,-0.0443842189443753,-0.0254779955900565
"440","2021","충남","부여군","초등학교",2021-04-01,"여자",156,162,159,-3,-3,-6,-0.0185185185185185,-0.0188679245283019,-0.037037037037037,64527,67524,66214,-2997,-1687,-0.0443842189443753,-0.0254779955900565
"441","2021","충남","부여군","초등학교",2021-04-01,"남자",175,194,200,6,-25,-19,0.0309278350515464,-0.125,-0.0979381443298969,64527,67524,66214,-2997,-1687,-0.0443842189443753,-0.0254779955900565
"442","2021","충남","서천군","초등학교",2021-04-01,"전체",261,272,267,-5,-6,-11,-0.0183823529411765,-0.0224719101123595,-0.0404411764705882,51289,53462,52374,-2173,-1085,-0.0406456922674049,-0.02071638599305
"443","2021","충남","서천군","초등학교",2021-04-01,"여자",127,133,129,-4,-2,-6,-0.0300751879699248,-0.0155038759689922,-0.0451127819548872,51289,53462,52374,-2173,-1085,-0.0406456922674049,-0.02071638599305
"444","2021","충남","서천군","초등학교",2021-04-01,"남자",134,139,138,-1,-4,-5,-0.00719424460431655,-0.0289855072463768,-0.0359712230215827,51289,53462,52374,-2173,-1085,-0.0406456922674049,-0.02071638599305
"445","2021","충남","청양군","초등학교",2021-04-01,"전체",123,132,133,1,-10,-9,0.00757575757575758,-0.075187969924812,-0.0681818181818182,30658,31642,31139,-984,-481,-0.0310979078440048,-0.0154468672725521
"446","2021","충남","청양군","초등학교",2021-04-01,"여자",63,71,74,3,-11,-8,0.0422535211267606,-0.148648648648649,-0.112676056338028,30658,31642,31139,-984,-481,-0.0310979078440048,-0.0154468672725521
"447","2021","충남","청양군","초등학교",2021-04-01,"남자",60,61,59,-2,1,-1,-0.0327868852459016,0.0169491525423729,-0.0163934426229508,30658,31642,31139,-984,-481,-0.0310979078440048,-0.0154468672725521
"448","2021","충남","홍성군","초등학교",2021-04-01,"전체",829,868,873,5,-44,-39,0.00576036866359447,-0.0504009163802978,-0.0449308755760369,99755,101037,99973,-1282,-218,-0.0126884210734681,-0.00218058875896492
"449","2021","충남","홍성군","초등학교",2021-04-01,"여자",390,422,422,0,-32,-32,0,-0.0758293838862559,-0.0758293838862559,99755,101037,99973,-1282,-218,-0.0126884210734681,-0.00218058875896492
"450","2021","충남","홍성군","초등학교",2021-04-01,"남자",439,446,451,5,-12,-7,0.0112107623318386,-0.0266075388026608,-0.015695067264574,99755,101037,99973,-1282,-218,-0.0126884210734681,-0.00218058875896492
"451","2021","충남","예산군","초등학교",2021-04-01,"전체",406,371,370,-1,36,35,-0.00269541778975741,0.0972972972972973,0.0943396226415094,77538,79791,78726,-2253,-1188,-0.0282362672481859,-0.0150903132383202
"452","2021","충남","예산군","초등학교",2021-04-01,"여자",196,168,166,-2,30,28,-0.0119047619047619,0.180722891566265,0.166666666666667,77538,79791,78726,-2253,-1188,-0.0282362672481859,-0.0150903132383202
"453","2021","충남","예산군","초등학교",2021-04-01,"남자",210,203,204,1,6,7,0.00492610837438424,0.0294117647058824,0.0344827586206897,77538,79791,78726,-2253,-1188,-0.0282362672481859,-0.0150903132383202
"454","2021","충남","태안군","초등학교",2021-04-01,"전체",322,327,320,-7,2,-5,-0.0214067278287462,0.00625,-0.0152905198776758,61802,63062,62283,-1260,-481,-0.019980336811392,-0.00772281360884993
"455","2021","충남","태안군","초등학교",2021-04-01,"여자",166,169,155,-14,11,-3,-0.0828402366863905,0.0709677419354839,-0.0177514792899408,61802,63062,62283,-1260,-481,-0.019980336811392,-0.00772281360884993
"456","2021","충남","태안군","초등학교",2021-04-01,"남자",156,158,165,7,-9,-2,0.0443037974683544,-0.0545454545454545,-0.0126582278481013,61802,63062,62283,-1260,-481,-0.019980336811392,-0.00772281360884993
"457","2021","충남","당진시","초등학교",2021-04-01,"전체",1718,1752,1737,-15,-19,-34,-0.00856164383561644,-0.0109383995394358,-0.0194063926940639,166333,167481,166136,-1148,197,-0.00685450886966283,0.00118577550922136
"458","2021","충남","당진시","초등학교",2021-04-01,"여자",864,868,861,-7,3,-4,-0.00806451612903226,0.00348432055749129,-0.00460829493087558,166333,167481,166136,-1148,197,-0.00685450886966283,0.00118577550922136
"459","2021","충남","당진시","초등학교",2021-04-01,"남자",854,884,876,-8,-22,-30,-0.00904977375565611,-0.0251141552511416,-0.0339366515837104,166333,167481,166136,-1148,197,-0.00685450886966283,0.00118577550922136
"460","2021","전북","전주시","초등학교",2021-04-01,"전체",6138,5889,6046,157,92,249,0.0266598743419935,0.0152166721799537,0.0422822210901681,656755,653694,655713,3061,1042,0.00468261908477055,0.00158910986971434
"461","2021","전북","전주시","초등학교",2021-04-01,"여자",2992,2873,2960,87,32,119,0.0302819352593108,0.0108108108108108,0.0414201183431953,656755,653694,655713,3061,1042,0.00468261908477055,0.00158910986971434
"462","2021","전북","전주시","초등학교",2021-04-01,"남자",3146,3016,3086,70,60,130,0.023209549071618,0.0194426441996111,0.0431034482758621,656755,653694,655713,3061,1042,0.00468261908477055,0.00158910986971434
"463","2021","전북","군산시","초등학교",2021-04-01,"전체",2392,2525,2470,-55,-78,-133,-0.0217821782178218,-0.0315789473684211,-0.0526732673267327,266878,271781,268667,-4903,-1789,-0.0180402603566842,-0.00665880067146319
"464","2021","전북","군산시","초등학교",2021-04-01,"여자",1144,1243,1218,-25,-74,-99,-0.0201126307320998,-0.0607553366174056,-0.079646017699115,266878,271781,268667,-4903,-1789,-0.0180402603566842,-0.00665880067146319
"465","2021","전북","군산시","초등학교",2021-04-01,"남자",1248,1282,1252,-30,-4,-34,-0.0234009360374415,-0.00319488817891374,-0.0265210608424337,266878,271781,268667,-4903,-1789,-0.0180402603566842,-0.00665880067146319
"466","2021","전북","익산시","초등학교",2021-04-01,"전체",2059,2202,2163,-39,-104,-143,-0.0177111716621253,-0.048081368469718,-0.0649409627611263,280399,291001,285255,-10602,-4856,-0.0364328644918746,-0.0170233650593329
"467","2021","전북","익산시","초등학교",2021-04-01,"여자",994,1012,987,-25,7,-18,-0.024703557312253,0.00709219858156028,-0.0177865612648221,280399,291001,285255,-10602,-4856,-0.0364328644918746,-0.0170233650593329
"468","2021","전북","익산시","초등학교",2021-04-01,"남자",1065,1190,1176,-14,-111,-125,-0.0117647058823529,-0.0943877551020408,-0.105042016806723,280399,291001,285255,-10602,-4856,-0.0364328644918746,-0.0170233650593329
"469","2021","전북","정읍시","초등학교",2021-04-01,"전체",721,743,739,-4,-18,-22,-0.0053835800807537,-0.0243572395128552,-0.0296096904441454,107555,111535,109763,-3980,-2208,-0.0356838660510154,-0.0201160682561519
"470","2021","전북","정읍시","초등학교",2021-04-01,"여자",366,360,358,-2,8,6,-0.00555555555555556,0.0223463687150838,0.0166666666666667,107555,111535,109763,-3980,-2208,-0.0356838660510154,-0.0201160682561519
"471","2021","전북","정읍시","초등학교",2021-04-01,"남자",355,383,381,-2,-26,-28,-0.00522193211488251,-0.068241469816273,-0.0731070496083551,107555,111535,109763,-3980,-2208,-0.0356838660510154,-0.0201160682561519
"472","2021","전북","남원시","초등학교",2021-04-01,"전체",544,546,547,1,-3,-2,0.00183150183150183,-0.00548446069469835,-0.00366300366300366,80196,82095,81170,-1899,-974,-0.0231317376210488,-0.0119995072070962
"473","2021","전북","남원시","초등학교",2021-04-01,"여자",254,252,253,1,1,2,0.00396825396825397,0.00395256916996047,0.00793650793650794,80196,82095,81170,-1899,-974,-0.0231317376210488,-0.0119995072070962
"474","2021","전북","남원시","초등학교",2021-04-01,"남자",290,294,294,0,-4,-4,0,-0.0136054421768707,-0.0136054421768707,80196,82095,81170,-1899,-974,-0.0231317376210488,-0.0119995072070962
"475","2021","전북","김제시","초등학교",2021-04-01,"전체",487,482,476,-6,11,5,-0.012448132780083,0.023109243697479,0.0103734439834025,82031,84734,83391,-2703,-1360,-0.0318998276960842,-0.0163087143696562
"476","2021","전북","김제시","초등학교",2021-04-01,"여자",228,233,232,-1,-4,-5,-0.00429184549356223,-0.0172413793103448,-0.0214592274678112,82031,84734,83391,-2703,-1360,-0.0318998276960842,-0.0163087143696562
"477","2021","전북","김제시","초등학교",2021-04-01,"남자",259,249,244,-5,15,10,-0.0200803212851406,0.0614754098360656,0.0401606425702811,82031,84734,83391,-2703,-1360,-0.0318998276960842,-0.0163087143696562
"478","2021","전북","완주군","초등학교",2021-04-01,"전체",666,842,820,-22,-154,-176,-0.0261282660332542,-0.18780487804878,-0.209026128266033,91127,93382,91976,-2255,-849,-0.0241481227645585,-0.00923066887014004
"479","2021","전북","완주군","초등학교",2021-04-01,"여자",335,427,410,-17,-75,-92,-0.0398126463700234,-0.182926829268293,-0.215456674473068,91127,93382,91976,-2255,-849,-0.0241481227645585,-0.00923066887014004
"480","2021","전북","완주군","초등학교",2021-04-01,"남자",331,415,410,-5,-79,-84,-0.0120481927710843,-0.192682926829268,-0.202409638554217,91127,93382,91976,-2255,-849,-0.0241481227645585,-0.00923066887014004
"481","2021","전북","진안군","초등학교",2021-04-01,"전체",107,133,120,-13,-13,-26,-0.0977443609022556,-0.108333333333333,-0.195488721804511,25244,25871,25548,-627,-304,-0.0242356306288895,-0.0118991701894473
"482","2021","전북","진안군","초등학교",2021-04-01,"여자",56,73,63,-10,-7,-17,-0.136986301369863,-0.111111111111111,-0.232876712328767,25244,25871,25548,-627,-304,-0.0242356306288895,-0.0118991701894473
"483","2021","전북","진안군","초등학교",2021-04-01,"남자",51,60,57,-3,-6,-9,-0.05,-0.105263157894737,-0.15,25244,25871,25548,-627,-304,-0.0242356306288895,-0.0118991701894473
"484","2021","전북","무주군","초등학교",2021-04-01,"전체",142,135,134,-1,8,7,-0.00740740740740741,0.0597014925373134,0.0518518518518519,23912,24432,24127,-520,-215,-0.0212835625409299,-0.00891117834790898
"485","2021","전북","무주군","초등학교",2021-04-01,"여자",54,44,45,1,9,10,0.0227272727272727,0.2,0.227272727272727,23912,24432,24127,-520,-215,-0.0212835625409299,-0.00891117834790898
"486","2021","전북","무주군","초등학교",2021-04-01,"남자",88,91,89,-2,-1,-3,-0.021978021978022,-0.0112359550561798,-0.032967032967033,23912,24432,24127,-520,-215,-0.0212835625409299,-0.00891117834790898
"487","2021","전북","장수군","초등학교",2021-04-01,"전체",127,137,131,-6,-4,-10,-0.0437956204379562,-0.0305343511450382,-0.072992700729927,21910,22809,22277,-899,-367,-0.039414266298391,-0.0164743906271042
"488","2021","전북","장수군","초등학교",2021-04-01,"여자",65,73,69,-4,-4,-8,-0.0547945205479452,-0.0579710144927536,-0.10958904109589,21910,22809,22277,-899,-367,-0.039414266298391,-0.0164743906271042
"489","2021","전북","장수군","초등학교",2021-04-01,"남자",62,64,62,-2,0,-2,-0.03125,0,-0.03125,21910,22809,22277,-899,-367,-0.039414266298391,-0.0164743906271042
"490","2021","전북","임실군","초등학교",2021-04-01,"전체",119,169,138,-31,-19,-50,-0.183431952662722,-0.13768115942029,-0.29585798816568,27038,28606,27895,-1568,-857,-0.0548136754527022,-0.0307223516759276
"491","2021","전북","임실군","초등학교",2021-04-01,"여자",61,72,63,-9,-2,-11,-0.125,-0.0317460317460317,-0.152777777777778,27038,28606,27895,-1568,-857,-0.0548136754527022,-0.0307223516759276
"492","2021","전북","임실군","초등학교",2021-04-01,"남자",58,97,75,-22,-17,-39,-0.22680412371134,-0.226666666666667,-0.402061855670103,27038,28606,27895,-1568,-857,-0.0548136754527022,-0.0307223516759276
"493","2021","전북","순창군","초등학교",2021-04-01,"전체",129,141,130,-11,-1,-12,-0.0780141843971631,-0.00769230769230769,-0.0851063829787234,27378,28896,28124,-1518,-746,-0.0525332225913621,-0.0265253875693358
"494","2021","전북","순창군","초등학교",2021-04-01,"여자",57,67,61,-6,-4,-10,-0.0895522388059701,-0.0655737704918033,-0.149253731343284,27378,28896,28124,-1518,-746,-0.0525332225913621,-0.0265253875693358
"495","2021","전북","순창군","초등학교",2021-04-01,"남자",72,74,69,-5,3,-2,-0.0675675675675676,0.0434782608695652,-0.027027027027027,27378,28896,28124,-1518,-746,-0.0525332225913621,-0.0265253875693358
"496","2021","전북","고창군","초등학교",2021-04-01,"전체",312,290,292,2,20,22,0.00689655172413793,0.0684931506849315,0.0758620689655172,54222,56407,55021,-2185,-799,-0.0387363270516071,-0.0145217280674651
"497","2021","전북","고창군","초등학교",2021-04-01,"여자",139,144,147,3,-8,-5,0.0208333333333333,-0.054421768707483,-0.0347222222222222,54222,56407,55021,-2185,-799,-0.0387363270516071,-0.0145217280674651
"498","2021","전북","고창군","초등학교",2021-04-01,"남자",173,146,145,-1,28,27,-0.00684931506849315,0.193103448275862,0.184931506849315,54222,56407,55021,-2185,-799,-0.0387363270516071,-0.0145217280674651
"499","2021","전북","부안군","초등학교",2021-04-01,"전체",271,303,298,-5,-27,-32,-0.0165016501650165,-0.0906040268456376,-0.105610561056106,51686,54030,52692,-2344,-1006,-0.0433833055709791,-0.0190920822895316
"500","2021","전북","부안군","초등학교",2021-04-01,"여자",132,151,146,-5,-14,-19,-0.033112582781457,-0.0958904109589041,-0.125827814569536,51686,54030,52692,-2344,-1006,-0.0433833055709791,-0.0190920822895316
"501","2021","전북","부안군","초등학교",2021-04-01,"남자",139,152,152,0,-13,-13,0,-0.0855263157894737,-0.0855263157894737,51686,54030,52692,-2344,-1006,-0.0433833055709791,-0.0190920822895316
"502","2021","전남","목포시","초등학교",2021-04-01,"전체",2172,2131,2158,27,14,41,0.012670107930549,0.00648748841519926,0.0192397935241671,221156,230930,228916,-9774,-7760,-0.0423245139219677,-0.0338988974121512
"503","2021","전남","목포시","초등학교",2021-04-01,"여자",1061,1009,1019,10,42,52,0.00991080277502478,0.0412168792934249,0.0515361744301288,221156,230930,228916,-9774,-7760,-0.0423245139219677,-0.0338988974121512
"504","2021","전남","목포시","초등학교",2021-04-01,"남자",1111,1122,1139,17,-28,-11,0.0151515151515152,-0.0245829675153644,-0.00980392156862745,221156,230930,228916,-9774,-7760,-0.0423245139219677,-0.0338988974121512
"505","2021","전남","여수시","초등학교",2021-04-01,"전체",2202,2359,2321,-38,-119,-157,-0.0161085205595591,-0.051271003877639,-0.0665536244171259,279613,282946,281604,-3333,-1991,-0.0117796328628077,-0.00707021207085127
"506","2021","전남","여수시","초등학교",2021-04-01,"여자",1079,1142,1122,-20,-43,-63,-0.0175131348511384,-0.0383244206773619,-0.0551663747810858,279613,282946,281604,-3333,-1991,-0.0117796328628077,-0.00707021207085127
"507","2021","전남","여수시","초등학교",2021-04-01,"남자",1123,1217,1199,-18,-76,-94,-0.0147904683648316,-0.0633861551292744,-0.0772391125718981,279613,282946,281604,-3333,-1991,-0.0117796328628077,-0.00707021207085127
"508","2021","전남","순천시","초등학교",2021-04-01,"전체",2529,2528,2592,64,-63,1,0.0253164556962025,-0.0243055555555556,0.000395569620253165,282069,280361,281349,1708,720,0.00609214548385831,0.00255909919708263
"509","2021","전남","순천시","초등학교",2021-04-01,"여자",1278,1261,1295,34,-17,17,0.0269627279936558,-0.0131274131274131,0.0134813639968279,282069,280361,281349,1708,720,0.00609214548385831,0.00255909919708263
"510","2021","전남","순천시","초등학교",2021-04-01,"남자",1251,1267,1297,30,-46,-16,0.0236779794790845,-0.0354664610639938,-0.0126282557221784,282069,280361,281349,1708,720,0.00609214548385831,0.00255909919708263
"511","2021","전남","나주시","초등학교",2021-04-01,"전체",1059,1098,1050,-48,9,-39,-0.0437158469945355,0.00857142857142857,-0.0355191256830601,116332,114815,114380,1517,1952,0.0132125593345817,0.0170659206154922
"512","2021","전남","나주시","초등학교",2021-04-01,"여자",508,526,505,-21,3,-18,-0.0399239543726236,0.00594059405940594,-0.0342205323193916,116332,114815,114380,1517,1952,0.0132125593345817,0.0170659206154922
"513","2021","전남","나주시","초등학교",2021-04-01,"남자",551,572,545,-27,6,-21,-0.0472027972027972,0.0110091743119266,-0.0367132867132867,116332,114815,114380,1517,1952,0.0132125593345817,0.0170659206154922
"514","2021","전남","광양시","초등학교",2021-04-01,"전체",1358,1510,1493,-17,-135,-152,-0.0112582781456954,-0.0904219691895512,-0.100662251655629,150701,152104,151751,-1403,-1050,-0.00922395203281965,-0.00691922952731778
"515","2021","전남","광양시","초등학교",2021-04-01,"여자",688,737,735,-2,-47,-49,-0.00271370420624152,-0.0639455782312925,-0.0664857530529172,150701,152104,151751,-1403,-1050,-0.00922395203281965,-0.00691922952731778
"516","2021","전남","광양시","초등학교",2021-04-01,"남자",670,773,758,-15,-88,-103,-0.019404915912031,-0.116094986807388,-0.133247089262613,150701,152104,151751,-1403,-1050,-0.00922395203281965,-0.00691922952731778
"517","2021","전남","담양군","초등학교",2021-04-01,"전체",234,258,242,-16,-8,-24,-0.062015503875969,-0.0330578512396694,-0.0930232558139535,46624,46603,46122,21,502,0.000450614767289659,0.0108841767486232
"518","2021","전남","담양군","초등학교",2021-04-01,"여자",119,134,121,-13,-2,-15,-0.0970149253731343,-0.0165289256198347,-0.111940298507463,46624,46603,46122,21,502,0.000450614767289659,0.0108841767486232
"519","2021","전남","담양군","초등학교",2021-04-01,"남자",115,124,121,-3,-6,-9,-0.0241935483870968,-0.0495867768595041,-0.0725806451612903,46624,46603,46122,21,502,0.000450614767289659,0.0108841767486232
"520","2021","전남","곡성군","초등학교",2021-04-01,"전체",103,132,126,-6,-23,-29,-0.0454545454545455,-0.182539682539683,-0.21969696969697,27916,29530,28455,-1614,-539,-0.0546562817473756,-0.0189421894218942
"521","2021","전남","곡성군","초등학교",2021-04-01,"여자",48,62,59,-3,-11,-14,-0.0483870967741935,-0.186440677966102,-0.225806451612903,27916,29530,28455,-1614,-539,-0.0546562817473756,-0.0189421894218942
"522","2021","전남","곡성군","초등학교",2021-04-01,"남자",55,70,67,-3,-12,-15,-0.0428571428571429,-0.17910447761194,-0.214285714285714,27916,29530,28455,-1614,-539,-0.0546562817473756,-0.0189421894218942
"523","2021","전남","구례군","초등학교",2021-04-01,"전체",110,122,118,-4,-8,-12,-0.0327868852459016,-0.0677966101694915,-0.0983606557377049,25400,26474,25895,-1074,-495,-0.0405681045554129,-0.0191156593937053
"524","2021","전남","구례군","초등학교",2021-04-01,"여자",52,60,59,-1,-7,-8,-0.0166666666666667,-0.11864406779661,-0.133333333333333,25400,26474,25895,-1074,-495,-0.0405681045554129,-0.0191156593937053
"525","2021","전남","구례군","초등학교",2021-04-01,"남자",58,62,59,-3,-1,-4,-0.0483870967741935,-0.0169491525423729,-0.0645161290322581,25400,26474,25895,-1074,-495,-0.0405681045554129,-0.0191156593937053
"526","2021","전남","고흥군","초등학교",2021-04-01,"전체",249,262,270,8,-21,-13,0.0305343511450382,-0.0777777777777778,-0.049618320610687,63508,65570,64407,-2062,-899,-0.0314473082202227,-0.0139581101433074
"527","2021","전남","고흥군","초등학교",2021-04-01,"여자",129,135,143,8,-14,-6,0.0592592592592593,-0.0979020979020979,-0.0444444444444444,63508,65570,64407,-2062,-899,-0.0314473082202227,-0.0139581101433074
"528","2021","전남","고흥군","초등학교",2021-04-01,"남자",120,127,127,0,-7,-7,0,-0.0551181102362205,-0.0551181102362205,63508,65570,64407,-2062,-899,-0.0314473082202227,-0.0139581101433074
"529","2021","전남","보성군","초등학교",2021-04-01,"전체",160,208,190,-18,-30,-48,-0.0865384615384615,-0.157894736842105,-0.230769230769231,40179,42262,41135,-2083,-956,-0.0492877762528986,-0.0232405494104777
"530","2021","전남","보성군","초등학교",2021-04-01,"여자",73,98,89,-9,-16,-25,-0.0918367346938776,-0.179775280898876,-0.255102040816327,40179,42262,41135,-2083,-956,-0.0492877762528986,-0.0232405494104777
"531","2021","전남","보성군","초등학교",2021-04-01,"남자",87,110,101,-9,-14,-23,-0.0818181818181818,-0.138613861386139,-0.209090909090909,40179,42262,41135,-2083,-956,-0.0492877762528986,-0.0232405494104777
"532","2021","전남","화순군","초등학교",2021-04-01,"전체",357,357,364,7,-7,0,0.0196078431372549,-0.0192307692307692,0,62310,63499,62510,-1189,-200,-0.0187247043260524,-0.00319948808190689
"533","2021","전남","화순군","초등학교",2021-04-01,"여자",166,181,184,3,-18,-15,0.0165745856353591,-0.0978260869565217,-0.0828729281767956,62310,63499,62510,-1189,-200,-0.0187247043260524,-0.00319948808190689
"534","2021","전남","화순군","초등학교",2021-04-01,"남자",191,176,180,4,11,15,0.0227272727272727,0.0611111111111111,0.0852272727272727,62310,63499,62510,-1189,-200,-0.0187247043260524,-0.00319948808190689
"535","2021","전남","장흥군","초등학교",2021-04-01,"전체",213,227,215,-12,-2,-14,-0.052863436123348,-0.00930232558139535,-0.0616740088105727,37177,38967,38225,-1790,-1048,-0.0459363050786563,-0.0274166121648136
"536","2021","전남","장흥군","초등학교",2021-04-01,"여자",106,119,115,-4,-9,-13,-0.0336134453781513,-0.0782608695652174,-0.109243697478992,37177,38967,38225,-1790,-1048,-0.0459363050786563,-0.0274166121648136
"537","2021","전남","장흥군","초등학교",2021-04-01,"남자",107,108,100,-8,7,-1,-0.0740740740740741,0.07,-0.00925925925925926,37177,38967,38225,-1790,-1048,-0.0459363050786563,-0.0274166121648136
"538","2021","전남","강진군","초등학교",2021-04-01,"전체",178,199,187,-12,-9,-21,-0.0603015075376884,-0.0481283422459893,-0.105527638190955,34314,35755,35054,-1441,-740,-0.0403020556565515,-0.0211102869857933
"539","2021","전남","강진군","초등학교",2021-04-01,"여자",98,104,99,-5,-1,-6,-0.0480769230769231,-0.0101010101010101,-0.0576923076923077,34314,35755,35054,-1441,-740,-0.0403020556565515,-0.0211102869857933
"540","2021","전남","강진군","초등학교",2021-04-01,"남자",80,95,88,-7,-8,-15,-0.0736842105263158,-0.0909090909090909,-0.157894736842105,34314,35755,35054,-1441,-740,-0.0403020556565515,-0.0211102869857933
"541","2021","전남","해남군","초등학교",2021-04-01,"전체",374,418,382,-36,-8,-44,-0.0861244019138756,-0.0209424083769634,-0.105263157894737,68229,71214,69649,-2985,-1420,-0.0419159154098913,-0.0203879452684173
"542","2021","전남","해남군","초등학교",2021-04-01,"여자",195,213,196,-17,-1,-18,-0.07981220657277,-0.00510204081632653,-0.0845070422535211,68229,71214,69649,-2985,-1420,-0.0419159154098913,-0.0203879452684173
"543","2021","전남","해남군","초등학교",2021-04-01,"남자",179,205,186,-19,-7,-26,-0.0926829268292683,-0.0376344086021505,-0.126829268292683,68229,71214,69649,-2985,-1420,-0.0419159154098913,-0.0203879452684173
"544","2021","전남","영암군","초등학교",2021-04-01,"전체",323,406,386,-20,-63,-83,-0.0492610837438424,-0.163212435233161,-0.204433497536946,53437,54287,54229,-850,-792,-0.0156575239007497,-0.014604731785576
"545","2021","전남","영암군","초등학교",2021-04-01,"여자",163,202,191,-11,-28,-39,-0.0544554455445545,-0.146596858638743,-0.193069306930693,53437,54287,54229,-850,-792,-0.0156575239007497,-0.014604731785576
"546","2021","전남","영암군","초등학교",2021-04-01,"남자",160,204,195,-9,-35,-44,-0.0441176470588235,-0.179487179487179,-0.215686274509804,53437,54287,54229,-850,-792,-0.0156575239007497,-0.014604731785576
"547","2021","전남","무안군","초등학교",2021-04-01,"전체",864,792,795,3,69,72,0.00378787878787879,0.0867924528301887,0.0909090909090909,88075,81808,81412,6267,6663,0.0766061998826521,0.0818429715521053
"548","2021","전남","무안군","초등학교",2021-04-01,"여자",404,375,377,2,27,29,0.00533333333333333,0.0716180371352785,0.0773333333333333,88075,81808,81412,6267,6663,0.0766061998826521,0.0818429715521053
"549","2021","전남","무안군","초등학교",2021-04-01,"남자",460,417,418,1,42,43,0.00239808153477218,0.100478468899522,0.103117505995204,88075,81808,81412,6267,6663,0.0766061998826521,0.0818429715521053
"550","2021","전남","함평군","초등학교",2021-04-01,"전체",121,169,157,-12,-36,-48,-0.0710059171597633,-0.229299363057325,-0.284023668639053,31653,33107,32519,-1454,-866,-0.0439182046092971,-0.0266305851963467
"551","2021","전남","함평군","초등학교",2021-04-01,"여자",61,92,87,-5,-26,-31,-0.0543478260869565,-0.298850574712644,-0.33695652173913,31653,33107,32519,-1454,-866,-0.0439182046092971,-0.0266305851963467
"552","2021","전남","함평군","초등학교",2021-04-01,"남자",60,77,70,-7,-10,-17,-0.0909090909090909,-0.142857142857143,-0.220779220779221,31653,33107,32519,-1454,-866,-0.0439182046092971,-0.0266305851963467
"553","2021","전남","영광군","초등학교",2021-04-01,"전체",294,337,318,-19,-24,-43,-0.056379821958457,-0.0754716981132075,-0.127596439169139,52587,54040,53539,-1453,-952,-0.0268874907475944,-0.0177814303591774
"554","2021","전남","영광군","초등학교",2021-04-01,"여자",144,158,154,-4,-10,-14,-0.0253164556962025,-0.0649350649350649,-0.0886075949367089,52587,54040,53539,-1453,-952,-0.0268874907475944,-0.0177814303591774
"555","2021","전남","영광군","초등학교",2021-04-01,"남자",150,179,164,-15,-14,-29,-0.0837988826815642,-0.0853658536585366,-0.162011173184358,52587,54040,53539,-1453,-952,-0.0268874907475944,-0.0177814303591774
"556","2021","전남","장성군","초등학교",2021-04-01,"전체",309,311,305,-6,4,-2,-0.0192926045016077,0.0131147540983607,-0.00643086816720257,44078,45631,45325,-1553,-1247,-0.0340338804759922,-0.0275124103695532
"557","2021","전남","장성군","초등학교",2021-04-01,"여자",141,161,160,-1,-19,-20,-0.0062111801242236,-0.11875,-0.124223602484472,44078,45631,45325,-1553,-1247,-0.0340338804759922,-0.0275124103695532
"558","2021","전남","장성군","초등학교",2021-04-01,"남자",168,150,145,-5,23,18,-0.0333333333333333,0.158620689655172,0.12,44078,45631,45325,-1553,-1247,-0.0340338804759922,-0.0275124103695532
"559","2021","전남","완도군","초등학교",2021-04-01,"전체",350,345,336,-9,14,5,-0.0260869565217391,0.0416666666666667,0.0144927536231884,49604,51213,50351,-1609,-747,-0.0314178040731845,-0.0148358523167365
"560","2021","전남","완도군","초등학교",2021-04-01,"여자",164,157,151,-6,13,7,-0.0382165605095541,0.0860927152317881,0.0445859872611465,49604,51213,50351,-1609,-747,-0.0314178040731845,-0.0148358523167365
"561","2021","전남","완도군","초등학교",2021-04-01,"남자",186,188,185,-3,1,-2,-0.0159574468085106,0.00540540540540541,-0.0106382978723404,49604,51213,50351,-1609,-747,-0.0314178040731845,-0.0148358523167365
"562","2021","전남","진도군","초등학교",2021-04-01,"전체",167,185,181,-4,-14,-18,-0.0216216216216216,-0.0773480662983425,-0.0972972972972973,30445,31032,30511,-587,-66,-0.0189159577210621,-0.00216315427222969
"563","2021","전남","진도군","초등학교",2021-04-01,"여자",77,82,80,-2,-3,-5,-0.024390243902439,-0.0375,-0.0609756097560976,30445,31032,30511,-587,-66,-0.0189159577210621,-0.00216315427222969
"564","2021","전남","진도군","초등학교",2021-04-01,"남자",90,103,101,-2,-11,-13,-0.0194174757281553,-0.108910891089109,-0.12621359223301,30445,31032,30511,-587,-66,-0.0189159577210621,-0.00216315427222969
"565","2021","전남","신안군","초등학교",2021-04-01,"전체",128,177,170,-7,-42,-49,-0.0395480225988701,-0.247058823529412,-0.27683615819209,38741,41035,39745,-2294,-1004,-0.0559034970147435,-0.0252610391244182
"566","2021","전남","신안군","초등학교",2021-04-01,"여자",66,82,80,-2,-14,-16,-0.024390243902439,-0.175,-0.195121951219512,38741,41035,39745,-2294,-1004,-0.0559034970147435,-0.0252610391244182
"567","2021","전남","신안군","초등학교",2021-04-01,"남자",62,95,90,-5,-28,-33,-0.0526315789473684,-0.311111111111111,-0.347368421052632,38741,41035,39745,-2294,-1004,-0.0559034970147435,-0.0252610391244182
"568","2021","경북","포항시","초등학교",2021-04-01,"전체",4412,4510,4536,26,-124,-98,0.0057649667405765,-0.027336860670194,-0.0217294900221729,504103,509064,505209,-4961,-1106,-0.00974533653921707,-0.00218919298745668
"569","2021","경북","포항시","초등학교",2021-04-01,"여자",2137,2172,2204,32,-67,-35,0.0147329650092081,-0.0303992740471869,-0.0161141804788214,504103,509064,505209,-4961,-1106,-0.00974533653921707,-0.00218919298745668
"570","2021","경북","포항시","초등학교",2021-04-01,"남자",2275,2338,2332,-6,-57,-63,-0.00256629597946963,-0.024442538593482,-0.0269461077844311,504103,509064,505209,-4961,-1106,-0.00974533653921707,-0.00218919298745668
"571","2021","경북","경주시","초등학교",2021-04-01,"전체",1776,1741,1761,20,15,35,0.0114876507754164,0.00851788756388416,0.0201033888569787,252869,256426,254225,-3557,-1356,-0.0138714482930748,-0.00533385780312715
"572","2021","경북","경주시","초등학교",2021-04-01,"여자",849,829,840,11,9,20,0.0132689987937274,0.0107142857142857,0.0241254523522316,252869,256426,254225,-3557,-1356,-0.0138714482930748,-0.00533385780312715
"573","2021","경북","경주시","초등학교",2021-04-01,"남자",927,912,921,9,6,15,0.00986842105263158,0.00651465798045603,0.0164473684210526,252869,256426,254225,-3557,-1356,-0.0138714482930748,-0.00533385780312715
"574","2021","경북","김천시","초등학교",2021-04-01,"전체",1078,1141,1117,-24,-39,-63,-0.021034180543383,-0.0349149507609669,-0.0552147239263804,140665,141397,140418,-732,247,-0.00517691323012511,0.00175903374211283
"575","2021","경북","김천시","초등학교",2021-04-01,"여자",529,553,547,-6,-18,-24,-0.0108499095840868,-0.0329067641681901,-0.0433996383363472,140665,141397,140418,-732,247,-0.00517691323012511,0.00175903374211283
"576","2021","경북","김천시","초등학교",2021-04-01,"남자",549,588,570,-18,-21,-39,-0.0306122448979592,-0.0368421052631579,-0.0663265306122449,140665,141397,140418,-732,247,-0.00517691323012511,0.00175903374211283
"577","2021","경북","안동시","초등학교",2021-04-01,"전체",1177,1128,1117,-11,60,49,-0.00975177304964539,0.053715308863026,0.0434397163120567,158210,160737,159035,-2527,-825,-0.0157213336070724,-0.005187537334549
"578","2021","경북","안동시","초등학교",2021-04-01,"여자",571,552,546,-6,25,19,-0.0108695652173913,0.0457875457875458,0.0344202898550725,158210,160737,159035,-2527,-825,-0.0157213336070724,-0.005187537334549
"579","2021","경북","안동시","초등학교",2021-04-01,"남자",606,576,571,-5,35,30,-0.00868055555555556,0.0612959719789842,0.0520833333333333,158210,160737,159035,-2527,-825,-0.0157213336070724,-0.005187537334549
"580","2021","경북","구미시","초등학교",2021-04-01,"전체",4702,4947,4906,-41,-204,-245,-0.00828785122296341,-0.0415817366490012,-0.0495249646250253,414730,420294,418205,-5564,-3475,-0.0132383522010783,-0.00830932198323788
"581","2021","경북","구미시","초등학교",2021-04-01,"여자",2272,2413,2403,-10,-131,-141,-0.00414421881475342,-0.05451518934665,-0.0584334852880232,414730,420294,418205,-5564,-3475,-0.0132383522010783,-0.00830932198323788
"582","2021","경북","구미시","초등학교",2021-04-01,"남자",2430,2534,2503,-31,-73,-104,-0.0122336227308603,-0.0291650019976029,-0.0410418310970797,414730,420294,418205,-5564,-3475,-0.0132383522010783,-0.00830932198323788
"583","2021","경북","영주시","초등학교",2021-04-01,"전체",640,673,671,-2,-31,-33,-0.00297176820208024,-0.0461997019374069,-0.0490341753343239,102703,106100,104418,-3397,-1715,-0.0320169651272385,-0.0164243712769829
"584","2021","경북","영주시","초등학교",2021-04-01,"여자",281,310,314,4,-33,-29,0.0129032258064516,-0.105095541401274,-0.0935483870967742,102703,106100,104418,-3397,-1715,-0.0320169651272385,-0.0164243712769829
"585","2021","경북","영주시","초등학교",2021-04-01,"남자",359,363,357,-6,2,-4,-0.0165289256198347,0.00560224089635854,-0.0110192837465565,102703,106100,104418,-3397,-1715,-0.0320169651272385,-0.0164243712769829
"586","2021","경북","영천시","초등학교",2021-04-01,"전체",510,600,578,-22,-68,-90,-0.0366666666666667,-0.117647058823529,-0.15,102529,101360,101828,1169,701,0.0115331491712707,0.00688415759908866
"587","2021","경북","영천시","초등학교",2021-04-01,"여자",235,308,296,-12,-61,-73,-0.038961038961039,-0.206081081081081,-0.237012987012987,102529,101360,101828,1169,701,0.0115331491712707,0.00688415759908866
"588","2021","경북","영천시","초등학교",2021-04-01,"남자",275,292,282,-10,-7,-17,-0.0342465753424658,-0.024822695035461,-0.0582191780821918,102529,101360,101828,1169,701,0.0115331491712707,0.00688415759908866
"589","2021","경북","상주시","초등학교",2021-04-01,"전체",525,551,550,-1,-25,-26,-0.00181488203266788,-0.0454545454545455,-0.0471869328493648,96793,100051,98644,-3258,-1851,-0.0325633926697384,-0.0187644458862171
"590","2021","경북","상주시","초등학교",2021-04-01,"여자",246,256,259,3,-13,-10,0.01171875,-0.0501930501930502,-0.0390625,96793,100051,98644,-3258,-1851,-0.0325633926697384,-0.0187644458862171
"591","2021","경북","상주시","초등학교",2021-04-01,"남자",279,295,291,-4,-12,-16,-0.0135593220338983,-0.0412371134020619,-0.0542372881355932,96793,100051,98644,-3258,-1851,-0.0325633926697384,-0.0187644458862171
"592","2021","경북","문경시","초등학교",2021-04-01,"전체",387,429,424,-5,-37,-42,-0.0116550116550117,-0.0872641509433962,-0.0979020979020979,71800,71939,71382,-139,418,-0.00193219255202324,0.00585581799333165
"593","2021","경북","문경시","초등학교",2021-04-01,"여자",190,207,206,-1,-16,-17,-0.00483091787439614,-0.0776699029126214,-0.0821256038647343,71800,71939,71382,-139,418,-0.00193219255202324,0.00585581799333165
"594","2021","경북","문경시","초등학교",2021-04-01,"남자",197,222,218,-4,-21,-25,-0.018018018018018,-0.0963302752293578,-0.112612612612613,71800,71939,71382,-139,418,-0.00193219255202324,0.00585581799333165
"595","2021","경북","경산시","초등학교",2021-04-01,"전체",2209,2394,2376,-18,-167,-185,-0.0075187969924812,-0.0702861952861953,-0.0772765246449457,264722,261087,263375,3635,1347,0.0139225622110637,0.00511438063597532
"596","2021","경북","경산시","초등학교",2021-04-01,"여자",1111,1159,1150,-9,-39,-48,-0.00776531492666091,-0.0339130434782609,-0.0414150129421915,264722,261087,263375,3635,1347,0.0139225622110637,0.00511438063597532
"597","2021","경북","경산시","초등학교",2021-04-01,"남자",1098,1235,1226,-9,-128,-137,-0.00728744939271255,-0.104404567699837,-0.110931174089069,264722,261087,263375,3635,1347,0.0139225622110637,0.00511438063597532
"598","2021","경북","군위군","초등학교",2021-04-01,"전체",62,76,71,-5,-9,-14,-0.0657894736842105,-0.126760563380282,-0.184210526315789,23063,23699,23534,-636,-471,-0.0268365753829275,-0.020013597348517
"599","2021","경북","군위군","초등학교",2021-04-01,"여자",30,39,35,-4,-5,-9,-0.102564102564103,-0.142857142857143,-0.230769230769231,23063,23699,23534,-636,-471,-0.0268365753829275,-0.020013597348517
"600","2021","경북","군위군","초등학교",2021-04-01,"남자",32,37,36,-1,-4,-5,-0.027027027027027,-0.111111111111111,-0.135135135135135,23063,23699,23534,-636,-471,-0.0268365753829275,-0.020013597348517
"601","2021","경북","의성군","초등학교",2021-04-01,"전체",170,177,172,-5,-2,-7,-0.0282485875706215,-0.0116279069767442,-0.0395480225988701,51380,52679,52236,-1299,-856,-0.0246587824370242,-0.016387165939199
"602","2021","경북","의성군","초등학교",2021-04-01,"여자",78,84,81,-3,-3,-6,-0.0357142857142857,-0.037037037037037,-0.0714285714285714,51380,52679,52236,-1299,-856,-0.0246587824370242,-0.016387165939199
"603","2021","경북","의성군","초등학교",2021-04-01,"남자",92,93,91,-2,1,-1,-0.021505376344086,0.010989010989011,-0.010752688172043,51380,52679,52236,-1299,-856,-0.0246587824370242,-0.016387165939199
"604","2021","경북","청송군","초등학교",2021-04-01,"전체",97,122,116,-6,-19,-25,-0.0491803278688525,-0.163793103448276,-0.204918032786885,24904,25643,25291,-739,-387,-0.0288187809538666,-0.0153018860464197
"605","2021","경북","청송군","초등학교",2021-04-01,"여자",55,65,62,-3,-7,-10,-0.0461538461538462,-0.112903225806452,-0.153846153846154,24904,25643,25291,-739,-387,-0.0288187809538666,-0.0153018860464197
"606","2021","경북","청송군","초등학교",2021-04-01,"남자",42,57,54,-3,-12,-15,-0.0526315789473684,-0.222222222222222,-0.263157894736842,24904,25643,25291,-739,-387,-0.0288187809538666,-0.0153018860464197
"607","2021","경북","영양군","초등학교",2021-04-01,"전체",73,95,89,-6,-16,-22,-0.0631578947368421,-0.179775280898876,-0.231578947368421,16516,17193,16844,-677,-328,-0.0393764904321526,-0.0194728093089527
"608","2021","경북","영양군","초등학교",2021-04-01,"여자",46,58,52,-6,-6,-12,-0.103448275862069,-0.115384615384615,-0.206896551724138,16516,17193,16844,-677,-328,-0.0393764904321526,-0.0194728093089527
"609","2021","경북","영양군","초등학교",2021-04-01,"남자",27,37,37,0,-10,-10,0,-0.27027027027027,-0.27027027027027,16516,17193,16844,-677,-328,-0.0393764904321526,-0.0194728093089527
"610","2021","경북","영덕군","초등학교",2021-04-01,"전체",169,206,195,-11,-26,-37,-0.0533980582524272,-0.133333333333333,-0.179611650485437,35962,37837,36845,-1875,-883,-0.0495546687105215,-0.0239652598724386
"611","2021","경북","영덕군","초등학교",2021-04-01,"여자",83,95,90,-5,-7,-12,-0.0526315789473684,-0.0777777777777778,-0.126315789473684,35962,37837,36845,-1875,-883,-0.0495546687105215,-0.0239652598724386
"612","2021","경북","영덕군","초등학교",2021-04-01,"남자",86,111,105,-6,-19,-25,-0.0540540540540541,-0.180952380952381,-0.225225225225225,35962,37837,36845,-1875,-883,-0.0495546687105215,-0.0239652598724386
"613","2021","경북","청도군","초등학교",2021-04-01,"전체",147,158,160,2,-13,-11,0.0126582278481013,-0.08125,-0.069620253164557,42085,43087,42684,-1002,-599,-0.0232552742126395,-0.0140333614469122
"614","2021","경북","청도군","초등학교",2021-04-01,"여자",73,74,75,1,-2,-1,0.0135135135135135,-0.0266666666666667,-0.0135135135135135,42085,43087,42684,-1002,-599,-0.0232552742126395,-0.0140333614469122
"615","2021","경북","청도군","초등학교",2021-04-01,"남자",74,84,85,1,-11,-10,0.0119047619047619,-0.129411764705882,-0.119047619047619,42085,43087,42684,-1002,-599,-0.0232552742126395,-0.0140333614469122
"616","2021","경북","고령군","초등학교",2021-04-01,"전체",158,170,158,-12,0,-12,-0.0705882352941176,0,-0.0705882352941176,31133,32774,31910,-1641,-777,-0.0500701775797889,-0.0243497336258226
"617","2021","경북","고령군","초등학교",2021-04-01,"여자",71,77,68,-9,3,-6,-0.116883116883117,0.0441176470588235,-0.0779220779220779,31133,32774,31910,-1641,-777,-0.0500701775797889,-0.0243497336258226
"618","2021","경북","고령군","초등학교",2021-04-01,"남자",87,93,90,-3,-3,-6,-0.032258064516129,-0.0333333333333333,-0.0645161290322581,31133,32774,31910,-1641,-777,-0.0500701775797889,-0.0243497336258226
"619","2021","경북","성주군","초등학교",2021-04-01,"전체",148,215,191,-24,-43,-67,-0.111627906976744,-0.225130890052356,-0.311627906976744,43118,44312,43627,-1194,-509,-0.0269452969850153,-0.0116670868957297
"620","2021","경북","성주군","초등학교",2021-04-01,"여자",77,100,92,-8,-15,-23,-0.08,-0.16304347826087,-0.23,43118,44312,43627,-1194,-509,-0.0269452969850153,-0.0116670868957297
"621","2021","경북","성주군","초등학교",2021-04-01,"남자",71,115,99,-16,-28,-44,-0.139130434782609,-0.282828282828283,-0.382608695652174,43118,44312,43627,-1194,-509,-0.0269452969850153,-0.0116670868957297
"622","2021","경북","칠곡군","초등학교",2021-04-01,"전체",1016,1150,1102,-48,-86,-134,-0.0417391304347826,-0.0780399274047187,-0.116521739130435,114297,118389,115780,-4092,-1483,-0.0345640219952867,-0.0128087752634306
"623","2021","경북","칠곡군","초등학교",2021-04-01,"여자",478,540,517,-23,-39,-62,-0.0425925925925926,-0.0754352030947776,-0.114814814814815,114297,118389,115780,-4092,-1483,-0.0345640219952867,-0.0128087752634306
"624","2021","경북","칠곡군","초등학교",2021-04-01,"남자",538,610,585,-25,-47,-72,-0.040983606557377,-0.0803418803418803,-0.118032786885246,114297,118389,115780,-4092,-1483,-0.0345640219952867,-0.0128087752634306
"625","2021","경북","예천군","초등학교",2021-04-01,"전체",358,458,484,26,-126,-100,0.0567685589519651,-0.260330578512397,-0.218340611353712,55716,54290,55572,1426,144,0.0262663473936268,0.00259123299503347
"626","2021","경북","예천군","초등학교",2021-04-01,"여자",162,218,222,4,-60,-56,0.018348623853211,-0.27027027027027,-0.256880733944954,55716,54290,55572,1426,144,0.0262663473936268,0.00259123299503347
"627","2021","경북","예천군","초등학교",2021-04-01,"남자",196,240,262,22,-66,-44,0.0916666666666667,-0.251908396946565,-0.183333333333333,55716,54290,55572,1426,144,0.0262663473936268,0.00259123299503347
"628","2021","경북","봉화군","초등학교",2021-04-01,"전체",127,180,157,-23,-30,-53,-0.127777777777778,-0.191082802547771,-0.294444444444444,31236,32649,31889,-1413,-653,-0.0432785077644032,-0.0204772805669667
"629","2021","경북","봉화군","초등학교",2021-04-01,"여자",56,74,66,-8,-10,-18,-0.108108108108108,-0.151515151515152,-0.243243243243243,31236,32649,31889,-1413,-653,-0.0432785077644032,-0.0204772805669667
"630","2021","경북","봉화군","초등학교",2021-04-01,"남자",71,106,91,-15,-20,-35,-0.141509433962264,-0.21978021978022,-0.330188679245283,31236,32649,31889,-1413,-653,-0.0432785077644032,-0.0204772805669667
"631","2021","경북","울진군","초등학교",2021-04-01,"전체",301,334,321,-13,-20,-33,-0.0389221556886228,-0.0623052959501558,-0.0988023952095808,48327,49650,48834,-1323,-507,-0.0266465256797583,-0.0103821108244256
"632","2021","경북","울진군","초등학교",2021-04-01,"여자",158,164,162,-2,-4,-6,-0.0121951219512195,-0.0246913580246914,-0.0365853658536585,48327,49650,48834,-1323,-507,-0.0266465256797583,-0.0103821108244256
"633","2021","경북","울진군","초등학교",2021-04-01,"남자",143,170,159,-11,-16,-27,-0.0647058823529412,-0.10062893081761,-0.158823529411765,48327,49650,48834,-1323,-507,-0.0266465256797583,-0.0103821108244256
"634","2021","경북","울릉군","초등학교",2021-04-01,"전체",42,48,39,-9,3,-6,-0.1875,0.0769230769230769,-0.125,9035,9718,9269,-683,-234,-0.0702819510187281,-0.0252454417952314
"635","2021","경북","울릉군","초등학교",2021-04-01,"여자",23,24,20,-4,3,-1,-0.166666666666667,0.15,-0.0416666666666667,9035,9718,9269,-683,-234,-0.0702819510187281,-0.0252454417952314
"636","2021","경북","울릉군","초등학교",2021-04-01,"남자",19,24,19,-5,0,-5,-0.208333333333333,0,-0.208333333333333,9035,9718,9269,-683,-234,-0.0702819510187281,-0.0252454417952314
"637","2021","경남","창원시","초등학교",2021-04-01,"전체",9200,18654,18582,-72,-9382,-9454,-0.00385976198134448,-0.504897212356043,-0.506808191272649,1034705,1049897,1041553,-15192,-6848,-0.0144699908657706,-0.00657479744189686
"638","2021","경남","창원시","초등학교",2021-04-01,"여자",4419,8872,8830,-42,-4411,-4453,-0.00473399458972047,-0.499546998867497,-0.501916140667268,1034705,1049897,1041553,-15192,-6848,-0.0144699908657706,-0.00657479744189686
"639","2021","경남","창원시","초등학교",2021-04-01,"남자",4781,9782,9752,-30,-4971,-5001,-0.00306685749335514,-0.509741591468417,-0.511245144142302,1034705,1049897,1041553,-15192,-6848,-0.0144699908657706,-0.00657479744189686
"640","2021","경남","진주시","초등학교",2021-04-01,"전체",3308,3173,3211,38,97,135,0.0119760479041916,0.0302086577390221,0.0425464859754176,347056,346678,347578,378,-522,0.00109034896936062,-0.00150182117395232
"641","2021","경남","진주시","초등학교",2021-04-01,"여자",1595,1581,1604,23,-9,14,0.0145477545857052,-0.00561097256857855,0.00885515496521189,347056,346678,347578,378,-522,0.00109034896936062,-0.00150182117395232
"642","2021","경남","진주시","초등학교",2021-04-01,"남자",1713,1592,1607,15,106,121,0.00942211055276382,0.0659614187927816,0.0760050251256281,347056,346678,347578,378,-522,0.00109034896936062,-0.00150182117395232
"643","2021","경남","통영시","초등학교",2021-04-01,"전체",1169,1186,1166,-20,3,-17,-0.0168634064080944,0.00257289879931389,-0.0143338954468803,126798,132676,130221,-5878,-3423,-0.0443034158400917,-0.0262860828898565
"644","2021","경남","통영시","초등학교",2021-04-01,"여자",575,568,564,-4,11,7,-0.00704225352112676,0.0195035460992908,0.0123239436619718,126798,132676,130221,-5878,-3423,-0.0443034158400917,-0.0262860828898565
"645","2021","경남","통영시","초등학교",2021-04-01,"남자",594,618,602,-16,-8,-24,-0.0258899676375405,-0.0132890365448505,-0.0388349514563107,126798,132676,130221,-5878,-3423,-0.0443034158400917,-0.0262860828898565
"646","2021","경남","사천시","초등학교",2021-04-01,"전체",917,922,909,-13,8,-5,-0.0140997830802603,0.0088008800880088,-0.00542299349240781,110461,112975,111365,-2514,-904,-0.0222527107767205,-0.00811745162304135
"647","2021","경남","사천시","초등학교",2021-04-01,"여자",470,443,435,-8,35,27,-0.018058690744921,0.0804597701149425,0.0609480812641084,110461,112975,111365,-2514,-904,-0.0222527107767205,-0.00811745162304135
"648","2021","경남","사천시","초등학교",2021-04-01,"남자",447,479,474,-5,-27,-32,-0.0104384133611691,-0.0569620253164557,-0.0668058455114822,110461,112975,111365,-2514,-904,-0.0222527107767205,-0.00811745162304135
"649","2021","경남","김해시","초등학교",2021-04-01,"전체",5514,5511,5566,55,-52,3,0.00998003992015968,-0.00934243621990658,0.000544365813826892,540686,536707,542929,3979,-2243,0.00741372853344562,-0.00413129525223372
"650","2021","경남","김해시","초등학교",2021-04-01,"여자",2667,2680,2689,9,-22,-13,0.00335820895522388,-0.00818148010412793,-0.00485074626865672,540686,536707,542929,3979,-2243,0.00741372853344562,-0.00413129525223372
"651","2021","경남","김해시","초등학교",2021-04-01,"남자",2847,2831,2877,46,-30,16,0.0162486753797245,-0.0104275286757039,0.00565171317555634,540686,536707,542929,3979,-2243,0.00741372853344562,-0.00413129525223372
"652","2021","경남","밀양시","초등학교",2021-04-01,"전체",607,594,601,7,6,13,0.0117845117845118,0.00998336106489185,0.0218855218855219,104383,106240,105201,-1857,-818,-0.0174792921686747,-0.00777559148677294
"653","2021","경남","밀양시","초등학교",2021-04-01,"여자",298,306,310,4,-12,-8,0.0130718954248366,-0.0387096774193548,-0.0261437908496732,104383,106240,105201,-1857,-818,-0.0174792921686747,-0.00777559148677294
"654","2021","경남","밀양시","초등학교",2021-04-01,"남자",309,288,291,3,18,21,0.0104166666666667,0.0618556701030928,0.0729166666666667,104383,106240,105201,-1857,-818,-0.0174792921686747,-0.00777559148677294
"655","2021","경남","거제시","초등학교",2021-04-01,"전체",3106,3360,3292,-68,-186,-254,-0.0202380952380952,-0.0565006075334143,-0.0755952380952381,243902,248856,247427,-4954,-3525,-0.0199070948661073,-0.0142466262776496
"656","2021","경남","거제시","초등학교",2021-04-01,"여자",1502,1674,1631,-43,-129,-172,-0.0256869772998805,-0.079092581238504,-0.102747909199522,243902,248856,247427,-4954,-3525,-0.0199070948661073,-0.0142466262776496
"657","2021","경남","거제시","초등학교",2021-04-01,"남자",1604,1686,1661,-25,-57,-82,-0.0148279952550415,-0.0343166767007827,-0.0486358244365362,243902,248856,247427,-4954,-3525,-0.0199070948661073,-0.0142466262776496
"658","2021","경남","양산시","초등학교",2021-04-01,"전체",3839,4020,4004,-16,-165,-181,-0.00398009950248756,-0.0412087912087912,-0.0450248756218905,353291,349925,351383,3366,1908,0.00961920411516754,0.00542997242325326
"659","2021","경남","양산시","초등학교",2021-04-01,"여자",1841,1940,1961,21,-120,-99,0.0108247422680412,-0.0611932687404386,-0.0510309278350515,353291,349925,351383,3366,1908,0.00961920411516754,0.00542997242325326
"660","2021","경남","양산시","초등학교",2021-04-01,"남자",1998,2080,2043,-37,-45,-82,-0.0177884615384615,-0.0220264317180617,-0.0394230769230769,353291,349925,351383,3366,1908,0.00961920411516754,0.00542997242325326
"661","2021","경남","의령군","초등학교",2021-04-01,"전체",103,126,123,-3,-20,-23,-0.0238095238095238,-0.16260162601626,-0.182539682539683,26624,27487,26979,-863,-355,-0.0313966602393859,-0.0131583824456058
"662","2021","경남","의령군","초등학교",2021-04-01,"여자",39,41,39,-2,0,-2,-0.0487804878048781,0,-0.0487804878048781,26624,27487,26979,-863,-355,-0.0313966602393859,-0.0131583824456058
"663","2021","경남","의령군","초등학교",2021-04-01,"남자",64,85,84,-1,-20,-21,-0.0117647058823529,-0.238095238095238,-0.247058823529412,26624,27487,26979,-863,-355,-0.0313966602393859,-0.0131583824456058
"664","2021","경남","함안군","초등학교",2021-04-01,"전체",473,475,468,-7,5,-2,-0.0147368421052632,0.0106837606837607,-0.00421052631578947,63573,66406,64959,-2833,-1386,-0.0426618076679818,-0.0213365353530689
"665","2021","경남","함안군","초등학교",2021-04-01,"여자",237,236,237,1,0,1,0.00423728813559322,0,0.00423728813559322,63573,66406,64959,-2833,-1386,-0.0426618076679818,-0.0213365353530689
"666","2021","경남","함안군","초등학교",2021-04-01,"남자",236,239,231,-8,5,-3,-0.0334728033472803,0.0216450216450216,-0.0125523012552301,63573,66406,64959,-2833,-1386,-0.0426618076679818,-0.0213365353530689
"667","2021","경남","창녕군","초등학교",2021-04-01,"전체",323,353,346,-7,-23,-30,-0.0198300283286119,-0.0664739884393064,-0.084985835694051,60951,62860,61889,-1909,-938,-0.030369074132994,-0.0151561666855176
"668","2021","경남","창녕군","초등학교",2021-04-01,"여자",151,176,174,-2,-23,-25,-0.0113636363636364,-0.132183908045977,-0.142045454545455,60951,62860,61889,-1909,-938,-0.030369074132994,-0.0151561666855176
"669","2021","경남","창녕군","초등학교",2021-04-01,"남자",172,177,172,-5,0,-5,-0.0282485875706215,0,-0.0282485875706215,60951,62860,61889,-1909,-938,-0.030369074132994,-0.0151561666855176
"670","2021","경남","고성군","초등학교",2021-04-01,"전체",304,325,315,-10,-11,-21,-0.0307692307692308,-0.0349206349206349,-0.0646153846153846,51009,53017,51918,-2008,-909,-0.0378746439821189,-0.0175083785970184
"671","2021","경남","고성군","초등학교",2021-04-01,"여자",167,171,166,-5,1,-4,-0.0292397660818713,0.00602409638554217,-0.0233918128654971,51009,53017,51918,-2008,-909,-0.0378746439821189,-0.0175083785970184
"672","2021","경남","고성군","초등학교",2021-04-01,"남자",137,154,149,-5,-12,-17,-0.0324675324675325,-0.0805369127516778,-0.11038961038961,51009,53017,51918,-2008,-909,-0.0378746439821189,-0.0175083785970184
"673","2021","경남","남해군","초등학교",2021-04-01,"전체",187,186,188,2,-1,1,0.010752688172043,-0.00531914893617021,0.00537634408602151,42688,44163,43223,-1475,-535,-0.0333989991621946,-0.0123776692964394
"674","2021","경남","남해군","초등학교",2021-04-01,"여자",77,78,76,-2,1,-1,-0.0256410256410256,0.0131578947368421,-0.0128205128205128,42688,44163,43223,-1475,-535,-0.0333989991621946,-0.0123776692964394
"675","2021","경남","남해군","초등학교",2021-04-01,"남자",110,108,112,4,-2,2,0.037037037037037,-0.0178571428571429,0.0185185185185185,42688,44163,43223,-1475,-535,-0.0333989991621946,-0.0123776692964394
"676","2021","경남","하동군","초등학교",2021-04-01,"전체",183,252,238,-14,-55,-69,-0.0555555555555556,-0.23109243697479,-0.273809523809524,44326,47056,45753,-2730,-1427,-0.0580159809588575,-0.0311892116363954
"677","2021","경남","하동군","초등학교",2021-04-01,"여자",71,116,104,-12,-33,-45,-0.103448275862069,-0.317307692307692,-0.387931034482759,44326,47056,45753,-2730,-1427,-0.0580159809588575,-0.0311892116363954
"678","2021","경남","하동군","초등학교",2021-04-01,"남자",112,136,134,-2,-22,-24,-0.0147058823529412,-0.164179104477612,-0.176470588235294,44326,47056,45753,-2730,-1427,-0.0580159809588575,-0.0311892116363954
"679","2021","경남","산청군","초등학교",2021-04-01,"전체",112,155,141,-14,-29,-43,-0.0903225806451613,-0.205673758865248,-0.27741935483871,34668,35713,35223,-1045,-555,-0.0292610533979223,-0.0157567498509497
"680","2021","경남","산청군","초등학교",2021-04-01,"여자",50,78,71,-7,-21,-28,-0.0897435897435897,-0.295774647887324,-0.358974358974359,34668,35713,35223,-1045,-555,-0.0292610533979223,-0.0157567498509497
"681","2021","경남","산청군","초등학교",2021-04-01,"남자",62,77,70,-7,-8,-15,-0.0909090909090909,-0.114285714285714,-0.194805194805195,34668,35713,35223,-1045,-555,-0.0292610533979223,-0.0157567498509497
"682","2021","경남","함양군","초등학교",2021-04-01,"전체",210,211,207,-4,3,-1,-0.018957345971564,0.0144927536231884,-0.004739336492891,39008,39922,39377,-914,-369,-0.0228946445568859,-0.00937095258653529
"683","2021","경남","함양군","초등학교",2021-04-01,"여자",100,108,107,-1,-7,-8,-0.00925925925925926,-0.0654205607476635,-0.0740740740740741,39008,39922,39377,-914,-369,-0.0228946445568859,-0.00937095258653529
"684","2021","경남","함양군","초등학교",2021-04-01,"남자",110,103,100,-3,10,7,-0.029126213592233,0.1,0.0679611650485437,39008,39922,39377,-914,-369,-0.0228946445568859,-0.00937095258653529
"685","2021","경남","거창군","초등학교",2021-04-01,"전체",459,437,423,-14,36,22,-0.0320366132723112,0.0851063829787234,0.0503432494279176,61877,62676,61700,-799,177,-0.012748101346608,0.00286871961102107
"686","2021","경남","거창군","초등학교",2021-04-01,"여자",232,219,213,-6,19,13,-0.0273972602739726,0.0892018779342723,0.0593607305936073,61877,62676,61700,-799,177,-0.012748101346608,0.00286871961102107
"687","2021","경남","거창군","초등학교",2021-04-01,"남자",227,218,210,-8,17,9,-0.036697247706422,0.080952380952381,0.0412844036697248,61877,62676,61700,-799,177,-0.012748101346608,0.00286871961102107
"688","2021","경남","합천군","초등학교",2021-04-01,"전체",156,174,176,2,-20,-18,0.0114942528735632,-0.113636363636364,-0.103448275862069,43617,45679,44702,-2062,-1085,-0.0451410932813766,-0.0242718446601942
"689","2021","경남","합천군","초등학교",2021-04-01,"여자",78,82,85,3,-7,-4,0.0365853658536585,-0.0823529411764706,-0.0487804878048781,43617,45679,44702,-2062,-1085,-0.0451410932813766,-0.0242718446601942
"690","2021","경남","합천군","초등학교",2021-04-01,"남자",78,92,91,-1,-13,-14,-0.0108695652173913,-0.142857142857143,-0.152173913043478,43617,45679,44702,-2062,-1085,-0.0451410932813766,-0.0242718446601942
"691","2021","제주","제주시","초등학교",2021-04-01,"전체",5119,4905,4950,45,169,214,0.00917431192660551,0.0341414141414141,0.0436289500509684,492168,487143,489466,5025,2702,0.0103152462418633,0.00552030171656458
"692","2021","제주","제주시","초등학교",2021-04-01,"여자",2498,2406,2454,48,44,92,0.0199501246882793,0.0179299103504482,0.0382377389858687,492168,487143,489466,5025,2702,0.0103152462418633,0.00552030171656458
"693","2021","제주","제주시","초등학교",2021-04-01,"남자",2621,2499,2496,-3,125,122,-0.00120048019207683,0.0500801282051282,0.0488195278111244,492168,487143,489466,5025,2702,0.0103152462418633,0.00552030171656458
"694","2021","제주","서귀포시","초등학교",2021-04-01,"전체",1495,1553,1595,42,-100,-58,0.0270444301352222,-0.0626959247648903,-0.0373470701867354,182316,181505,181129,811,1187,0.00446819646841685,0.00655334043692617
"695","2021","제주","서귀포시","초등학교",2021-04-01,"여자",746,769,774,5,-28,-23,0.00650195058517555,-0.0361757105943152,-0.0299089726918075,182316,181505,181129,811,1187,0.00446819646841685,0.00655334043692617
"696","2021","제주","서귀포시","초등학교",2021-04-01,"남자",749,784,821,37,-72,-35,0.0471938775510204,-0.0876979293544458,-0.0446428571428571,182316,181505,181129,811,1187,0.00446819646841685,0.00655334043692617
"697","2015","서울","종로구","초등학교",2015-04-01,"전체",979,1006,1009,3,-30,-27,0.00298210735586481,-0.0297324083250743,-0.0268389662027833,156410,162281,159309,-5871,-2899,-0.0361779875647796,-0.0181973397610932
"698","2015","서울","종로구","초등학교",2015-04-01,"여자",477,488,488,0,-11,-11,0,-0.0225409836065574,-0.0225409836065574,156410,162281,159309,-5871,-2899,-0.0361779875647796,-0.0181973397610932
"699","2015","서울","종로구","초등학교",2015-04-01,"남자",502,518,521,3,-19,-16,0.00579150579150579,-0.036468330134357,-0.0308880308880309,156410,162281,159309,-5871,-2899,-0.0361779875647796,-0.0181973397610932
"700","2015","서울","중구","초등학교",2015-04-01,"전체",978,886,805,-81,173,92,-0.0914221218961625,0.214906832298137,0.103837471783296,127628,132419,129740,-4791,-2112,-0.0361806085229461,-0.0162787112686912
"701","2015","서울","중구","초등학교",2015-04-01,"여자",496,445,398,-47,98,51,-0.10561797752809,0.246231155778894,0.114606741573034,127628,132419,129740,-4791,-2112,-0.0361806085229461,-0.0162787112686912
"702","2015","서울","중구","초등학교",2015-04-01,"남자",482,441,407,-34,75,41,-0.0770975056689342,0.184275184275184,0.0929705215419501,127628,132419,129740,-4791,-2112,-0.0361806085229461,-0.0162787112686912
"703","2015","서울","용산구","초등학교",2015-04-01,"전체",1417,1858,1796,-62,-379,-441,-0.0333692142088267,-0.211024498886414,-0.23735199138859,235595,242255,239001,-6660,-3406,-0.0274916926379229,-0.0142509863975465
"704","2015","서울","용산구","초등학교",2015-04-01,"여자",715,944,927,-17,-212,-229,-0.0180084745762712,-0.228694714131607,-0.242584745762712,235595,242255,239001,-6660,-3406,-0.0274916926379229,-0.0142509863975465
"705","2015","서울","용산구","초등학교",2015-04-01,"남자",702,914,869,-45,-167,-212,-0.0492341356673961,-0.192174913693901,-0.231947483588621,235595,242255,239001,-6660,-3406,-0.0274916926379229,-0.0142509863975465
"706","2015","서울","성동구","초등학교",2015-04-01,"전체",2150,2441,2362,-79,-212,-291,-0.0323637853338796,-0.0897544453852667,-0.119213437115936,296184,302026,299602,-5842,-3418,-0.0193427055948826,-0.0114084685683006
"707","2015","서울","성동구","초등학교",2015-04-01,"여자",1055,1187,1150,-37,-95,-132,-0.0311710193765796,-0.0826086956521739,-0.111204717775906,296184,302026,299602,-5842,-3418,-0.0193427055948826,-0.0114084685683006
"708","2015","서울","성동구","초등학교",2015-04-01,"남자",1095,1254,1212,-42,-117,-159,-0.0334928229665072,-0.0965346534653465,-0.126794258373206,296184,302026,299602,-5842,-3418,-0.0193427055948826,-0.0114084685683006
"709","2015","서울","광진구","초등학교",2015-04-01,"전체",2606,2615,2532,-83,74,-9,-0.0317399617590822,0.0292259083728278,-0.00344168260038241,362884,370866,367893,-7982,-5009,-0.0215225984587425,-0.01361537186084
"710","2015","서울","광진구","초등학교",2015-04-01,"여자",1237,1265,1221,-44,16,-28,-0.0347826086956522,0.0131040131040131,-0.0221343873517787,362884,370866,367893,-7982,-5009,-0.0215225984587425,-0.01361537186084
"711","2015","서울","광진구","초등학교",2015-04-01,"남자",1369,1350,1311,-39,58,19,-0.0288888888888889,0.0442410373760488,0.0140740740740741,362884,370866,367893,-7982,-5009,-0.0215225984587425,-0.01361537186084
"712","2015","서울","동대문구","초등학교",2015-04-01,"전체",2597,2692,2644,-48,-47,-95,-0.0178306092124814,-0.0177760968229955,-0.0352897473997028,363641,362380,363331,1261,310,0.00347977261438269,0.000853216488546257
"713","2015","서울","동대문구","초등학교",2015-04-01,"여자",1266,1327,1298,-29,-32,-61,-0.0218538055764883,-0.024653312788906,-0.0459683496608892,363641,362380,363331,1261,310,0.00347977261438269,0.000853216488546257
"714","2015","서울","동대문구","초등학교",2015-04-01,"남자",1331,1365,1346,-19,-15,-34,-0.0139194139194139,-0.0111441307578009,-0.0249084249084249,363641,362380,363331,1261,310,0.00347977261438269,0.000853216488546257
"715","2015","서울","중랑구","초등학교",2015-04-01,"전체",2837,3082,3019,-63,-182,-245,-0.0204412719013628,-0.060284862537264,-0.0794938351719663,418530,418360,418080,170,450,0.000406348599292475,0.00107634902411022
"716","2015","서울","중랑구","초등학교",2015-04-01,"여자",1398,1505,1468,-37,-70,-107,-0.0245847176079734,-0.0476839237057221,-0.0710963455149502,418530,418360,418080,170,450,0.000406348599292475,0.00107634902411022
"717","2015","서울","중랑구","초등학교",2015-04-01,"남자",1439,1577,1551,-26,-112,-138,-0.0164870006341154,-0.0722114764667956,-0.0875079264426126,418530,418360,418080,170,450,0.000406348599292475,0.00107634902411022
"718","2015","서울","성북구","초등학교",2015-04-01,"전체",3897,4069,3973,-96,-76,-172,-0.0235930203981322,-0.0191291215706016,-0.0422708282133202,465465,481357,475278,-15892,-9813,-0.0330149971850415,-0.0206468635198768
"719","2015","서울","성북구","초등학교",2015-04-01,"여자",1879,1978,1951,-27,-72,-99,-0.0136501516683519,-0.0369041517170682,-0.0500505561172902,465465,481357,475278,-15892,-9813,-0.0330149971850415,-0.0206468635198768
"720","2015","서울","성북구","초등학교",2015-04-01,"남자",2018,2091,2022,-69,-4,-73,-0.0329985652797704,-0.0019782393669634,-0.0349115255858441,465465,481357,475278,-15892,-9813,-0.0330149971850415,-0.0206468635198768
"721","2015","서울","강북구","초등학교",2015-04-01,"전체",1857,2540,2417,-123,-560,-683,-0.0484251968503937,-0.231692180388912,-0.268897637795276,334260,342241,336797,-7981,-2537,-0.0233198243343141,-0.00753272742928233
"722","2015","서울","강북구","초등학교",2015-04-01,"여자",927,1282,1214,-68,-287,-355,-0.0530421216848674,-0.236408566721582,-0.276911076443058,334260,342241,336797,-7981,-2537,-0.0233198243343141,-0.00753272742928233
"723","2015","서울","강북구","초등학교",2015-04-01,"남자",930,1258,1203,-55,-273,-328,-0.0437201907790143,-0.226932668329177,-0.260731319554849,334260,342241,336797,-7981,-2537,-0.0233198243343141,-0.00753272742928233
"724","2015","서울","도봉구","초등학교",2015-04-01,"전체",2829,2687,2620,-67,209,142,-0.0249348716040194,0.0797709923664122,0.0528470413100112,353447,361438,357403,-7991,-3956,-0.0221089094118493,-0.011068737531582
"725","2015","서울","도봉구","초등학교",2015-04-01,"여자",1358,1307,1291,-16,67,51,-0.0122417750573833,0.0518977536793184,0.0390206579954093,353447,361438,357403,-7991,-3956,-0.0221089094118493,-0.011068737531582
"726","2015","서울","도봉구","초등학교",2015-04-01,"남자",1471,1380,1329,-51,142,91,-0.0369565217391304,0.106847253574116,0.0659420289855072,353447,361438,357403,-7991,-3956,-0.0221089094118493,-0.011068737531582
"727","2015","서울","노원구","초등학교",2015-04-01,"전체",4889,4832,4734,-98,155,57,-0.0202814569536424,0.0327418673426278,0.011796357615894,580650,595157,587723,-14507,-7073,-0.0243750808610165,-0.0120345809165202
"728","2015","서울","노원구","초등학교",2015-04-01,"여자",2387,2404,2341,-63,46,-17,-0.0262063227953411,0.01964972234088,-0.00707154742096506,580650,595157,587723,-14507,-7073,-0.0243750808610165,-0.0120345809165202
"729","2015","서울","노원구","초등학교",2015-04-01,"남자",2502,2428,2393,-35,109,74,-0.0144151565074135,0.0455495194316757,0.0304777594728171,580650,595157,587723,-14507,-7073,-0.0243750808610165,-0.0120345809165202
"730","2015","서울","은평구","초등학교",2015-04-01,"전체",3945,4302,4167,-135,-222,-357,-0.0313807531380753,-0.0532757379409647,-0.0829846582984658,499559,503813,501761,-4254,-2202,-0.00844360903748018,-0.00438854354961824
"731","2015","서울","은평구","초등학교",2015-04-01,"여자",1886,2059,1990,-69,-104,-173,-0.0335114133074308,-0.0522613065326633,-0.0840213695968917,499559,503813,501761,-4254,-2202,-0.00844360903748018,-0.00438854354961824
"732","2015","서울","은평구","초등학교",2015-04-01,"남자",2059,2243,2177,-66,-118,-184,-0.0294248773963442,-0.0542030316949931,-0.082032991529202,499559,503813,501761,-4254,-2202,-0.00844360903748018,-0.00438854354961824
"733","2015","서울","서대문구","초등학교",2015-04-01,"전체",2139,2256,2196,-60,-57,-117,-0.0265957446808511,-0.0259562841530055,-0.0518617021276596,309048,316444,313964,-7396,-4916,-0.023372223837393,-0.0156578461224854
"734","2015","서울","서대문구","초등학교",2015-04-01,"여자",1041,1070,1057,-13,-16,-29,-0.0121495327102804,-0.0151371807000946,-0.0271028037383178,309048,316444,313964,-7396,-4916,-0.023372223837393,-0.0156578461224854
"735","2015","서울","서대문구","초등학교",2015-04-01,"남자",1098,1186,1139,-47,-41,-88,-0.0396290050590219,-0.0359964881474978,-0.0741989881956155,309048,316444,313964,-7396,-4916,-0.023372223837393,-0.0156578461224854
"736","2015","서울","마포구","초등학교",2015-04-01,"전체",2922,3262,3183,-79,-261,-340,-0.0242182709993869,-0.0819981149858624,-0.104230533415083,388607,384122,382002,4485,6605,0.0116759779445072,0.0172904853901288
"737","2015","서울","마포구","초등학교",2015-04-01,"여자",1418,1559,1535,-24,-117,-141,-0.0153944836433611,-0.0762214983713355,-0.0904425914047466,388607,384122,382002,4485,6605,0.0116759779445072,0.0172904853901288
"738","2015","서울","마포구","초등학교",2015-04-01,"남자",1504,1703,1648,-55,-144,-199,-0.0322959483264827,-0.087378640776699,-0.116852613035819,388607,384122,382002,4485,6605,0.0116759779445072,0.0172904853901288
"739","2015","서울","양천구","초등학교",2015-04-01,"전체",4078,3822,3914,92,164,256,0.0240711669283098,0.0419008686765457,0.0669806384092098,486213,495115,491243,-8902,-5030,-0.0179796612908112,-0.0102393316545986
"740","2015","서울","양천구","초등학교",2015-04-01,"여자",1980,1859,1904,45,76,121,0.0242065626681011,0.0399159663865546,0.0650887573964497,486213,495115,491243,-8902,-5030,-0.0179796612908112,-0.0102393316545986
"741","2015","서울","양천구","초등학교",2015-04-01,"남자",2098,1963,2010,47,88,135,0.0239429444727458,0.0437810945273632,0.0687722873153337,486213,495115,491243,-8902,-5030,-0.0179796612908112,-0.0102393316545986
"742","2015","서울","강서구","초등학교",2015-04-01,"전체",4766,4663,4591,-72,175,103,-0.015440703409822,0.0381180570681769,0.0220887840446065,587683,567806,568553,19877,19130,0.0350066748149896,0.0336468192059491
"743","2015","서울","강서구","초등학교",2015-04-01,"여자",2329,2279,2233,-46,96,50,-0.0201842913558578,0.0429914912673533,0.0219394471259324,587683,567806,568553,19877,19130,0.0350066748149896,0.0336468192059491
"744","2015","서울","강서구","초등학교",2015-04-01,"남자",2437,2384,2358,-26,79,53,-0.0109060402684564,0.0335029686174724,0.0222315436241611,587683,567806,568553,19877,19130,0.0350066748149896,0.0336468192059491
"745","2015","서울","구로구","초등학교",2015-04-01,"전체",3494,4034,3917,-117,-423,-540,-0.0290034705007437,-0.107990809292826,-0.133862171541894,425792,427237,427391,-1445,-1599,-0.00338219770291431,-0.00374130480052224
"746","2015","서울","구로구","초등학교",2015-04-01,"여자",1714,1996,1950,-46,-236,-282,-0.0230460921843687,-0.121025641025641,-0.141282565130261,425792,427237,427391,-1445,-1599,-0.00338219770291431,-0.00374130480052224
"747","2015","서울","구로구","초등학교",2015-04-01,"남자",1780,2038,1967,-71,-187,-258,-0.034838076545633,-0.0950686324351805,-0.126594700686948,425792,427237,427391,-1445,-1599,-0.00338219770291431,-0.00374130480052224
"748","2015","서울","금천구","초등학교",2015-04-01,"전체",1550,1731,1636,-95,-86,-181,-0.0548815713460427,-0.0525672371638142,-0.104563835932987,238560,242807,240281,-4247,-1721,-0.0174912584892528,-0.00716244730128475
"749","2015","서울","금천구","초등학교",2015-04-01,"여자",755,851,809,-42,-54,-96,-0.0493537015276146,-0.0667490729295426,-0.112808460634548,238560,242807,240281,-4247,-1721,-0.0174912584892528,-0.00716244730128475
"750","2015","서울","금천구","초등학교",2015-04-01,"남자",795,880,827,-53,-32,-85,-0.0602272727272727,-0.0386940749697703,-0.0965909090909091,238560,242807,240281,-4247,-1721,-0.0174912584892528,-0.00716244730128475
"751","2015","서울","영등포구","초등학교",2015-04-01,"전체",2589,3099,2939,-160,-350,-510,-0.0516295579219103,-0.119088125212657,-0.164569215876089,382553,390508,386063,-7955,-3510,-0.020370901492415,-0.00909178035709198
"752","2015","서울","영등포구","초등학교",2015-04-01,"여자",1266,1560,1484,-76,-218,-294,-0.0487179487179487,-0.146900269541779,-0.188461538461538,382553,390508,386063,-7955,-3510,-0.020370901492415,-0.00909178035709198
"753","2015","서울","영등포구","초등학교",2015-04-01,"남자",1323,1539,1455,-84,-132,-216,-0.0545808966861598,-0.0907216494845361,-0.140350877192982,382553,390508,386063,-7955,-3510,-0.020370901492415,-0.00909178035709198
"754","2015","서울","동작구","초등학교",2015-04-01,"전체",2908,3239,3177,-62,-269,-331,-0.0191417104044458,-0.0846710733396286,-0.102192034578574,407520,409503,411194,-1983,-3674,-0.00484245536662735,-0.00893495527658478
"755","2015","서울","동작구","초등학교",2015-04-01,"여자",1425,1607,1571,-36,-146,-182,-0.0224019912881145,-0.0929344366645449,-0.113254511512134,407520,409503,411194,-1983,-3674,-0.00484245536662735,-0.00893495527658478
"756","2015","서울","동작구","초등학교",2015-04-01,"남자",1483,1632,1606,-26,-123,-149,-0.0159313725490196,-0.076587795765878,-0.0912990196078431,407520,409503,411194,-1983,-3674,-0.00484245536662735,-0.00893495527658478
"757","2015","서울","관악구","초등학교",2015-04-01,"전체",3015,3557,3354,-203,-339,-542,-0.0570705650829351,-0.101073345259392,-0.152375597413551,514243,522650,517690,-8407,-3447,-0.016085334353774,-0.00665842492611408
"758","2015","서울","관악구","초등학교",2015-04-01,"여자",1453,1697,1590,-107,-137,-244,-0.0630524454920448,-0.0861635220125786,-0.143783146729523,514243,522650,517690,-8407,-3447,-0.016085334353774,-0.00665842492611408
"759","2015","서울","관악구","초등학교",2015-04-01,"남자",1562,1860,1764,-96,-202,-298,-0.0516129032258065,-0.114512471655329,-0.160215053763441,514243,522650,517690,-8407,-3447,-0.016085334353774,-0.00665842492611408
"760","2015","서울","서초구","초등학교",2015-04-01,"전체",3949,3839,4001,162,-52,110,0.0421984891898932,-0.0129967508122969,0.0286532951289398,447750,438078,443230,9672,4520,0.022078260035884,0.0101978656679376
"761","2015","서울","서초구","초등학교",2015-04-01,"여자",1932,1881,1975,94,-43,51,0.049973418394471,-0.0217721518987342,0.0271132376395534,447750,438078,443230,9672,4520,0.022078260035884,0.0101978656679376
"762","2015","서울","서초구","초등학교",2015-04-01,"남자",2017,1958,2026,68,-9,59,0.034729315628192,-0.00444225074037512,0.0301327885597549,447750,438078,443230,9672,4520,0.022078260035884,0.0101978656679376
"763","2015","서울","강남구","초등학교",2015-04-01,"전체",3987,4050,4114,64,-127,-63,0.0158024691358025,-0.0308701993193972,-0.0155555555555556,577417,562361,566754,15056,10663,0.0267728380879897,0.0188141592295776
"764","2015","서울","강남구","초등학교",2015-04-01,"여자",1890,1924,1954,30,-64,-34,0.0155925155925156,-0.0327533265097236,-0.0176715176715177,577417,562361,566754,15056,10663,0.0267728380879897,0.0188141592295776
"765","2015","서울","강남구","초등학교",2015-04-01,"남자",2097,2126,2160,34,-63,-29,0.0159924741298213,-0.0291666666666667,-0.0136406396989652,577417,562361,566754,15056,10663,0.0267728380879897,0.0188141592295776
"766","2015","서울","송파구","초등학교",2015-04-01,"전체",5201,5431,5633,202,-432,-230,0.0371938869453139,-0.0766909284573052,-0.0423494752347634,665141,668305,671431,-3164,-6290,-0.00473436529728193,-0.00936805122194239
"767","2015","서울","송파구","초등학교",2015-04-01,"여자",2485,2626,2720,94,-235,-141,0.0357958872810358,-0.0863970588235294,-0.0536938309215537,665141,668305,671431,-3164,-6290,-0.00473436529728193,-0.00936805122194239
"768","2015","서울","송파구","초등학교",2015-04-01,"남자",2716,2805,2913,108,-197,-89,0.0385026737967914,-0.0676278750429111,-0.031729055258467,665141,668305,671431,-3164,-6290,-0.00473436529728193,-0.00936805122194239
"769","2015","서울","강동구","초등학교",2015-04-01,"전체",3679,4091,3978,-113,-299,-412,-0.027621608408702,-0.0751633986928105,-0.100708873136153,470109,486426,481599,-16317,-11490,-0.0335446707207263,-0.0238580229610111
"770","2015","서울","강동구","초등학교",2015-04-01,"여자",1748,2026,1949,-77,-201,-278,-0.0380059230009872,-0.103129810159056,-0.137216189536032,470109,486426,481599,-16317,-11490,-0.0335446707207263,-0.0238580229610111
"771","2015","서울","강동구","초등학교",2015-04-01,"남자",1931,2065,2029,-36,-98,-134,-0.0174334140435835,-0.0482996550024643,-0.0648910411622276,470109,486426,481599,-16317,-11490,-0.0335446707207263,-0.0238580229610111
"772","2015","부산","중구","초등학교",2015-04-01,"전체",245,217,214,-3,31,28,-0.0138248847926267,0.144859813084112,0.129032258064516,46634,47953,47258,-1319,-624,-0.0275060997226451,-0.0132041135892336
"773","2015","부산","중구","초등학교",2015-04-01,"여자",108,102,98,-4,10,6,-0.0392156862745098,0.102040816326531,0.0588235294117647,46634,47953,47258,-1319,-624,-0.0275060997226451,-0.0132041135892336
"774","2015","부산","중구","초등학교",2015-04-01,"남자",137,115,116,1,21,22,0.00869565217391304,0.181034482758621,0.191304347826087,46634,47953,47258,-1319,-624,-0.0275060997226451,-0.0132041135892336
"775","2015","부산","서구","초등학교",2015-04-01,"전체",599,641,622,-19,-23,-42,-0.0296411856474259,-0.0369774919614148,-0.0655226209048362,117389,119930,118719,-2541,-1330,-0.0211873592929209,-0.0112029245529359
"776","2015","부산","서구","초등학교",2015-04-01,"여자",317,297,291,-6,26,20,-0.0202020202020202,0.0893470790378007,0.0673400673400673,117389,119930,118719,-2541,-1330,-0.0211873592929209,-0.0112029245529359
"777","2015","부산","서구","초등학교",2015-04-01,"남자",282,344,331,-13,-49,-62,-0.0377906976744186,-0.148036253776435,-0.180232558139535,117389,119930,118719,-2541,-1330,-0.0211873592929209,-0.0112029245529359
"778","2015","부산","동구","초등학교",2015-04-01,"전체",426,508,497,-11,-71,-82,-0.0216535433070866,-0.142857142857143,-0.161417322834646,93802,97888,95360,-4086,-1558,-0.0417415822164106,-0.0163380872483221
"779","2015","부산","동구","초등학교",2015-04-01,"여자",208,245,246,1,-38,-37,0.00408163265306122,-0.154471544715447,-0.151020408163265,93802,97888,95360,-4086,-1558,-0.0417415822164106,-0.0163380872483221
"780","2015","부산","동구","초등학교",2015-04-01,"남자",218,263,251,-12,-33,-45,-0.0456273764258555,-0.131474103585657,-0.171102661596958,93802,97888,95360,-4086,-1558,-0.0417415822164106,-0.0163380872483221
"781","2015","부산","영도구","초등학교",2015-04-01,"전체",732,813,766,-47,-34,-81,-0.0578105781057811,-0.0443864229765013,-0.0996309963099631,131247,138669,134532,-7422,-3285,-0.0535231378318153,-0.0244179823387744
"782","2015","부산","영도구","초등학교",2015-04-01,"여자",361,413,386,-27,-25,-52,-0.0653753026634383,-0.0647668393782383,-0.12590799031477,131247,138669,134532,-7422,-3285,-0.0535231378318153,-0.0244179823387744
"783","2015","부산","영도구","초등학교",2015-04-01,"남자",371,400,380,-20,-9,-29,-0.05,-0.0236842105263158,-0.0725,131247,138669,134532,-7422,-3285,-0.0535231378318153,-0.0244179823387744
"784","2015","부산","부산진구","초등학교",2015-04-01,"전체",2722,2796,2679,-117,43,-74,-0.0418454935622318,0.0160507652108996,-0.0264663805436338,386484,392457,388696,-5973,-2212,-0.0152195017543323,-0.00569082264803342
"785","2015","부산","부산진구","초등학교",2015-04-01,"여자",1307,1356,1289,-67,18,-49,-0.0494100294985251,0.0139643134212568,-0.0361356932153392,386484,392457,388696,-5973,-2212,-0.0152195017543323,-0.00569082264803342
"786","2015","부산","부산진구","초등학교",2015-04-01,"남자",1415,1440,1390,-50,25,-25,-0.0347222222222222,0.0179856115107914,-0.0173611111111111,386484,392457,388696,-5973,-2212,-0.0152195017543323,-0.00569082264803342
"787","2015","부산","동래구","초등학교",2015-04-01,"전체",2025,1907,2033,126,-8,118,0.0660723649711589,-0.00393507132316773,0.0618772941793393,274277,277173,277728,-2896,-3451,-0.0104483481435782,-0.0124258267081461
"788","2015","부산","동래구","초등학교",2015-04-01,"여자",964,933,972,39,-8,31,0.0418006430868167,-0.00823045267489712,0.0332261521972133,274277,277173,277728,-2896,-3451,-0.0104483481435782,-0.0124258267081461
"789","2015","부산","동래구","초등학교",2015-04-01,"남자",1061,974,1061,87,0,87,0.0893223819301848,0,0.0893223819301848,274277,277173,277728,-2896,-3451,-0.0104483481435782,-0.0124258267081461
"790","2015","부산","남구","초등학교",2015-04-01,"전체",2073,2037,2083,46,-10,36,0.0225822287677958,-0.00480076812289966,0.0176730486008837,286537,289912,290134,-3375,-3597,-0.0116414636165457,-0.0123977196743574
"791","2015","부산","남구","초등학교",2015-04-01,"여자",1026,1017,1047,30,-21,9,0.0294985250737463,-0.0200573065902579,0.00884955752212389,286537,289912,290134,-3375,-3597,-0.0116414636165457,-0.0123977196743574
"792","2015","부산","남구","초등학교",2015-04-01,"남자",1047,1020,1036,16,11,27,0.0156862745098039,0.0106177606177606,0.0264705882352941,286537,289912,290134,-3375,-3597,-0.0116414636165457,-0.0123977196743574
"793","2015","부산","북구","초등학교",2015-04-01,"전체",2282,2361,2314,-47,-32,-79,-0.0199068191444303,-0.013828867761452,-0.0334603981363829,306047,313494,308273,-7447,-2226,-0.0237548406030099,-0.00722087240854697
"794","2015","부산","북구","초등학교",2015-04-01,"여자",1095,1126,1100,-26,-5,-31,-0.0230905861456483,-0.00454545454545455,-0.0275310834813499,306047,313494,308273,-7447,-2226,-0.0237548406030099,-0.00722087240854697
"795","2015","부산","북구","초등학교",2015-04-01,"남자",1187,1235,1214,-21,-27,-48,-0.017004048582996,-0.0222405271828666,-0.0388663967611336,306047,313494,308273,-7447,-2226,-0.0237548406030099,-0.00722087240854697
"796","2015","부산","해운대구","초등학교",2015-04-01,"전체",3411,3490,3450,-40,-39,-79,-0.0114613180515759,-0.011304347826087,-0.0226361031518625,423090,428813,423523,-5723,-433,-0.0133461438902272,-0.00102237658875669
"797","2015","부산","해운대구","초등학교",2015-04-01,"여자",1639,1652,1636,-16,3,-13,-0.00968523002421308,0.00183374083129584,-0.00786924939467312,423090,428813,423523,-5723,-433,-0.0133461438902272,-0.00102237658875669
"798","2015","부산","해운대구","초등학교",2015-04-01,"남자",1772,1838,1814,-24,-42,-66,-0.0130576713819369,-0.0231532524807056,-0.0359085963003264,423090,428813,423523,-5723,-433,-0.0133461438902272,-0.00102237658875669
"799","2015","부산","사하구","초등학교",2015-04-01,"전체",2547,2833,2740,-93,-193,-286,-0.0328273914578186,-0.0704379562043796,-0.100953053300388,341772,351912,347078,-10140,-5306,-0.02881402168724,-0.0152876298699428
"800","2015","부산","사하구","초등학교",2015-04-01,"여자",1264,1394,1354,-40,-90,-130,-0.0286944045911047,-0.0664697193500739,-0.0932568149210904,341772,351912,347078,-10140,-5306,-0.02881402168724,-0.0152876298699428
"801","2015","부산","사하구","초등학교",2015-04-01,"남자",1283,1439,1386,-53,-103,-156,-0.0368311327310632,-0.0743145743145743,-0.108408617095205,341772,351912,347078,-10140,-5306,-0.02881402168724,-0.0152876298699428
"802","2015","부산","금정구","초등학교",2015-04-01,"전체",1619,1574,1551,-23,68,45,-0.0146124523506989,0.0438426821405545,0.0285895806861499,248270,255802,251933,-7532,-3663,-0.029444648595398,-0.0145395799676898
"803","2015","부산","금정구","초등학교",2015-04-01,"여자",760,732,735,3,25,28,0.00409836065573771,0.0340136054421769,0.0382513661202186,248270,255802,251933,-7532,-3663,-0.029444648595398,-0.0145395799676898
"804","2015","부산","금정구","초등학교",2015-04-01,"남자",859,842,816,-26,43,17,-0.0308788598574822,0.0526960784313725,0.0201900237529691,248270,255802,251933,-7532,-3663,-0.029444648595398,-0.0145395799676898
"805","2015","부산","강서구","초등학교",2015-04-01,"전체",837,626,741,115,96,211,0.18370607028754,0.129554655870445,0.337060702875399,83291,67045,72618,16246,10673,0.242314863151615,0.146974579305406
"806","2015","부산","강서구","초등학교",2015-04-01,"여자",426,316,372,56,54,110,0.177215189873418,0.145161290322581,0.348101265822785,83291,67045,72618,16246,10673,0.242314863151615,0.146974579305406
"807","2015","부산","강서구","초등학교",2015-04-01,"남자",411,310,369,59,42,101,0.190322580645161,0.113821138211382,0.325806451612903,83291,67045,72618,16246,10673,0.242314863151615,0.146974579305406
"808","2015","부산","연제구","초등학교",2015-04-01,"전체",1569,1547,1544,-3,25,22,-0.00193923723335488,0.0161917098445596,0.0142210730446025,207773,210766,209051,-2993,-1278,-0.0142005826366682,-0.00611334076373708
"809","2015","부산","연제구","초등학교",2015-04-01,"여자",764,745,734,-11,30,19,-0.0147651006711409,0.0408719346049046,0.025503355704698,207773,210766,209051,-2993,-1278,-0.0142005826366682,-0.00611334076373708
"810","2015","부산","연제구","초등학교",2015-04-01,"남자",805,802,810,8,-5,3,0.00997506234413965,-0.00617283950617284,0.00374064837905237,207773,210766,209051,-2993,-1278,-0.0142005826366682,-0.00611334076373708
"811","2015","부산","수영구","초등학교",2015-04-01,"전체",1114,1162,1118,-44,-4,-48,-0.0378657487091222,-0.0035778175313059,-0.0413080895008606,179325,176724,175577,2601,3748,0.0147178651456508,0.0213467595413978
"812","2015","부산","수영구","초등학교",2015-04-01,"여자",552,580,557,-23,-5,-28,-0.0396551724137931,-0.00897666068222621,-0.0482758620689655,179325,176724,175577,2601,3748,0.0147178651456508,0.0213467595413978
"813","2015","부산","수영구","초등학교",2015-04-01,"남자",562,582,561,-21,1,-20,-0.0360824742268041,0.0017825311942959,-0.0343642611683849,179325,176724,175577,2601,3748,0.0147178651456508,0.0213467595413978
"814","2015","부산","사상구","초등학교",2015-04-01,"전체",1563,1773,1705,-68,-142,-210,-0.0383530738860688,-0.0832844574780059,-0.11844331641286,241378,249600,245512,-8222,-4134,-0.0329407051282051,-0.0168382808172309
"815","2015","부산","사상구","초등학교",2015-04-01,"여자",770,887,853,-34,-83,-117,-0.0383314543404735,-0.0973036342321219,-0.131905298759865,241378,249600,245512,-8222,-4134,-0.0329407051282051,-0.0168382808172309
"816","2015","부산","사상구","초등학교",2015-04-01,"남자",793,886,852,-34,-59,-93,-0.0383747178329571,-0.0692488262910798,-0.104966139954853,241378,249600,245512,-8222,-4134,-0.0329407051282051,-0.0168382808172309
"817","2015","부산","기장군","초등학교",2015-04-01,"전체",1712,1380,1635,255,77,332,0.184782608695652,0.0470948012232416,0.240579710144928,148123,119620,137394,28503,10729,0.238279551914396,0.0780892906531581
"818","2015","부산","기장군","초등학교",2015-04-01,"여자",838,669,795,126,43,169,0.188340807174888,0.0540880503144654,0.252615844544096,148123,119620,137394,28503,10729,0.238279551914396,0.0780892906531581
"819","2015","부산","기장군","초등학교",2015-04-01,"남자",874,711,840,129,34,163,0.181434599156118,0.0404761904761905,0.229254571026723,148123,119620,137394,28503,10729,0.238279551914396,0.0780892906531581
"820","2015","대구","중구","초등학교",2015-04-01,"전체",725,508,479,-29,246,217,-0.0570866141732283,0.51356993736952,0.427165354330709,79476,75610,75957,3866,3519,0.0511308028038619,0.0463288439511829
"821","2015","대구","중구","초등학교",2015-04-01,"여자",344,248,233,-15,111,96,-0.0604838709677419,0.476394849785408,0.387096774193548,79476,75610,75957,3866,3519,0.0511308028038619,0.0463288439511829
"822","2015","대구","중구","초등학교",2015-04-01,"남자",381,260,246,-14,135,121,-0.0538461538461538,0.548780487804878,0.465384615384615,79476,75610,75957,3866,3519,0.0511308028038619,0.0463288439511829
"823","2015","대구","동구","초등학교",2015-04-01,"전체",2937,2892,2910,18,27,45,0.00622406639004149,0.00927835051546392,0.0155601659751037,349321,342076,347569,7245,1752,0.021179503969878,0.00504072572640253
"824","2015","대구","동구","초등학교",2015-04-01,"여자",1443,1387,1406,19,37,56,0.0136986301369863,0.0263157894736842,0.0403749098774333,349321,342076,347569,7245,1752,0.021179503969878,0.00504072572640253
"825","2015","대구","동구","초등학교",2015-04-01,"남자",1494,1505,1504,-1,-10,-11,-0.000664451827242525,-0.00664893617021277,-0.00730897009966777,349321,342076,347569,7245,1752,0.021179503969878,0.00504072572640253
"826","2015","대구","서구","초등학교",2015-04-01,"전체",1081,1278,1209,-69,-128,-197,-0.0539906103286385,-0.105872622001654,-0.15414710485133,208887,218884,214543,-9997,-5656,-0.0456725937026005,-0.0263630134751542
"827","2015","대구","서구","초등학교",2015-04-01,"여자",532,644,616,-28,-84,-112,-0.0434782608695652,-0.136363636363636,-0.173913043478261,208887,218884,214543,-9997,-5656,-0.0456725937026005,-0.0263630134751542
"828","2015","대구","서구","초등학교",2015-04-01,"남자",549,634,593,-41,-44,-85,-0.0646687697160883,-0.0741989881956155,-0.134069400630915,208887,218884,214543,-9997,-5656,-0.0456725937026005,-0.0263630134751542
"829","2015","대구","남구","초등학교",2015-04-01,"전체",835,1019,987,-32,-152,-184,-0.0314033366045142,-0.154002026342452,-0.180569185475957,162828,168479,165317,-5651,-2489,-0.0335412722060316,-0.0150559228633474
"830","2015","대구","남구","초등학교",2015-04-01,"여자",388,475,457,-18,-69,-87,-0.0378947368421053,-0.150984682713348,-0.183157894736842,162828,168479,165317,-5651,-2489,-0.0335412722060316,-0.0150559228633474
"831","2015","대구","남구","초등학교",2015-04-01,"남자",447,544,530,-14,-83,-97,-0.0257352941176471,-0.156603773584906,-0.178308823529412,162828,168479,165317,-5651,-2489,-0.0335412722060316,-0.0150559228633474
"832","2015","대구","북구","초등학교",2015-04-01,"전체",4012,4258,4167,-91,-155,-246,-0.0213715359323626,-0.037197024238061,-0.0577736026303429,443386,448039,443903,-4653,-517,-0.0103852566406049,-0.00116466885783606
"833","2015","대구","북구","초등학교",2015-04-01,"여자",1923,2038,2007,-31,-84,-115,-0.0152109911678116,-0.0418535127055306,-0.0564278704612365,443386,448039,443903,-4653,-517,-0.0103852566406049,-0.00116466885783606
"834","2015","대구","북구","초등학교",2015-04-01,"남자",2089,2220,2160,-60,-71,-131,-0.027027027027027,-0.0328703703703704,-0.059009009009009,443386,448039,443903,-4653,-517,-0.0103852566406049,-0.00116466885783606
"835","2015","대구","수성구","초등학교",2015-04-01,"전체",3825,3479,3766,287,59,346,0.0824949698189135,0.0156664896441848,0.0994538660534636,453187,460163,460041,-6976,-6854,-0.0151598455329959,-0.0148986720748803
"836","2015","대구","수성구","초등학교",2015-04-01,"여자",1829,1636,1765,129,64,193,0.0788508557457213,0.0362606232294618,0.117970660146699,453187,460163,460041,-6976,-6854,-0.0151598455329959,-0.0148986720748803
"837","2015","대구","수성구","초등학교",2015-04-01,"남자",1996,1843,2001,158,-5,153,0.085729788388497,-0.00249875062468766,0.0830168204015193,453187,460163,460041,-6976,-6854,-0.0151598455329959,-0.0148986720748803
"838","2015","대구","달서구","초등학교",2015-04-01,"전체",5558,5186,5283,97,275,372,0.0187042036251446,0.0520537573348476,0.0717315850366371,607589,606851,608097,738,-508,0.00121611400492048,-0.000835393037623932
"839","2015","대구","달서구","초등학교",2015-04-01,"여자",2647,2472,2497,25,150,175,0.0101132686084142,0.0600720865038046,0.0707928802588997,607589,606851,608097,738,-508,0.00121611400492048,-0.000835393037623932
"840","2015","대구","달서구","초등학교",2015-04-01,"남자",2911,2714,2786,72,125,197,0.0265291083271923,0.0448671931083991,0.0725865880619013,607589,606851,608097,738,-508,0.00121611400492048,-0.000835393037623932
"841","2015","대구","달성군","초등학교",2015-04-01,"전체",1893,2061,1994,-67,-101,-168,-0.0325084910237749,-0.0506519558676028,-0.0815138282387191,186871,184786,184453,2085,2418,0.0112833223296137,0.0131090304847305
"842","2015","대구","달성군","초등학교",2015-04-01,"여자",908,973,950,-23,-42,-65,-0.0236382322713258,-0.0442105263157895,-0.0668036998972251,186871,184786,184453,2085,2418,0.0112833223296137,0.0131090304847305
"843","2015","대구","달성군","초등학교",2015-04-01,"남자",985,1088,1044,-44,-59,-103,-0.0404411764705882,-0.0565134099616858,-0.0946691176470588,186871,184786,184453,2085,2418,0.0112833223296137,0.0131090304847305
"844","2015","인천","중구","초등학교",2015-04-01,"전체",1248,992,1045,53,203,256,0.0534274193548387,0.194258373205742,0.258064516129032,113718,102712,109782,11006,3936,0.107153983955137,0.0358528720555282
"845","2015","인천","중구","초등학교",2015-04-01,"여자",620,507,524,17,96,113,0.0335305719921105,0.183206106870229,0.222879684418146,113718,102712,109782,11006,3936,0.107153983955137,0.0358528720555282
"846","2015","인천","중구","초등학교",2015-04-01,"남자",628,485,521,36,107,143,0.0742268041237113,0.205374280230326,0.294845360824742,113718,102712,109782,11006,3936,0.107153983955137,0.0358528720555282
"847","2015","인천","동구","초등학교",2015-04-01,"전체",761,678,647,-31,114,83,-0.0457227138643068,0.176197836166924,0.122418879056047,73755,76144,74661,-2389,-906,-0.0313747636057995,-0.0121348495198296
"848","2015","인천","동구","초등학교",2015-04-01,"여자",379,331,321,-10,58,48,-0.0302114803625378,0.180685358255452,0.145015105740181,73755,76144,74661,-2389,-906,-0.0313747636057995,-0.0121348495198296
"849","2015","인천","동구","초등학교",2015-04-01,"남자",382,347,326,-21,56,35,-0.0605187319884726,0.171779141104294,0.100864553314121,73755,76144,74661,-2389,-906,-0.0313747636057995,-0.0121348495198296
"850","2015","인천","남구","초등학교",2015-04-01,"전체",2972,3460,3359,-101,-387,-488,-0.0291907514450867,-0.115212860970527,-0.141040462427746,407290,413827,410341,-6537,-3051,-0.0157964560069788,-0.00743527943832081
"851","2015","인천","남구","초등학교",2015-04-01,"여자",1424,1659,1623,-36,-199,-235,-0.0216998191681736,-0.122612446087492,-0.1416515973478,407290,413827,410341,-6537,-3051,-0.0157964560069788,-0.00743527943832081
"852","2015","인천","남구","초등학교",2015-04-01,"남자",1548,1801,1736,-65,-188,-253,-0.0360910605219323,-0.108294930875576,-0.140477512493059,407290,413827,410341,-6537,-3051,-0.0157964560069788,-0.00743527943832081
"853","2015","인천","연수구","초등학교",2015-04-01,"전체",3138,2681,2961,280,177,457,0.10443864229765,0.0597771023302938,0.170458784035808,311725,295152,305414,16573,6311,0.0561507291158454,0.0206637547722108
"854","2015","인천","연수구","초등학교",2015-04-01,"여자",1509,1218,1364,146,145,291,0.119868637110016,0.106304985337243,0.238916256157635,311725,295152,305414,16573,6311,0.0561507291158454,0.0206637547722108
"855","2015","인천","연수구","초등학교",2015-04-01,"남자",1629,1463,1597,134,32,166,0.0915926179084074,0.0200375704445836,0.113465481886535,311725,295152,305414,16573,6311,0.0561507291158454,0.0206637547722108
"856","2015","인천","남동구","초등학교",2015-04-01,"전체",4984,5186,5201,15,-217,-202,0.00289240262244504,-0.0417227456258412,-0.0389510219822599,519172,504526,509150,14646,10022,0.029029227433274,0.0196837867033291
"857","2015","인천","남동구","초등학교",2015-04-01,"여자",2470,2557,2565,8,-95,-87,0.00312866640594447,-0.037037037037037,-0.0340242471646461,519172,504526,509150,14646,10022,0.029029227433274,0.0196837867033291
"858","2015","인천","남동구","초등학교",2015-04-01,"남자",2514,2629,2636,7,-122,-115,0.00266260935717003,-0.0462822458270106,-0.0437428680106504,519172,504526,509150,14646,10022,0.029029227433274,0.0196837867033291
"859","2015","인천","부평구","초등학교",2015-04-01,"전체",4544,4920,4737,-183,-193,-376,-0.0371951219512195,-0.0407430863415664,-0.0764227642276423,557715,558174,556301,-459,1414,-0.000822324221479324,0.00254178942694692
"860","2015","인천","부평구","초등학교",2015-04-01,"여자",2184,2355,2273,-82,-89,-171,-0.0348195329087049,-0.0391553013638363,-0.0726114649681529,557715,558174,556301,-459,1414,-0.000822324221479324,0.00254178942694692
"861","2015","인천","부평구","초등학교",2015-04-01,"남자",2360,2565,2464,-101,-104,-205,-0.0393762183235867,-0.0422077922077922,-0.0799220272904483,557715,558174,556301,-459,1414,-0.000822324221479324,0.00254178942694692
"862","2015","인천","계양구","초등학교",2015-04-01,"전체",2953,3090,3055,-35,-102,-137,-0.0113268608414239,-0.0333878887070376,-0.044336569579288,338461,342590,343360,-4129,-4899,-0.012052307422867,-0.0142678238583411
"863","2015","인천","계양구","초등학교",2015-04-01,"여자",1470,1521,1524,3,-54,-51,0.0019723865877712,-0.0354330708661417,-0.0335305719921105,338461,342590,343360,-4129,-4899,-0.012052307422867,-0.0142678238583411
"864","2015","인천","계양구","초등학교",2015-04-01,"남자",1483,1569,1531,-38,-48,-86,-0.024219247928617,-0.031352057478772,-0.0548119821542384,338461,342590,343360,-4129,-4899,-0.012052307422867,-0.0142678238583411
"865","2015","인천","서구","초등학교",2015-04-01,"전체",5473,5414,5575,161,-102,59,0.0297377170299224,-0.0182959641255605,0.0108976727004064,500546,476879,492830,23667,7716,0.0496289415134657,0.015656514416736
"866","2015","인천","서구","초등학교",2015-04-01,"여자",2734,2621,2720,99,14,113,0.0377718428080885,0.00514705882352941,0.0431133155284243,500546,476879,492830,23667,7716,0.0496289415134657,0.015656514416736
"867","2015","인천","서구","초등학교",2015-04-01,"남자",2739,2793,2855,62,-116,-54,0.0221983530254207,-0.040630472854641,-0.0193340494092374,500546,476879,492830,23667,7716,0.0496289415134657,0.015656514416736
"868","2015","인천","강화군","초등학교",2015-04-01,"전체",382,359,368,9,14,23,0.0250696378830084,0.0380434782608696,0.064066852367688,67186,66463,66804,723,382,0.0108782330018206,0.00571822046584037
"869","2015","인천","강화군","초등학교",2015-04-01,"여자",196,175,182,7,14,21,0.04,0.0769230769230769,0.12,67186,66463,66804,723,382,0.0108782330018206,0.00571822046584037
"870","2015","인천","강화군","초등학교",2015-04-01,"남자",186,184,186,2,0,2,0.0108695652173913,0,0.0108695652173913,67186,66463,66804,723,382,0.0108782330018206,0.00571822046584037
"871","2015","인천","옹진군","초등학교",2015-04-01,"전체",108,149,162,13,-54,-41,0.087248322147651,-0.333333333333333,-0.275167785234899,20739,20200,20615,539,124,0.0266831683168317,0.00601503759398496
"872","2015","인천","옹진군","초등학교",2015-04-01,"여자",53,74,76,2,-23,-21,0.027027027027027,-0.302631578947368,-0.283783783783784,20739,20200,20615,539,124,0.0266831683168317,0.00601503759398496
"873","2015","인천","옹진군","초등학교",2015-04-01,"남자",55,75,86,11,-31,-20,0.146666666666667,-0.36046511627907,-0.266666666666667,20739,20200,20615,539,124,0.0266831683168317,0.00601503759398496
"874","2015","광주","동구","초등학교",2015-04-01,"전체",531,647,624,-23,-93,-116,-0.035548686244204,-0.149038461538462,-0.179289026275116,100584,104694,102134,-4110,-1550,-0.0392572640265918,-0.0151761411479037
"875","2015","광주","동구","초등학교",2015-04-01,"여자",262,306,295,-11,-33,-44,-0.0359477124183007,-0.111864406779661,-0.143790849673203,100584,104694,102134,-4110,-1550,-0.0392572640265918,-0.0151761411479037
"876","2015","광주","동구","초등학교",2015-04-01,"남자",269,341,329,-12,-60,-72,-0.0351906158357771,-0.182370820668693,-0.211143695014663,100584,104694,102134,-4110,-1550,-0.0392572640265918,-0.0151761411479037
"877","2015","광주","서구","초등학교",2015-04-01,"전체",2845,3046,2960,-86,-115,-201,-0.0282337491792515,-0.0388513513513514,-0.0659881812212738,309074,316732,313298,-7658,-4224,-0.0241781695565967,-0.0134823714163512
"878","2015","광주","서구","초등학교",2015-04-01,"여자",1396,1483,1441,-42,-45,-87,-0.0283209710047202,-0.0312283136710618,-0.0586648685097775,309074,316732,313298,-7658,-4224,-0.0241781695565967,-0.0134823714163512
"879","2015","광주","서구","초등학교",2015-04-01,"남자",1449,1563,1519,-44,-70,-114,-0.0281509916826615,-0.0460829493087558,-0.072936660268714,309074,316732,313298,-7658,-4224,-0.0241781695565967,-0.0134823714163512
"880","2015","광주","남구","초등학교",2015-04-01,"전체",2075,1786,1854,68,221,289,0.038073908174692,0.119201725997842,0.161814109742441,220734,218071,215993,2663,4741,0.0122116191515607,0.0219497854097124
"881","2015","광주","남구","초등학교",2015-04-01,"여자",999,884,916,32,83,115,0.0361990950226244,0.0906113537117904,0.130090497737557,220734,218071,215993,2663,4741,0.0122116191515607,0.0219497854097124
"882","2015","광주","남구","초등학교",2015-04-01,"남자",1076,902,938,36,138,174,0.0399113082039911,0.147121535181237,0.19290465631929,220734,218071,215993,2663,4741,0.0122116191515607,0.0219497854097124
"883","2015","광주","북구","초등학교",2015-04-01,"전체",3984,3955,3979,24,5,29,0.00606826801517067,0.00125659713495853,0.00733249051833123,448696,443830,445698,4866,2998,0.0109636572561566,0.00672652782826039
"884","2015","광주","북구","초등학교",2015-04-01,"여자",1931,1887,1921,34,10,44,0.018018018018018,0.00520562207183758,0.023317435082141,448696,443830,445698,4866,2998,0.0109636572561566,0.00672652782826039
"885","2015","광주","북구","초등학교",2015-04-01,"남자",2053,2068,2058,-10,-5,-15,-0.00483558994197292,-0.00242954324586978,-0.00725338491295938,448696,443830,445698,4866,2998,0.0109636572561566,0.00672652782826039
"886","2015","광주","광산구","초등학교",2015-04-01,"전체",5372,5251,5352,101,20,121,0.0192344315368501,0.00373692077727952,0.0230432298609789,398521,387997,394727,10524,3794,0.0271239210612453,0.00961170631854421
"887","2015","광주","광산구","초등학교",2015-04-01,"여자",2640,2651,2677,26,-37,-11,0.00980761976612599,-0.0138214419125887,-0.004149377593361,398521,387997,394727,10524,3794,0.0271239210612453,0.00961170631854421
"888","2015","광주","광산구","초등학교",2015-04-01,"남자",2732,2600,2675,75,57,132,0.0288461538461538,0.0213084112149533,0.0507692307692308,398521,387997,394727,10524,3794,0.0271239210612453,0.00961170631854421
"889","2015","대전","동구","초등학교",2015-04-01,"전체",2149,2430,2342,-88,-193,-281,-0.0362139917695473,-0.0824081981212639,-0.115637860082305,243646,251923,249717,-8277,-6071,-0.0328552772077182,-0.024311520641366
"890","2015","대전","동구","초등학교",2015-04-01,"여자",1039,1166,1126,-40,-87,-127,-0.0343053173241852,-0.0772646536412078,-0.108919382504288,243646,251923,249717,-8277,-6071,-0.0328552772077182,-0.024311520641366
"891","2015","대전","동구","초등학교",2015-04-01,"남자",1110,1264,1216,-48,-106,-154,-0.0379746835443038,-0.0871710526315789,-0.121835443037975,243646,251923,249717,-8277,-6071,-0.0328552772077182,-0.024311520641366
"892","2015","대전","중구","초등학교",2015-04-01,"전체",2374,2329,2343,14,31,45,0.0060111635895234,0.0132309005548442,0.0193215972520395,259061,263698,264488,-4637,-5427,-0.0175845095525943,-0.0205188893257917
"893","2015","대전","중구","초등학교",2015-04-01,"여자",1117,1088,1111,23,6,29,0.0211397058823529,0.0054005400540054,0.0266544117647059,259061,263698,264488,-4637,-5427,-0.0175845095525943,-0.0205188893257917
"894","2015","대전","중구","초등학교",2015-04-01,"남자",1257,1241,1232,-9,25,16,-0.0072522159548751,0.0202922077922078,0.0128928283642224,259061,263698,264488,-4637,-5427,-0.0175845095525943,-0.0205188893257917
"895","2015","대전","서구","초등학교",2015-04-01,"전체",4478,4441,4485,44,-7,37,0.00990767845079937,-0.00156075808249721,0.00833145687908129,495601,497090,497460,-1489,-1859,-0.00299543342251906,-0.00373698387810075
"896","2015","대전","서구","초등학교",2015-04-01,"여자",2156,2079,2104,25,52,77,0.012025012025012,0.0247148288973384,0.037037037037037,495601,497090,497460,-1489,-1859,-0.00299543342251906,-0.00373698387810075
"897","2015","대전","서구","초등학교",2015-04-01,"남자",2322,2362,2381,19,-59,-40,0.00804403048264183,-0.0247795044099118,-0.0169348010160881,495601,497090,497460,-1489,-1859,-0.00299543342251906,-0.00373698387810075
"898","2015","대전","유성구","초등학교",2015-04-01,"전체",4157,3919,4030,111,127,238,0.0283235519265119,0.0315136476426799,0.060729778004593,329022,310314,319924,18708,9098,0.0602873218739728,0.0284380040259562
"899","2015","대전","유성구","초등학교",2015-04-01,"여자",2015,1878,1933,55,82,137,0.0292864749733759,0.0424211070874289,0.0729499467518637,329022,310314,319924,18708,9098,0.0602873218739728,0.0284380040259562
"900","2015","대전","유성구","초등학교",2015-04-01,"남자",2142,2041,2097,56,45,101,0.027437530622244,0.0214592274678112,0.0494855463008329,329022,310314,319924,18708,9098,0.0602873218739728,0.0284380040259562
"901","2015","대전","대덕구","초등학교",2015-04-01,"전체",1708,1821,1796,-25,-88,-113,-0.013728720483251,-0.0489977728285078,-0.0620538165842943,199984,205553,203778,-5569,-3794,-0.0270927692614557,-0.018618300307197
"902","2015","대전","대덕구","초등학교",2015-04-01,"여자",869,906,886,-20,-17,-37,-0.022075055187638,-0.0191873589164786,-0.0408388520971302,199984,205553,203778,-5569,-3794,-0.0270927692614557,-0.018618300307197
"903","2015","대전","대덕구","초등학교",2015-04-01,"남자",839,915,910,-5,-71,-76,-0.00546448087431694,-0.078021978021978,-0.0830601092896175,199984,205553,203778,-5569,-3794,-0.0270927692614557,-0.018618300307197
"904","2015","울산","중구","초등학교",2015-04-01,"전체",2057,1868,1943,75,114,189,0.0401498929336188,0.0586721564590839,0.101177730192719,241759,232649,234211,9110,7548,0.0391577010861856,0.0322273505514259
"905","2015","울산","중구","초등학교",2015-04-01,"여자",1000,899,941,42,59,101,0.0467185761957731,0.0626992561105207,0.112347052280311,241759,232649,234211,9110,7548,0.0391577010861856,0.0322273505514259
"906","2015","울산","중구","초등학교",2015-04-01,"남자",1057,969,1002,33,55,88,0.0340557275541796,0.0548902195608782,0.0908152734778122,241759,232649,234211,9110,7548,0.0391577010861856,0.0322273505514259
"907","2015","울산","남구","초등학교",2015-04-01,"전체",2848,2985,3015,30,-167,-137,0.0100502512562814,-0.0553897180762852,-0.0458961474036851,347250,347378,349633,-128,-2383,-0.000368474687516193,-0.00681571819593688
"908","2015","울산","남구","초등학교",2015-04-01,"여자",1363,1435,1449,14,-86,-72,0.00975609756097561,-0.0593512767425811,-0.0501742160278746,347250,347378,349633,-128,-2383,-0.000368474687516193,-0.00681571819593688
"909","2015","울산","남구","초등학교",2015-04-01,"남자",1485,1550,1566,16,-81,-65,0.0103225806451613,-0.0517241379310345,-0.0419354838709677,347250,347378,349633,-128,-2383,-0.000368474687516193,-0.00681571819593688
"910","2015","울산","동구","초등학교",2015-04-01,"전체",1797,1875,1854,-21,-57,-78,-0.0112,-0.0307443365695793,-0.0416,175972,177636,178267,-1664,-2295,-0.00936747055776982,-0.0128739475057077
"911","2015","울산","동구","초등학교",2015-04-01,"여자",850,873,863,-10,-13,-23,-0.011454753722795,-0.015063731170336,-0.0263459335624284,175972,177636,178267,-1664,-2295,-0.00936747055776982,-0.0128739475057077
"912","2015","울산","동구","초등학교",2015-04-01,"남자",947,1002,991,-11,-44,-55,-0.0109780439121756,-0.0443995963673058,-0.0548902195608782,175972,177636,178267,-1664,-2295,-0.00936747055776982,-0.0128739475057077
"913","2015","울산","북구","초등학교",2015-04-01,"전체",2351,2426,2412,-14,-61,-75,-0.00577081615828524,-0.0252902155887231,-0.0309150865622424,188754,184384,186341,4370,2413,0.0237005380076362,0.0129493777536881
"914","2015","울산","북구","초등학교",2015-04-01,"여자",1137,1143,1153,10,-16,-6,0.00874890638670166,-0.0138768430182134,-0.005249343832021,188754,184384,186341,4370,2413,0.0237005380076362,0.0129493777536881
"915","2015","울산","북구","초등학교",2015-04-01,"남자",1214,1283,1259,-24,-45,-69,-0.0187061574434918,-0.0357426528991263,-0.053780202650039,188754,184384,186341,4370,2413,0.0237005380076362,0.0129493777536881
"916","2015","울산","울주군","초등학교",2015-04-01,"전체",2331,2213,2196,-17,135,118,-0.00768187980117488,0.0614754098360656,0.0533212833258021,215698,208661,210782,7037,4916,0.0337245580151538,0.0233226746116841
"917","2015","울산","울주군","초등학교",2015-04-01,"여자",1106,1100,1082,-18,24,6,-0.0163636363636364,0.022181146025878,0.00545454545454545,215698,208661,210782,7037,4916,0.0337245580151538,0.0233226746116841
"918","2015","울산","울주군","초등학교",2015-04-01,"남자",1225,1113,1114,1,111,112,0.000898472596585804,0.0996409335727109,0.10062893081761,215698,208661,210782,7037,4916,0.0337245580151538,0.0233226746116841
"919","2015","세종","세종시","초등학교",2015-04-01,"전체",2541,1274,1518,244,1023,1267,0.191522762951334,0.673913043478261,0.994505494505495,178656,116345,128200,62311,50456,0.535570931281963,0.393572542901716
"920","2015","세종","세종시","초등학교",2015-04-01,"전체",2541,1274,1518,244,1023,1267,0.191522762951334,0.673913043478261,0.994505494505495,178656,116345,128200,62311,50456,0.535570931281963,0.393572542901716
"921","2015","세종","세종시","초등학교",2015-04-01,"전체",2541,1274,1518,244,1023,1267,0.191522762951334,0.673913043478261,0.994505494505495,178656,116345,128200,62311,50456,0.535570931281963,0.393572542901716
"922","2015","세종","세종시","초등학교",2015-04-01,"전체",2541,1274,1518,244,1023,1267,0.191522762951334,0.673913043478261,0.994505494505495,178656,116345,128200,62311,50456,0.535570931281963,0.393572542901716
"923","2015","세종","세종시","초등학교",2015-04-01,"여자",1274,624,752,128,522,650,0.205128205128205,0.694148936170213,1.04166666666667,178656,116345,128200,62311,50456,0.535570931281963,0.393572542901716
"924","2015","세종","세종시","초등학교",2015-04-01,"여자",1274,624,752,128,522,650,0.205128205128205,0.694148936170213,1.04166666666667,178656,116345,128200,62311,50456,0.535570931281963,0.393572542901716
"925","2015","세종","세종시","초등학교",2015-04-01,"여자",1274,624,752,128,522,650,0.205128205128205,0.694148936170213,1.04166666666667,178656,116345,128200,62311,50456,0.535570931281963,0.393572542901716
"926","2015","세종","세종시","초등학교",2015-04-01,"여자",1274,624,752,128,522,650,0.205128205128205,0.694148936170213,1.04166666666667,178656,116345,128200,62311,50456,0.535570931281963,0.393572542901716
"927","2015","세종","세종시","초등학교",2015-04-01,"남자",1267,650,766,116,501,617,0.178461538461538,0.654046997389034,0.949230769230769,178656,116345,128200,62311,50456,0.535570931281963,0.393572542901716
"928","2015","세종","세종시","초등학교",2015-04-01,"남자",1267,650,766,116,501,617,0.178461538461538,0.654046997389034,0.949230769230769,178656,116345,128200,62311,50456,0.535570931281963,0.393572542901716
"929","2015","세종","세종시","초등학교",2015-04-01,"남자",1267,650,766,116,501,617,0.178461538461538,0.654046997389034,0.949230769230769,178656,116345,128200,62311,50456,0.535570931281963,0.393572542901716
"930","2015","세종","세종시","초등학교",2015-04-01,"남자",1267,650,766,116,501,617,0.178461538461538,0.654046997389034,0.949230769230769,178656,116345,128200,62311,50456,0.535570931281963,0.393572542901716
"931","2015","경기","수원시","초등학교",2015-04-01,"전체",11865,11296,11691,395,174,569,0.0349681303116147,0.0148832435206569,0.0503718130311615,1176736,1131939,1161575,44797,15161,0.0395754541543316,0.0130521059767987
"932","2015","경기","수원시","초등학교",2015-04-01,"여자",5758,5439,5641,202,117,319,0.0371391799963229,0.0207410033681971,0.0586504872219158,1176736,1131939,1161575,44797,15161,0.0395754541543316,0.0130521059767987
"933","2015","경기","수원시","초등학교",2015-04-01,"남자",6107,5857,6050,193,57,250,0.0329520232200785,0.00942148760330578,0.0426839679016561,1176736,1131939,1161575,44797,15161,0.0395754541543316,0.0130521059767987
"934","2015","경기","성남시","초등학교",2015-04-01,"전체",7951,8378,8334,-44,-383,-427,-0.00525185008355216,-0.0459563234941205,-0.0509668178562903,973604,980946,978595,-7342,-4991,-0.00748461179310584,-0.0051001691200139
"935","2015","경기","성남시","초등학교",2015-04-01,"여자",3862,4100,4072,-28,-210,-238,-0.00682926829268293,-0.0515717092337918,-0.0580487804878049,973604,980946,978595,-7342,-4991,-0.00748461179310584,-0.0051001691200139
"936","2015","경기","성남시","초등학교",2015-04-01,"남자",4089,4278,4262,-16,-173,-189,-0.0037400654511454,-0.0405912717034256,-0.044179523141655,973604,980946,978595,-7342,-4991,-0.00748461179310584,-0.0051001691200139
"937","2015","경기","부천시","초등학교",2015-04-01,"전체",7058,7493,7312,-181,-254,-435,-0.0241558788202322,-0.0347374179431072,-0.058054183904978,853162,868517,861063,-15355,-7901,-0.0176795618278053,-0.00917586750330696
"938","2015","경기","부천시","초등학교",2015-04-01,"여자",3444,3654,3562,-92,-118,-210,-0.0251778872468528,-0.0331274564851207,-0.0574712643678161,853162,868517,861063,-15355,-7901,-0.0176795618278053,-0.00917586750330696
"939","2015","경기","부천시","초등학교",2015-04-01,"남자",3614,3839,3750,-89,-136,-225,-0.023183120604324,-0.0362666666666667,-0.0586090127637406,853162,868517,861063,-15355,-7901,-0.0176795618278053,-0.00917586750330696
"940","2015","경기","안양시","초등학교",2015-04-01,"전체",5122,5263,5172,-91,-50,-141,-0.0172905187155615,-0.00966744006187162,-0.0267908037241117,599543,610685,604834,-11142,-5291,-0.0182450854368455,-0.00874785478329591
"941","2015","경기","안양시","초등학교",2015-04-01,"여자",2498,2523,2484,-39,14,-25,-0.0154577883472057,0.00563607085346216,-0.00990883868410622,599543,610685,604834,-11142,-5291,-0.0182450854368455,-0.00874785478329591
"942","2015","경기","안양시","초등학교",2015-04-01,"남자",2624,2740,2688,-52,-64,-116,-0.018978102189781,-0.0238095238095238,-0.0423357664233577,599543,610685,604834,-11142,-5291,-0.0182450854368455,-0.00874785478329591
"943","2015","경기","과천시","초등학교",2015-04-01,"전체",556,581,589,8,-33,-25,0.0137693631669535,-0.0560271646859083,-0.0430292598967298,70016,70837,70231,-821,-215,-0.0115899882829595,-0.00306132619498512
"944","2015","경기","과천시","초등학교",2015-04-01,"여자",276,282,285,3,-9,-6,0.0106382978723404,-0.0315789473684211,-0.0212765957446809,70016,70837,70231,-821,-215,-0.0115899882829595,-0.00306132619498512
"945","2015","경기","과천시","초등학교",2015-04-01,"남자",280,299,304,5,-24,-19,0.0167224080267559,-0.0789473684210526,-0.0635451505016722,70016,70837,70231,-821,-215,-0.0115899882829595,-0.00306132619498512
"946","2015","경기","안산시","초등학교",2015-04-01,"전체",6508,6558,6478,-80,30,-50,-0.0121988411100945,0.00463105896881754,-0.00762427569380909,705337,714745,712187,-9408,-6850,-0.0131627363605202,-0.00961826037262685
"947","2015","경기","안산시","초등학교",2015-04-01,"여자",3149,3228,3165,-63,-16,-79,-0.0195167286245353,-0.00505529225908373,-0.0244733581164808,705337,714745,712187,-9408,-6850,-0.0131627363605202,-0.00961826037262685
"948","2015","경기","안산시","초등학교",2015-04-01,"남자",3359,3330,3313,-17,46,29,-0.0051051051051051,0.0138846966495623,0.00870870870870871,705337,714745,712187,-9408,-6850,-0.0131627363605202,-0.00961826037262685
"949","2015","경기","용인시","초등학교",2015-04-01,"전체",11755,11736,12023,287,-268,19,0.0244546693933197,-0.0222906096648091,0.00161895023858214,966869,923937,948939,42932,17930,0.0464663716249052,0.0188947867038872
"950","2015","경기","용인시","초등학교",2015-04-01,"여자",5685,5697,5859,162,-174,-12,0.028436018957346,-0.0296979006656426,-0.00210637177461822,966869,923937,948939,42932,17930,0.0464663716249052,0.0188947867038872
"951","2015","경기","용인시","초등학교",2015-04-01,"남자",6070,6039,6164,125,-94,31,0.0206987911905945,-0.0152498377676833,0.00513330021526743,966869,923937,948939,42932,17930,0.0464663716249052,0.0188947867038872
"952","2015","경기","군포시","초등학교",2015-04-01,"전체",2927,3029,2973,-56,-46,-102,-0.0184879498184219,-0.015472586612849,-0.0336744800264114,288314,286403,286556,1911,1758,0.00667241614089238,0.00613492650651182
"953","2015","경기","군포시","초등학교",2015-04-01,"여자",1410,1505,1463,-42,-53,-95,-0.027906976744186,-0.0362269309637731,-0.0631229235880399,288314,286403,286556,1911,1758,0.00667241614089238,0.00613492650651182
"954","2015","경기","군포시","초등학교",2015-04-01,"남자",1517,1524,1510,-14,7,-7,-0.00918635170603675,0.00463576158940397,-0.00459317585301837,288314,286403,286556,1911,1758,0.00667241614089238,0.00613492650651182
"955","2015","경기","의왕시","초등학교",2015-04-01,"전체",1396,1651,1627,-24,-231,-255,-0.0145366444579043,-0.141979102642901,-0.154451847365233,158044,158263,159753,-219,-1709,-0.00138377258108339,-0.0106977646742158
"956","2015","경기","의왕시","초등학교",2015-04-01,"여자",668,792,782,-10,-114,-124,-0.0126262626262626,-0.145780051150895,-0.156565656565657,158044,158263,159753,-219,-1709,-0.00138377258108339,-0.0106977646742158
"957","2015","경기","의왕시","초등학교",2015-04-01,"남자",728,859,845,-14,-117,-131,-0.0162980209545984,-0.138461538461538,-0.152502910360885,158044,158263,159753,-219,-1709,-0.00138377258108339,-0.0106977646742158
"958","2015","경기","시흥시","초등학교",2015-04-01,"전체",4151,4309,4203,-106,-52,-158,-0.0245996750986308,-0.0123721151558411,-0.0366674402413553,393535,398852,395516,-5317,-1981,-0.0133307592791311,-0.00500864693210894
"959","2015","경기","시흥시","초등학교",2015-04-01,"여자",1973,2051,1983,-68,-10,-78,-0.0331545587518284,-0.00504286434694907,-0.038030229156509,393535,398852,395516,-5317,-1981,-0.0133307592791311,-0.00500864693210894
"960","2015","경기","시흥시","초등학교",2015-04-01,"남자",2178,2258,2220,-38,-42,-80,-0.016829052258636,-0.0189189189189189,-0.0354295837023915,393535,398852,395516,-5317,-1981,-0.0133307592791311,-0.00500864693210894
"961","2015","경기","평택시","초등학교",2015-04-01,"전체",4722,4608,4690,82,32,114,0.0177951388888889,0.00682302771855011,0.0247395833333333,452310,436619,444305,15691,8005,0.0359375107359048,0.0180169028032545
"962","2015","경기","평택시","초등학교",2015-04-01,"여자",2327,2255,2292,37,35,72,0.0164079822616408,0.0152705061082024,0.0319290465631929,452310,436619,444305,15691,8005,0.0359375107359048,0.0180169028032545
"963","2015","경기","평택시","초등학교",2015-04-01,"남자",2395,2353,2398,45,-3,42,0.0191245218869528,-0.00125104253544621,0.017849553761156,452310,436619,444305,15691,8005,0.0359375107359048,0.0180169028032545
"964","2015","경기","화성시","초등학교",2015-04-01,"전체",8176,8226,8084,-142,92,-50,-0.0172623389253586,0.0113805047006432,-0.00607828835399951,561565,527046,533061,34519,28504,0.0654952319152408,0.0534723042953808
"965","2015","경기","화성시","초등학교",2015-04-01,"여자",4005,3945,3892,-53,113,60,-0.0134347275031686,0.0290339157245632,0.0152091254752852,561565,527046,533061,34519,28504,0.0654952319152408,0.0534723042953808
"966","2015","경기","화성시","초등학교",2015-04-01,"남자",4171,4281,4192,-89,-21,-110,-0.0207895351553375,-0.00500954198473282,-0.0256949310908666,561565,527046,533061,34519,28504,0.0654952319152408,0.0534723042953808
"967","2015","경기","오산시","초등학교",2015-04-01,"전체",2987,2926,2986,60,1,61,0.0205058099794942,0.000334896182183523,0.0208475734791524,207481,200863,207377,6618,104,0.0329478301130621,0.000501502095217888
"968","2015","경기","오산시","초등학교",2015-04-01,"여자",1378,1368,1392,24,-14,10,0.0175438596491228,-0.0100574712643678,0.00730994152046784,207481,200863,207377,6618,104,0.0329478301130621,0.000501502095217888
"969","2015","경기","오산시","초등학교",2015-04-01,"남자",1609,1558,1594,36,15,51,0.0231065468549422,0.00941028858218319,0.0327342747111682,207481,200863,207377,6618,104,0.0329478301130621,0.000501502095217888
"970","2015","경기","광명시","초등학교",2015-04-01,"전체",3620,3879,3770,-109,-150,-259,-0.0281000257798402,-0.0397877984084881,-0.0667697860273266,347178,354958,351318,-7780,-4140,-0.021918086083424,-0.0117841955151743
"971","2015","경기","광명시","초등학교",2015-04-01,"여자",1792,1917,1847,-70,-55,-125,-0.0365153886280647,-0.0297780184082296,-0.0652060511215441,347178,354958,351318,-7780,-4140,-0.021918086083424,-0.0117841955151743
"972","2015","경기","광명시","초등학교",2015-04-01,"남자",1828,1962,1923,-39,-95,-134,-0.0198776758409786,-0.0494019760790432,-0.0682976554536188,347178,354958,351318,-7780,-4140,-0.021918086083424,-0.0117841955151743
"973","2015","경기","광주시","초등학교",2015-04-01,"전체",2942,3041,3064,23,-122,-99,0.00756330154554423,-0.0398172323759791,-0.0325550805656034,302747,278540,290594,24207,12153,0.0869067279385367,0.0418212351252951
"974","2015","경기","광주시","초등학교",2015-04-01,"여자",1480,1471,1485,14,-5,9,0.00951733514615908,-0.00336700336700337,0.00611828687967369,302747,278540,290594,24207,12153,0.0869067279385367,0.0418212351252951
"975","2015","경기","광주시","초등학교",2015-04-01,"남자",1462,1570,1579,9,-117,-108,0.00573248407643312,-0.0740975300823306,-0.0687898089171975,302747,278540,290594,24207,12153,0.0869067279385367,0.0418212351252951
"976","2015","경기","하남시","초등학교",2015-04-01,"전체",1390,1310,1293,-17,97,80,-0.0129770992366412,0.0750193348801237,0.0610687022900763,154784,145663,144836,9121,9948,0.0626171368158009,0.0686845811814742
"977","2015","경기","하남시","초등학교",2015-04-01,"여자",680,678,665,-13,15,2,-0.0191740412979351,0.0225563909774436,0.00294985250737463,154784,145663,144836,9121,9948,0.0626171368158009,0.0686845811814742
"978","2015","경기","하남시","초등학교",2015-04-01,"남자",710,632,628,-4,82,78,-0.00632911392405063,0.130573248407643,0.123417721518987,154784,145663,144836,9121,9948,0.0626171368158009,0.0686845811814742
"979","2015","경기","김포시","초등학교",2015-04-01,"전체",4266,3594,3936,342,330,672,0.0951585976627713,0.0838414634146342,0.186978297161937,343940,296806,319658,47134,24282,0.158804067303222,0.0759624348522483
"980","2015","경기","김포시","초등학교",2015-04-01,"여자",2112,1762,1919,157,193,350,0.0891032917139614,0.100573215216258,0.198637911464245,343940,296806,319658,47134,24282,0.158804067303222,0.0759624348522483
"981","2015","경기","김포시","초등학교",2015-04-01,"남자",2154,1832,2017,185,137,322,0.100982532751092,0.067922657411998,0.175764192139738,343940,296806,319658,47134,24282,0.158804067303222,0.0759624348522483
"982","2015","경기","이천시","초등학교",2015-04-01,"전체",2173,2220,2199,-21,-26,-47,-0.00945945945945946,-0.0118235561618918,-0.0211711711711712,204438,204902,205259,-464,-821,-0.00226449717425891,-0.00399982461183188
"983","2015","경기","이천시","초등학교",2015-04-01,"여자",1029,1055,1045,-10,-16,-26,-0.00947867298578199,-0.015311004784689,-0.0246445497630332,204438,204902,205259,-464,-821,-0.00226449717425891,-0.00399982461183188
"984","2015","경기","이천시","초등학교",2015-04-01,"남자",1144,1165,1154,-11,-10,-21,-0.00944206008583691,-0.00866551126516464,-0.0180257510729614,204438,204902,205259,-464,-821,-0.00226449717425891,-0.00399982461183188
"985","2015","경기","안성시","초등학교",2015-04-01,"전체",1924,1975,1958,-17,-34,-51,-0.00860759493670886,-0.017364657814096,-0.0258227848101266,181501,181782,182009,-281,-508,-0.00154580761571553,-0.0027910707712256
"986","2015","경기","안성시","초등학교",2015-04-01,"여자",937,957,949,-8,-12,-20,-0.00835945663531871,-0.0126448893572181,-0.0208986415882968,181501,181782,182009,-281,-508,-0.00154580761571553,-0.0027910707712256
"987","2015","경기","안성시","초등학교",2015-04-01,"남자",987,1018,1009,-9,-22,-31,-0.00884086444007859,-0.0218037661050545,-0.0304518664047151,181501,181782,182009,-281,-508,-0.00154580761571553,-0.0027910707712256
"988","2015","경기","여주군","초등학교",2015-04-01,"전체",882,967,NA,NA,NA,-85,NA,NA,-0.0879007238883144,NA,NA,NA,NA,NA,NA,NA
"989","2015","경기","여주군","초등학교",2015-04-01,"여자",408,459,NA,NA,NA,-51,NA,NA,-0.111111111111111,NA,NA,NA,NA,NA,NA,NA
"990","2015","경기","여주군","초등학교",2015-04-01,"남자",474,508,NA,NA,NA,-34,NA,NA,-0.0669291338582677,NA,NA,NA,NA,NA,NA,NA
"991","2015","경기","양평군","초등학교",2015-04-01,"전체",818,775,821,46,-3,43,0.0593548387096774,-0.00365408038976857,0.0554838709677419,106204,102557,104292,3647,1912,0.0355607125793461,0.0183331415640701
"992","2015","경기","양평군","초등학교",2015-04-01,"여자",406,381,399,18,7,25,0.047244094488189,0.0175438596491228,0.0656167979002625,106204,102557,104292,3647,1912,0.0355607125793461,0.0183331415640701
"993","2015","경기","양평군","초등학교",2015-04-01,"남자",412,394,422,28,-10,18,0.0710659898477157,-0.023696682464455,0.0456852791878173,106204,102557,104292,3647,1912,0.0355607125793461,0.0183331415640701
"994","2015","경기","고양시","초등학교",2015-04-01,"전체",9269,8903,9281,378,-12,366,0.0424575985622824,-0.00129296412024566,0.0411097382904639,1011427,974327,998069,37100,13358,0.0380775653348414,0.0133838442031563
"995","2015","경기","고양시","초등학교",2015-04-01,"여자",4534,4423,4598,175,-64,111,0.0395659054940086,-0.0139190952588082,0.0250960886276283,1011427,974327,998069,37100,13358,0.0380775653348414,0.0133838442031563
"996","2015","경기","고양시","초등학교",2015-04-01,"남자",4735,4480,4683,203,52,255,0.0453125,0.0111039931667734,0.0569196428571429,1011427,974327,998069,37100,13358,0.0380775653348414,0.0133838442031563
"997","2015","경기","남양주시","초등학교",2015-04-01,"전체",7252,7370,7514,144,-262,-118,0.0195386702849389,-0.0348682459409103,-0.016010854816825,639658,606717,625190,32941,14468,0.0542938470489536,0.0231417649034693
"998","2015","경기","남양주시","초등학교",2015-04-01,"여자",3469,3562,3629,67,-160,-93,0.0188096574957889,-0.0440892807936071,-0.0261089275687816,639658,606717,625190,32941,14468,0.0542938470489536,0.0231417649034693
"999","2015","경기","남양주시","초등학교",2015-04-01,"남자",3783,3808,3885,77,-102,-25,0.0202205882352941,-0.0262548262548263,-0.00656512605042017,639658,606717,625190,32941,14468,0.0542938470489536,0.0231417649034693
"1000","2015","경기","구리시","초등학교",2015-04-01,"전체",1608,1798,1738,-60,-130,-190,-0.0333704115684093,-0.0747986191024166,-0.10567296996663,186669,191476,188714,-4807,-2045,-0.0251049739915185,-0.0108365039159787
"1001","2015","경기","구리시","초등학교",2015-04-01,"여자",825,887,858,-29,-33,-62,-0.0326944757609921,-0.0384615384615385,-0.0698985343855693,186669,191476,188714,-4807,-2045,-0.0251049739915185,-0.0108365039159787
"1002","2015","경기","구리시","초등학교",2015-04-01,"남자",783,911,880,-31,-97,-128,-0.0340285400658617,-0.110227272727273,-0.140504939626784,186669,191476,188714,-4807,-2045,-0.0251049739915185,-0.0108365039159787
"1003","2015","경기","의정부시","초등학교",2015-04-01,"전체",3575,3914,3895,-19,-320,-339,-0.00485436893203883,-0.0821566110397946,-0.0866121614716403,431196,430028,431491,1168,-295,0.00271610220729813,-0.000683675905175311
"1004","2015","경기","의정부시","초등학교",2015-04-01,"여자",1738,1949,1931,-18,-193,-211,-0.00923550538737814,-0.0999482133609529,-0.108260646485377,431196,430028,431491,1168,-295,0.00271610220729813,-0.000683675905175311
"1005","2015","경기","의정부시","초등학교",2015-04-01,"남자",1837,1965,1964,-1,-127,-128,-0.000508905852417303,-0.0646639511201629,-0.0651399491094148,431196,430028,431491,1168,-295,0.00271610220729813,-0.000683675905175311
"1006","2015","경기","파주시","초등학교",2015-04-01,"전체",4743,4774,4758,-16,-15,-31,-0.00335148722245496,-0.00315258511979823,-0.00649350649350649,415869,397568,403210,18301,12659,0.0460323768512556,0.0313955507055877
"1007","2015","경기","파주시","초등학교",2015-04-01,"여자",2302,2279,2288,9,14,23,0.00394910048266784,0.00611888111888112,0.0100921456779289,415869,397568,403210,18301,12659,0.0460323768512556,0.0313955507055877
"1008","2015","경기","파주시","초등학교",2015-04-01,"남자",2441,2495,2470,-25,-29,-54,-0.0100200400801603,-0.0117408906882591,-0.0216432865731463,415869,397568,403210,18301,12659,0.0460323768512556,0.0313955507055877
"1009","2015","경기","동두천시","초등학교",2015-04-01,"전체",868,927,901,-26,-33,-59,-0.0280474649406688,-0.0366259711431743,-0.0636461704422869,97387,97310,97434,77,-47,0.000791285582160107,-0.000482377814725866
"1010","2015","경기","동두천시","초등학교",2015-04-01,"여자",453,494,487,-7,-34,-41,-0.01417004048583,-0.0698151950718686,-0.0829959514170041,97387,97310,97434,77,-47,0.000791285582160107,-0.000482377814725866
"1011","2015","경기","동두천시","초등학교",2015-04-01,"남자",415,433,414,-19,1,-18,-0.0438799076212471,0.00241545893719807,-0.0415704387990762,97387,97310,97434,77,-47,0.000791285582160107,-0.000482377814725866
"1012","2015","경기","양주시","초등학교",2015-04-01,"전체",2220,2266,2218,-48,2,-46,-0.0211827007943513,0.000901713255184851,-0.0203000882612533,203193,199531,198540,3662,4653,0.0183530378738141,0.0234360834088849
"1013","2015","경기","양주시","초등학교",2015-04-01,"여자",1104,1123,1103,-20,1,-19,-0.0178094390026714,0.000906618313689937,-0.0169189670525378,203193,199531,198540,3662,4653,0.0183530378738141,0.0234360834088849
"1014","2015","경기","양주시","초등학교",2015-04-01,"남자",1116,1143,1115,-28,1,-27,-0.0244969378827647,0.000896860986547085,-0.0236220472440945,203193,199531,198540,3662,4653,0.0183530378738141,0.0234360834088849
"1015","2015","경기","포천시","초등학교",2015-04-01,"전체",1235,1181,1183,2,52,54,0.00169348010160881,0.043956043956044,0.0457239627434378,155537,156852,156111,-1315,-574,-0.00838369928340091,-0.00367687094439213
"1016","2015","경기","포천시","초등학교",2015-04-01,"여자",587,585,589,4,-2,2,0.00683760683760684,-0.0033955857385399,0.00341880341880342,155537,156852,156111,-1315,-574,-0.00838369928340091,-0.00367687094439213
"1017","2015","경기","포천시","초등학교",2015-04-01,"남자",648,596,594,-2,54,52,-0.00335570469798658,0.0909090909090909,0.087248322147651,155537,156852,156111,-1315,-574,-0.00838369928340091,-0.00367687094439213
"1018","2015","경기","가평군","초등학교",2015-04-01,"전체",441,435,437,2,4,6,0.00459770114942529,0.0091533180778032,0.0137931034482759,61163,60751,60886,412,277,0.00678178136985399,0.00454948592451467
"1019","2015","경기","가평군","초등학교",2015-04-01,"여자",228,206,209,3,19,22,0.0145631067961165,0.0909090909090909,0.106796116504854,61163,60751,60886,412,277,0.00678178136985399,0.00454948592451467
"1020","2015","경기","가평군","초등학교",2015-04-01,"남자",213,229,228,-1,-15,-16,-0.00436681222707424,-0.0657894736842105,-0.0698689956331878,61163,60751,60886,412,277,0.00678178136985399,0.00454948592451467
"1021","2015","경기","연천군","초등학교",2015-04-01,"전체",301,317,309,-8,-8,-16,-0.0252365930599369,-0.0258899676375405,-0.0504731861198738,45358,45631,45609,-273,-251,-0.00598277486796257,-0.00550329978732268
"1022","2015","경기","연천군","초등학교",2015-04-01,"여자",143,152,147,-5,-4,-9,-0.0328947368421053,-0.0272108843537415,-0.0592105263157895,45358,45631,45609,-273,-251,-0.00598277486796257,-0.00550329978732268
"1023","2015","경기","연천군","초등학교",2015-04-01,"남자",158,165,162,-3,-4,-7,-0.0181818181818182,-0.0246913580246914,-0.0424242424242424,45358,45631,45609,-273,-251,-0.00598277486796257,-0.00550329978732268
"1024","2015","강원","춘천시","초등학교",2015-04-01,"전체",2449,2382,2384,2,65,67,0.000839630562552477,0.0272651006711409,0.028127623845508,276652,273820,274651,2832,2001,0.0103425608063691,0.00728560973744862
"1025","2015","강원","춘천시","초등학교",2015-04-01,"여자",1159,1115,1125,10,34,44,0.00896860986547085,0.0302222222222222,0.0394618834080717,276652,273820,274651,2832,2001,0.0103425608063691,0.00728560973744862
"1026","2015","강원","춘천시","초등학교",2015-04-01,"남자",1290,1267,1259,-8,31,23,-0.00631412786108919,0.0246227164416203,0.0181531176006314,276652,273820,274651,2832,2001,0.0103425608063691,0.00728560973744862
"1027","2015","강원","원주시","초등학교",2015-04-01,"전체",3095,3039,3083,44,12,56,0.0144784468575189,0.00389231268245216,0.0184271141822968,328405,324152,325259,4253,3146,0.0131203879661393,0.00967229192735635
"1028","2015","강원","원주시","초등학교",2015-04-01,"여자",1527,1433,1456,23,71,94,0.0160502442428472,0.0487637362637363,0.0655966503838102,328405,324152,325259,4253,3146,0.0131203879661393,0.00967229192735635
"1029","2015","강원","원주시","초등학교",2015-04-01,"남자",1568,1606,1627,21,-59,-38,0.0130759651307597,-0.0362630608481868,-0.0236612702366127,328405,324152,325259,4253,3146,0.0131203879661393,0.00967229192735635
"1030","2015","강원","강릉시","초등학교",2015-04-01,"전체",1640,1629,1641,12,-1,11,0.00736648250460405,-0.000609384521633151,0.00675260896255371,215201,217342,216268,-2141,-1067,-0.00985083416918957,-0.00493369338043539
"1031","2015","강원","강릉시","초등학교",2015-04-01,"여자",785,801,810,9,-25,-16,0.0112359550561798,-0.0308641975308642,-0.0199750312109863,215201,217342,216268,-2141,-1067,-0.00985083416918957,-0.00493369338043539
"1032","2015","강원","강릉시","초등학교",2015-04-01,"남자",855,828,831,3,24,27,0.0036231884057971,0.0288808664259928,0.0326086956521739,215201,217342,216268,-2141,-1067,-0.00985083416918957,-0.00493369338043539
"1033","2015","강원","동해시","초등학교",2015-04-01,"전체",832,815,816,1,16,17,0.00122699386503067,0.0196078431372549,0.0208588957055215,94125,94144,94541,-19,-416,-0.00020181849082257,-0.00440020731746015
"1034","2015","강원","동해시","초등학교",2015-04-01,"여자",384,378,381,3,3,6,0.00793650793650794,0.0078740157480315,0.0158730158730159,94125,94144,94541,-19,-416,-0.00020181849082257,-0.00440020731746015
"1035","2015","강원","동해시","초등학교",2015-04-01,"남자",448,437,435,-2,13,11,-0.0045766590389016,0.0298850574712644,0.0251716247139588,94125,94144,94541,-19,-416,-0.00020181849082257,-0.00440020731746015
"1036","2015","강원","태백시","초등학교",2015-04-01,"전체",402,425,410,-15,-8,-23,-0.0352941176470588,-0.0195121951219512,-0.0541176470588235,48085,49128,48884,-1043,-799,-0.0212302556586875,-0.0163448162998118
"1037","2015","강원","태백시","초등학교",2015-04-01,"여자",195,212,208,-4,-13,-17,-0.0188679245283019,-0.0625,-0.080188679245283,48085,49128,48884,-1043,-799,-0.0212302556586875,-0.0163448162998118
"1038","2015","강원","태백시","초등학교",2015-04-01,"남자",207,213,202,-11,5,-6,-0.0516431924882629,0.0247524752475248,-0.028169014084507,48085,49128,48884,-1043,-799,-0.0212302556586875,-0.0163448162998118
"1039","2015","강원","속초시","초등학교",2015-04-01,"전체",641,632,642,10,-1,9,0.0158227848101266,-0.00155763239875389,0.0142405063291139,82157,83282,82847,-1125,-690,-0.0135083211258135,-0.00832860574311683
"1040","2015","강원","속초시","초등학교",2015-04-01,"여자",320,328,328,0,-8,-8,0,-0.024390243902439,-0.024390243902439,82157,83282,82847,-1125,-690,-0.0135083211258135,-0.00832860574311683
"1041","2015","강원","속초시","초등학교",2015-04-01,"남자",321,304,314,10,7,17,0.0328947368421053,0.0222929936305732,0.0559210526315789,82157,83282,82847,-1125,-690,-0.0135083211258135,-0.00832860574311683
"1042","2015","강원","삼척시","초등학교",2015-04-01,"전체",454,471,484,13,-30,-17,0.0276008492569002,-0.0619834710743802,-0.0360934182590234,71797,73149,73371,-1352,-1574,-0.0184828227316846,-0.0214526175191833
"1043","2015","강원","삼척시","초등학교",2015-04-01,"여자",236,234,238,4,-2,2,0.0170940170940171,-0.00840336134453781,0.00854700854700855,71797,73149,73371,-1352,-1574,-0.0184828227316846,-0.0214526175191833
"1044","2015","강원","삼척시","초등학교",2015-04-01,"남자",218,237,246,9,-28,-19,0.0379746835443038,-0.113821138211382,-0.080168776371308,71797,73149,73371,-1352,-1574,-0.0184828227316846,-0.0214526175191833
"1045","2015","강원","홍천군","초등학교",2015-04-01,"전체",495,507,512,5,-17,-12,0.00986193293885602,-0.033203125,-0.0236686390532544,70322,69873,70604,449,-282,0.00642594421307229,-0.00399410798255056
"1046","2015","강원","홍천군","초등학교",2015-04-01,"여자",252,248,250,2,2,4,0.00806451612903226,0.008,0.0161290322580645,70322,69873,70604,449,-282,0.00642594421307229,-0.00399410798255056
"1047","2015","강원","홍천군","초등학교",2015-04-01,"남자",243,259,262,3,-19,-16,0.0115830115830116,-0.0725190839694656,-0.0617760617760618,70322,69873,70604,449,-282,0.00642594421307229,-0.00399410798255056
"1048","2015","강원","횡성군","초등학교",2015-04-01,"전체",292,298,299,1,-7,-6,0.00335570469798658,-0.0234113712374582,-0.0201342281879195,45445,44720,45181,725,264,0.0162119856887299,0.00584316416192647
"1049","2015","강원","횡성군","초등학교",2015-04-01,"여자",137,142,142,0,-5,-5,0,-0.0352112676056338,-0.0352112676056338,45445,44720,45181,725,264,0.0162119856887299,0.00584316416192647
"1050","2015","강원","횡성군","초등학교",2015-04-01,"남자",155,156,157,1,-2,-1,0.00641025641025641,-0.0127388535031847,-0.00641025641025641,45445,44720,45181,725,264,0.0162119856887299,0.00584316416192647
"1051","2015","강원","영월군","초등학교",2015-04-01,"전체",232,233,229,-4,3,-1,-0.0171673819742489,0.0131004366812227,-0.00429184549356223,40099,40330,40263,-231,-164,-0.00572774609471857,-0.00407321858778531
"1052","2015","강원","영월군","초등학교",2015-04-01,"여자",112,118,106,-12,6,-6,-0.101694915254237,0.0566037735849057,-0.0508474576271186,40099,40330,40263,-231,-164,-0.00572774609471857,-0.00407321858778531
"1053","2015","강원","영월군","초등학교",2015-04-01,"남자",120,115,123,8,-3,5,0.0695652173913043,-0.024390243902439,0.0434782608695652,40099,40330,40263,-231,-164,-0.00572774609471857,-0.00407321858778531
"1054","2015","강원","평창군","초등학교",2015-04-01,"전체",313,319,320,1,-7,-6,0.00313479623824451,-0.021875,-0.0188087774294671,43590,43508,43703,82,-113,0.00188471085777328,-0.00258563485344256
"1055","2015","강원","평창군","초등학교",2015-04-01,"여자",157,160,157,-3,0,-3,-0.01875,0,-0.01875,43590,43508,43703,82,-113,0.00188471085777328,-0.00258563485344256
"1056","2015","강원","평창군","초등학교",2015-04-01,"남자",156,159,163,4,-7,-3,0.0251572327044025,-0.0429447852760736,-0.0188679245283019,43590,43508,43703,82,-113,0.00188471085777328,-0.00258563485344256
"1057","2015","강원","정선군","초등학교",2015-04-01,"전체",237,270,267,-3,-30,-33,-0.0111111111111111,-0.112359550561798,-0.122222222222222,39264,39858,39698,-594,-434,-0.0149029053138642,-0.0109325406821502
"1058","2015","강원","정선군","초등학교",2015-04-01,"여자",123,138,131,-7,-8,-15,-0.0507246376811594,-0.0610687022900763,-0.108695652173913,39264,39858,39698,-594,-434,-0.0149029053138642,-0.0109325406821502
"1059","2015","강원","정선군","초등학교",2015-04-01,"남자",114,132,136,4,-22,-18,0.0303030303030303,-0.161764705882353,-0.136363636363636,39264,39858,39698,-594,-434,-0.0149029053138642,-0.0109325406821502
"1060","2015","강원","철원군","초등학교",2015-04-01,"전체",422,455,437,-18,-15,-33,-0.0395604395604396,-0.034324942791762,-0.0725274725274725,47728,47728,47433,0,295,0,0.00621929880041321
"1061","2015","강원","철원군","초등학교",2015-04-01,"여자",199,229,220,-9,-21,-30,-0.0393013100436681,-0.0954545454545455,-0.131004366812227,47728,47728,47433,0,295,0,0.00621929880041321
"1062","2015","강원","철원군","초등학교",2015-04-01,"남자",223,226,217,-9,6,-3,-0.0398230088495575,0.0276497695852535,-0.0132743362831858,47728,47728,47433,0,295,0,0.00621929880041321
"1063","2015","강원","화천군","초등학교",2015-04-01,"전체",191,240,224,-16,-33,-49,-0.0666666666666667,-0.147321428571429,-0.204166666666667,26607,24972,24908,1635,1699,0.0654733301297453,0.0682110165408704
"1064","2015","강원","화천군","초등학교",2015-04-01,"여자",94,106,101,-5,-7,-12,-0.0471698113207547,-0.0693069306930693,-0.113207547169811,26607,24972,24908,1635,1699,0.0654733301297453,0.0682110165408704
"1065","2015","강원","화천군","초등학교",2015-04-01,"남자",97,134,123,-11,-26,-37,-0.082089552238806,-0.211382113821138,-0.276119402985075,26607,24972,24908,1635,1699,0.0654733301297453,0.0682110165408704
"1066","2015","강원","양구군","초등학교",2015-04-01,"전체",192,198,195,-3,-3,-6,-0.0151515151515152,-0.0153846153846154,-0.0303030303030303,23840,23143,23731,697,109,0.0301170980426047,0.00459314820277274
"1067","2015","강원","양구군","초등학교",2015-04-01,"여자",89,100,97,-3,-8,-11,-0.03,-0.0824742268041237,-0.11,23840,23143,23731,697,109,0.0301170980426047,0.00459314820277274
"1068","2015","강원","양구군","초등학교",2015-04-01,"남자",103,98,98,0,5,5,0,0.0510204081632653,0.0510204081632653,23840,23143,23731,697,109,0.0301170980426047,0.00459314820277274
"1069","2015","강원","인제군","초등학교",2015-04-01,"전체",284,312,306,-6,-22,-28,-0.0192307692307692,-0.0718954248366013,-0.0897435897435897,33091,32391,32453,700,638,0.021610941310858,0.0196591994576773
"1070","2015","강원","인제군","초등학교",2015-04-01,"여자",144,155,157,2,-13,-11,0.0129032258064516,-0.0828025477707006,-0.0709677419354839,33091,32391,32453,700,638,0.021610941310858,0.0196591994576773
"1071","2015","강원","인제군","초등학교",2015-04-01,"남자",140,157,149,-8,-9,-17,-0.0509554140127389,-0.0604026845637584,-0.10828025477707,33091,32391,32453,700,638,0.021610941310858,0.0196591994576773
"1072","2015","강원","고성군","초등학교",2015-04-01,"전체",163,144,148,4,15,19,0.0277777777777778,0.101351351351351,0.131944444444444,29873,29962,30147,-89,-274,-0.00297042921033309,-0.00908879822204531
"1073","2015","강원","고성군","초등학교",2015-04-01,"여자",67,69,74,5,-7,-2,0.072463768115942,-0.0945945945945946,-0.0289855072463768,29873,29962,30147,-89,-274,-0.00297042921033309,-0.00908879822204531
"1074","2015","강원","고성군","초등학교",2015-04-01,"남자",96,75,74,-1,22,21,-0.0133333333333333,0.297297297297297,0.28,29873,29962,30147,-89,-274,-0.00297042921033309,-0.00908879822204531
"1075","2015","강원","양양군","초등학교",2015-04-01,"전체",150,170,165,-5,-15,-20,-0.0294117647058824,-0.0909090909090909,-0.117647058823529,27530,27667,27614,-137,-84,-0.00495174756930639,-0.00304193525023539
"1076","2015","강원","양양군","초등학교",2015-04-01,"여자",63,79,79,0,-16,-16,0,-0.20253164556962,-0.20253164556962,27530,27667,27614,-137,-84,-0.00495174756930639,-0.00304193525023539
"1077","2015","강원","양양군","초등학교",2015-04-01,"남자",87,91,86,-5,1,-4,-0.0549450549450549,0.0116279069767442,-0.043956043956044,27530,27667,27614,-137,-84,-0.00495174756930639,-0.00304193525023539
"1078","2015","충북","청주시","초등학교",2015-04-01,"전체",8379,6833,6851,18,1528,1546,0.00263427484267525,0.223033133849073,0.22625493926533,830626,668896,674341,161730,156285,0.241786466057504,0.231759599371831
"1079","2015","충북","청주시","초등학교",2015-04-01,"여자",4094,3325,3346,21,748,769,0.00631578947368421,0.223550508069337,0.231278195488722,830626,668896,674341,161730,156285,0.241786466057504,0.231759599371831
"1080","2015","충북","청주시","초등학교",2015-04-01,"남자",4285,3508,3505,-3,780,777,-0.000855188141391106,0.222539229671897,0.221493728620296,830626,668896,674341,161730,156285,0.241786466057504,0.231759599371831
"1081","2015","충북","충주시","초등학교",2015-04-01,"전체",1701,1616,1616,0,85,85,0,0.0525990099009901,0.0525990099009901,208096,208215,208156,-119,-60,-0.000571524625987561,-0.000288245354445704
"1082","2015","충북","충주시","초등학교",2015-04-01,"여자",798,739,742,3,56,59,0.0040595399188092,0.0754716981132075,0.0798376184032476,208096,208215,208156,-119,-60,-0.000571524625987561,-0.000288245354445704
"1083","2015","충북","충주시","초등학교",2015-04-01,"남자",903,877,874,-3,29,26,-0.00342075256556442,0.0331807780320366,0.0296465222348917,208096,208215,208156,-119,-60,-0.000571524625987561,-0.000288245354445704
"1084","2015","충북","제천시","초등학교",2015-04-01,"전체",1088,1076,1079,3,9,12,0.00278810408921933,0.00834105653382762,0.0111524163568773,136399,137189,136900,-790,-501,-0.00575847917835978,-0.00365960555149744
"1085","2015","충북","제천시","초등학교",2015-04-01,"여자",513,508,514,6,-1,5,0.0118110236220472,-0.00194552529182879,0.00984251968503937,136399,137189,136900,-790,-501,-0.00575847917835978,-0.00365960555149744
"1086","2015","충북","제천시","초등학교",2015-04-01,"남자",575,568,565,-3,10,7,-0.00528169014084507,0.0176991150442478,0.0123239436619718,136399,137189,136900,-790,-501,-0.00575847917835978,-0.00365960555149744
"1087","2015","충북","보은군","초등학교",2015-04-01,"전체",181,177,177,0,4,4,0,0.0225988700564972,0.0225988700564972,34191,34254,34444,-63,-253,-0.00183920126116658,-0.00734525606782023
"1088","2015","충북","보은군","초등학교",2015-04-01,"여자",81,74,76,2,5,7,0.027027027027027,0.0657894736842105,0.0945945945945946,34191,34254,34444,-63,-253,-0.00183920126116658,-0.00734525606782023
"1089","2015","충북","보은군","초등학교",2015-04-01,"남자",100,103,101,-2,-1,-3,-0.0194174757281553,-0.0099009900990099,-0.029126213592233,34191,34254,34444,-63,-253,-0.00183920126116658,-0.00734525606782023
"1090","2015","충북","옥천군","초등학교",2015-04-01,"전체",357,350,353,3,4,7,0.00857142857142857,0.0113314447592068,0.02,52680,52894,52656,-214,24,-0.00404582750406473,0.000455788514129444
"1091","2015","충북","옥천군","초등학교",2015-04-01,"여자",174,178,178,0,-4,-4,0,-0.0224719101123595,-0.0224719101123595,52680,52894,52656,-214,24,-0.00404582750406473,0.000455788514129444
"1092","2015","충북","옥천군","초등학교",2015-04-01,"남자",183,172,175,3,8,11,0.0174418604651163,0.0457142857142857,0.063953488372093,52680,52894,52656,-214,24,-0.00404582750406473,0.000455788514129444
"1093","2015","충북","영동군","초등학교",2015-04-01,"전체",294,311,316,5,-22,-17,0.0160771704180064,-0.069620253164557,-0.0546623794212219,51057,50610,50471,447,586,0.00883224659158269,0.0116106278853203
"1094","2015","충북","영동군","초등학교",2015-04-01,"여자",134,146,150,4,-16,-12,0.0273972602739726,-0.106666666666667,-0.0821917808219178,51057,50610,50471,447,586,0.00883224659158269,0.0116106278853203
"1095","2015","충북","영동군","초등학교",2015-04-01,"남자",160,165,166,1,-6,-5,0.00606060606060606,-0.036144578313253,-0.0303030303030303,51057,50610,50471,447,586,0.00883224659158269,0.0116106278853203
"1096","2015","충북","진천군","초등학교",2015-04-01,"전체",666,595,611,16,55,71,0.026890756302521,0.0900163666121113,0.119327731092437,66421,63873,64915,2548,1506,0.039891660012838,0.023199568666718
"1097","2015","충북","진천군","초등학교",2015-04-01,"여자",300,263,266,3,34,37,0.0114068441064639,0.12781954887218,0.140684410646388,66421,63873,64915,2548,1506,0.039891660012838,0.023199568666718
"1098","2015","충북","진천군","초등학교",2015-04-01,"남자",366,332,345,13,21,34,0.0391566265060241,0.0608695652173913,0.102409638554217,66421,63873,64915,2548,1506,0.039891660012838,0.023199568666718
"1099","2015","충북","괴산군","초등학교",2015-04-01,"전체",187,208,218,10,-31,-21,0.0480769230769231,-0.142201834862385,-0.100961538461538,38165,37771,38089,394,76,0.0104312832596436,0.00199532673475282
"1100","2015","충북","괴산군","초등학교",2015-04-01,"여자",108,110,112,2,-4,-2,0.0181818181818182,-0.0357142857142857,-0.0181818181818182,38165,37771,38089,394,76,0.0104312832596436,0.00199532673475282
"1101","2015","충북","괴산군","초등학교",2015-04-01,"남자",79,98,106,8,-27,-19,0.0816326530612245,-0.254716981132075,-0.193877551020408,38165,37771,38089,394,76,0.0104312832596436,0.00199532673475282
"1102","2015","충북","음성군","초등학교",2015-04-01,"전체",796,826,810,-16,-14,-30,-0.0193704600484262,-0.0172839506172839,-0.036319612590799,95664,93237,93512,2427,2152,0.0260304385597992,0.0230130892291898
"1103","2015","충북","음성군","초등학교",2015-04-01,"여자",383,381,369,-12,14,2,-0.031496062992126,0.037940379403794,0.005249343832021,95664,93237,93512,2427,2152,0.0260304385597992,0.0230130892291898
"1104","2015","충북","음성군","초등학교",2015-04-01,"남자",413,445,441,-4,-28,-32,-0.00898876404494382,-0.0634920634920635,-0.0719101123595506,95664,93237,93512,2427,2152,0.0260304385597992,0.0230130892291898
"1105","2015","충북","단양군","초등학교",2015-04-01,"전체",180,183,186,3,-6,-3,0.0163934426229508,-0.032258064516129,-0.0163934426229508,30871,31093,31047,-222,-176,-0.0071398707104493,-0.00566882468515477
"1106","2015","충북","단양군","초등학교",2015-04-01,"여자",94,87,87,0,7,7,0,0.0804597701149425,0.0804597701149425,30871,31093,31047,-222,-176,-0.0071398707104493,-0.00566882468515477
"1107","2015","충북","단양군","초등학교",2015-04-01,"남자",86,96,99,3,-13,-10,0.03125,-0.131313131313131,-0.104166666666667,30871,31093,31047,-222,-176,-0.0071398707104493,-0.00566882468515477
"1108","2015","충북","증평군","초등학교",2015-04-01,"전체",349,409,403,-6,-54,-60,-0.0146699266503667,-0.133995037220844,-0.146699266503667,35121,34394,34770,727,351,0.0211374076873873,0.0100949094046592
"1109","2015","충북","증평군","초등학교",2015-04-01,"여자",167,186,186,0,-19,-19,0,-0.102150537634409,-0.102150537634409,35121,34394,34770,727,351,0.0211374076873873,0.0100949094046592
"1110","2015","충북","증평군","초등학교",2015-04-01,"남자",182,223,217,-6,-35,-41,-0.0269058295964126,-0.161290322580645,-0.183856502242152,35121,34394,34770,727,351,0.0211374076873873,0.0100949094046592
"1111","2015","충남","천안시","초등학교",2015-04-01,"전체",6600,6523,6503,-20,97,77,-0.00306607389238081,0.0149161925265262,0.0118043844856661,602048,585303,593884,16745,8164,0.0286091135702363,0.013746792302874
"1112","2015","충남","천안시","초등학교",2015-04-01,"여자",3187,3115,3102,-13,85,72,-0.00417335473515249,0.0274016763378465,0.0231139646869984,602048,585303,593884,16745,8164,0.0286091135702363,0.013746792302874
"1113","2015","충남","천안시","초등학교",2015-04-01,"남자",3413,3408,3401,-7,12,5,-0.00205399061032864,0.00352837400764481,0.00146713615023474,602048,585303,593884,16745,8164,0.0286091135702363,0.013746792302874
"1114","2015","충남","공주시","초등학교",2015-04-01,"전체",803,834,836,2,-33,-31,0.00239808153477218,-0.0394736842105263,-0.0371702637889688,112480,116909,115862,-4429,-3382,-0.0378841663173922,-0.0291898983273204
"1115","2015","충남","공주시","초등학교",2015-04-01,"여자",405,418,416,-2,-11,-13,-0.00478468899521531,-0.0264423076923077,-0.0311004784688995,112480,116909,115862,-4429,-3382,-0.0378841663173922,-0.0291898983273204
"1116","2015","충남","공주시","초등학교",2015-04-01,"남자",398,416,420,4,-22,-18,0.00961538461538462,-0.0523809523809524,-0.0432692307692308,112480,116909,115862,-4429,-3382,-0.0378841663173922,-0.0291898983273204
"1117","2015","충남","보령시","초등학교",2015-04-01,"전체",842,799,816,17,26,43,0.0212765957446809,0.0318627450980392,0.0538172715894869,104495,105268,104736,-773,-241,-0.00734316221453813,-0.00230102352581729
"1118","2015","충남","보령시","초등학교",2015-04-01,"여자",416,399,395,-4,21,17,-0.0100250626566416,0.0531645569620253,0.0426065162907268,104495,105268,104736,-773,-241,-0.00734316221453813,-0.00230102352581729
"1119","2015","충남","보령시","초등학교",2015-04-01,"남자",426,400,421,21,5,26,0.0525,0.0118764845605701,0.065,104495,105268,104736,-773,-241,-0.00734316221453813,-0.00230102352581729
"1120","2015","충남","아산시","초등학교",2015-04-01,"전체",3507,3728,3734,6,-227,-221,0.00160944206008584,-0.0607927155865024,-0.0592811158798283,294834,283623,290243,11211,4591,0.0395278239070879,0.0158177802737706
"1121","2015","충남","아산시","초등학교",2015-04-01,"여자",1724,1829,1817,-12,-93,-105,-0.00656096227446692,-0.0511832691249312,-0.0574084199015856,294834,283623,290243,11211,4591,0.0395278239070879,0.0158177802737706
"1122","2015","충남","아산시","초등학교",2015-04-01,"남자",1783,1899,1917,18,-134,-116,0.00947867298578199,-0.0699008868022953,-0.0610847814639284,294834,283623,290243,11211,4591,0.0395278239070879,0.0158177802737706
"1123","2015","충남","서산시","초등학교",2015-04-01,"전체",1729,1703,1726,23,3,26,0.0135055783910746,0.00173812282734647,0.0152671755725191,168096,163950,166332,4146,1764,0.025288197621226,0.0106052954332299
"1124","2015","충남","서산시","초등학교",2015-04-01,"여자",827,793,814,21,13,34,0.0264817150063052,0.015970515970516,0.042875157629256,168096,163950,166332,4146,1764,0.025288197621226,0.0106052954332299
"1125","2015","충남","서산시","초등학교",2015-04-01,"남자",902,910,912,2,-10,-8,0.0021978021978022,-0.0109649122807018,-0.00879120879120879,168096,163950,166332,4146,1764,0.025288197621226,0.0106052954332299
"1126","2015","충남","논산시","초등학교",2015-04-01,"전체",1019,955,951,-4,68,64,-0.00418848167539267,0.0715036803364879,0.0670157068062827,124511,126005,125308,-1494,-797,-0.0118566723542717,-0.00636032815143486
"1127","2015","충남","논산시","초등학교",2015-04-01,"여자",500,487,478,-9,22,13,-0.0184804928131417,0.0460251046025105,0.026694045174538,124511,126005,125308,-1494,-797,-0.0118566723542717,-0.00636032815143486
"1128","2015","충남","논산시","초등학교",2015-04-01,"남자",519,468,473,5,46,51,0.0106837606837607,0.0972515856236787,0.108974358974359,124511,126005,125308,-1494,-797,-0.0118566723542717,-0.00636032815143486
"1129","2015","충남","계룡시","초등학교",2015-04-01,"전체",450,468,472,4,-22,-18,0.00854700854700855,-0.0466101694915254,-0.0384615384615385,40088,40922,40943,-834,-855,-0.020380235570109,-0.0208826905698166
"1130","2015","충남","계룡시","초등학교",2015-04-01,"여자",215,220,207,-13,8,-5,-0.0590909090909091,0.0386473429951691,-0.0227272727272727,40088,40922,40943,-834,-855,-0.020380235570109,-0.0208826905698166
"1131","2015","충남","계룡시","초등학교",2015-04-01,"남자",235,248,265,17,-30,-13,0.0685483870967742,-0.113207547169811,-0.0524193548387097,40088,40922,40943,-834,-855,-0.020380235570109,-0.0208826905698166
"1132","2015","충남","금산군","초등학교",2015-04-01,"전체",379,385,385,0,-6,-6,0,-0.0155844155844156,-0.0155844155844156,55003,55472,55326,-469,-323,-0.00845471589270263,-0.00583812312475147
"1133","2015","충남","금산군","초등학교",2015-04-01,"여자",179,191,191,0,-12,-12,0,-0.06282722513089,-0.06282722513089,55003,55472,55326,-469,-323,-0.00845471589270263,-0.00583812312475147
"1134","2015","충남","금산군","초등학교",2015-04-01,"남자",200,194,194,0,6,6,0,0.0309278350515464,0.0309278350515464,55003,55472,55326,-469,-323,-0.00845471589270263,-0.00583812312475147
"1135","2015","충남","부여군","초등학교",2015-04-01,"전체",409,422,421,-1,-12,-13,-0.0023696682464455,-0.0285035629453682,-0.0308056872037915,71503,72921,72151,-1418,-648,-0.0194457015125958,-0.0089811645022245
"1136","2015","충남","부여군","초등학교",2015-04-01,"여자",197,199,200,1,-3,-2,0.0050251256281407,-0.015,-0.0100502512562814,71503,72921,72151,-1418,-648,-0.0194457015125958,-0.0089811645022245
"1137","2015","충남","부여군","초등학교",2015-04-01,"남자",212,223,221,-2,-9,-11,-0.00896860986547085,-0.0407239819004525,-0.0493273542600897,71503,72921,72151,-1418,-648,-0.0194457015125958,-0.0089811645022245
"1138","2015","충남","서천군","초등학교",2015-04-01,"전체",317,324,324,0,-7,-7,0,-0.0216049382716049,-0.0216049382716049,57262,58657,58117,-1395,-855,-0.0237823277699166,-0.0147117022557943
"1139","2015","충남","서천군","초등학교",2015-04-01,"여자",164,163,156,-7,8,1,-0.0429447852760736,0.0512820512820513,0.00613496932515337,57262,58657,58117,-1395,-855,-0.0237823277699166,-0.0147117022557943
"1140","2015","충남","서천군","초등학교",2015-04-01,"남자",153,161,168,7,-15,-8,0.0434782608695652,-0.0892857142857143,-0.0496894409937888,57262,58657,58117,-1395,-855,-0.0237823277699166,-0.0147117022557943
"1141","2015","충남","청양군","초등학교",2015-04-01,"전체",171,171,171,0,0,0,0,0,0,32221,32120,32202,101,19,0.00314445828144458,0.000590025464256878
"1142","2015","충남","청양군","초등학교",2015-04-01,"여자",72,79,78,-1,-6,-7,-0.0126582278481013,-0.0769230769230769,-0.0886075949367089,32221,32120,32202,101,19,0.00314445828144458,0.000590025464256878
"1143","2015","충남","청양군","초등학교",2015-04-01,"남자",99,92,93,1,6,7,0.0108695652173913,0.0645161290322581,0.0760869565217391,32221,32120,32202,101,19,0.00314445828144458,0.000590025464256878
"1144","2015","충남","홍성군","초등학교",2015-04-01,"전체",823,757,773,16,50,66,0.0211360634081902,0.0646830530401035,0.0871862615587847,92598,89258,90243,3340,2355,0.0374196150485111,0.026096206908015
"1145","2015","충남","홍성군","초등학교",2015-04-01,"여자",414,372,383,11,31,42,0.0295698924731183,0.0809399477806789,0.112903225806452,92598,89258,90243,3340,2355,0.0374196150485111,0.026096206908015
"1146","2015","충남","홍성군","초등학교",2015-04-01,"남자",409,385,390,5,19,24,0.012987012987013,0.0487179487179487,0.0623376623376623,92598,89258,90243,3340,2355,0.0374196150485111,0.026096206908015
"1147","2015","충남","예산군","초등학교",2015-04-01,"전체",513,537,531,-6,-18,-24,-0.0111731843575419,-0.0338983050847458,-0.0446927374301676,84167,85555,85027,-1388,-860,-0.0162234819706621,-0.010114434238536
"1148","2015","충남","예산군","초등학교",2015-04-01,"여자",256,255,251,-4,5,1,-0.0156862745098039,0.0199203187250996,0.00392156862745098,84167,85555,85027,-1388,-860,-0.0162234819706621,-0.010114434238536
"1149","2015","충남","예산군","초등학교",2015-04-01,"남자",257,282,280,-2,-23,-25,-0.00709219858156028,-0.0821428571428571,-0.0886524822695035,84167,85555,85027,-1388,-860,-0.0162234819706621,-0.010114434238536
"1150","2015","충남","태안군","초등학교",2015-04-01,"전체",431,431,434,3,-3,0,0.00696055684454756,-0.00691244239631336,0,62772,62510,62348,262,424,0.00419132938729803,0.00680053891063065
"1151","2015","충남","태안군","초등학교",2015-04-01,"여자",211,204,207,3,4,7,0.0147058823529412,0.0193236714975845,0.0343137254901961,62772,62510,62348,262,424,0.00419132938729803,0.00680053891063065
"1152","2015","충남","태안군","초등학교",2015-04-01,"남자",220,227,227,0,-7,-7,0,-0.0308370044052863,-0.0308370044052863,62772,62510,62348,262,424,0.00419132938729803,0.00680053891063065
"1153","2015","충남","당진시","초등학교",2015-04-01,"전체",1732,1702,1745,43,-13,30,0.0252643948296122,-0.00744985673352436,0.0176263219741481,163531,156473,161115,7058,2416,0.0451068235414417,0.0149955001086181
"1154","2015","충남","당진시","초등학교",2015-04-01,"여자",806,812,834,22,-28,-6,0.0270935960591133,-0.0335731414868106,-0.00738916256157635,163531,156473,161115,7058,2416,0.0451068235414417,0.0149955001086181
"1155","2015","충남","당진시","초등학교",2015-04-01,"남자",926,890,911,21,15,36,0.0235955056179775,0.0164654226125137,0.0404494382022472,163531,156473,161115,7058,2416,0.0451068235414417,0.0149955001086181
"1156","2015","전북","전주시","초등학교",2015-04-01,"전체",6347,6078,6224,146,123,269,0.0240210595590655,0.0197622107969152,0.0442579795985522,653663,649615,650945,4048,2718,0.00623138320389769,0.0041754679734847
"1157","2015","전북","전주시","초등학교",2015-04-01,"여자",3101,2975,3033,58,68,126,0.0194957983193277,0.0224200461589186,0.0423529411764706,653663,649615,650945,4048,2718,0.00623138320389769,0.0041754679734847
"1158","2015","전북","전주시","초등학교",2015-04-01,"남자",3246,3103,3191,88,55,143,0.0283596519497261,0.0172359761830147,0.0460844344183049,653663,649615,650945,4048,2718,0.00623138320389769,0.0041754679734847
"1159","2015","전북","군산시","초등학교",2015-04-01,"전체",2606,2651,2640,-11,-34,-45,-0.004149377593361,-0.0128787878787879,-0.016974726518295,278457,278570,278132,-113,325,-0.000405643105862081,0.00116850991615492
"1160","2015","전북","군산시","초등학교",2015-04-01,"여자",1236,1282,1271,-11,-35,-46,-0.00858034321372855,-0.027537372147915,-0.0358814352574103,278457,278570,278132,-113,325,-0.000405643105862081,0.00116850991615492
"1161","2015","전북","군산시","초등학교",2015-04-01,"남자",1370,1369,1369,0,1,1,0,0.000730460189919649,0.000730460189919649,278457,278570,278132,-113,325,-0.000405643105862081,0.00116850991615492
"1162","2015","전북","익산시","초등학교",2015-04-01,"전체",2676,2619,2626,7,50,57,0.00267277586865216,0.019040365575019,0.0217640320733104,303250,306690,305363,-3440,-2113,-0.0112165378721184,-0.00691963335440116
"1163","2015","전북","익산시","초등학교",2015-04-01,"여자",1289,1254,1247,-7,42,35,-0.00558213716108453,0.0336808340016038,0.0279106858054226,303250,306690,305363,-3440,-2113,-0.0112165378721184,-0.00691963335440116
"1164","2015","전북","익산시","초등학교",2015-04-01,"남자",1387,1365,1379,14,8,22,0.0102564102564103,0.00580130529369108,0.0161172161172161,303250,306690,305363,-3440,-2113,-0.0112165378721184,-0.00691963335440116
"1165","2015","전북","정읍시","초등학교",2015-04-01,"전체",866,867,870,3,-4,-1,0.00346020761245675,-0.00459770114942529,-0.00115340253748558,116711,118897,117848,-2186,-1137,-0.0183856615389791,-0.00964802117982486
"1166","2015","전북","정읍시","초등학교",2015-04-01,"여자",413,411,412,1,1,2,0.0024330900243309,0.00242718446601942,0.0048661800486618,116711,118897,117848,-2186,-1137,-0.0183856615389791,-0.00964802117982486
"1167","2015","전북","정읍시","초등학교",2015-04-01,"남자",453,456,458,2,-5,-3,0.0043859649122807,-0.0109170305676856,-0.00657894736842105,116711,118897,117848,-2186,-1137,-0.0183856615389791,-0.00964802117982486
"1168","2015","전북","남원시","초등학교",2015-04-01,"전체",731,722,732,10,-1,9,0.0138504155124654,-0.00136612021857923,0.0124653739612188,85253,86788,86206,-1535,-953,-0.0176867769737752,-0.0110549149711157
"1169","2015","전북","남원시","초등학교",2015-04-01,"여자",349,321,331,10,18,28,0.0311526479750779,0.054380664652568,0.0872274143302181,85253,86788,86206,-1535,-953,-0.0176867769737752,-0.0110549149711157
"1170","2015","전북","남원시","초등학교",2015-04-01,"남자",382,401,401,0,-19,-19,0,-0.0473815461346633,-0.0473815461346633,85253,86788,86206,-1535,-953,-0.0176867769737752,-0.0110549149711157
"1171","2015","전북","김제시","초등학교",2015-04-01,"전체",609,607,602,-5,7,2,-0.00823723228995058,0.0116279069767442,0.00329489291598023,89582,91890,90960,-2308,-1378,-0.025116987702688,-0.0151495162708883
"1172","2015","전북","김제시","초등학교",2015-04-01,"여자",291,271,268,-3,23,20,-0.011070110701107,0.0858208955223881,0.0738007380073801,89582,91890,90960,-2308,-1378,-0.025116987702688,-0.0151495162708883
"1173","2015","전북","김제시","초등학교",2015-04-01,"남자",318,336,334,-2,-16,-18,-0.00595238095238095,-0.0479041916167665,-0.0535714285714286,89582,91890,90960,-2308,-1378,-0.025116987702688,-0.0151495162708883
"1174","2015","전북","완주군","초등학교",2015-04-01,"전체",909,913,925,12,-16,-4,0.0131434830230011,-0.0172972972972973,-0.00438116100766703,91839,86457,87624,5382,4215,0.0622505985634477,0.0481032593809915
"1175","2015","전북","완주군","초등학교",2015-04-01,"여자",428,429,432,3,-4,-1,0.00699300699300699,-0.00925925925925926,-0.00233100233100233,91839,86457,87624,5382,4215,0.0622505985634477,0.0481032593809915
"1176","2015","전북","완주군","초등학교",2015-04-01,"남자",481,484,493,9,-12,-3,0.0185950413223141,-0.0243407707910751,-0.00619834710743802,91839,86457,87624,5382,4215,0.0622505985634477,0.0481032593809915
"1177","2015","전북","진안군","초등학교",2015-04-01,"전체",134,184,171,-13,-37,-50,-0.0706521739130435,-0.216374269005848,-0.271739130434783,26372,26858,27000,-486,-628,-0.0180951671755157,-0.0232592592592593
"1178","2015","전북","진안군","초등학교",2015-04-01,"여자",65,87,85,-2,-20,-22,-0.0229885057471264,-0.235294117647059,-0.252873563218391,26372,26858,27000,-486,-628,-0.0180951671755157,-0.0232592592592593
"1179","2015","전북","진안군","초등학교",2015-04-01,"남자",69,97,86,-11,-17,-28,-0.11340206185567,-0.197674418604651,-0.288659793814433,26372,26858,27000,-486,-628,-0.0180951671755157,-0.0232592592592593
"1180","2015","전북","무주군","초등학교",2015-04-01,"전체",168,199,194,-5,-26,-31,-0.0251256281407035,-0.134020618556701,-0.155778894472362,25218,25286,25475,-68,-257,-0.00268923514988531,-0.0100883218842002
"1181","2015","전북","무주군","초등학교",2015-04-01,"여자",85,109,107,-2,-22,-24,-0.018348623853211,-0.205607476635514,-0.220183486238532,25218,25286,25475,-68,-257,-0.00268923514988531,-0.0100883218842002
"1182","2015","전북","무주군","초등학교",2015-04-01,"남자",83,90,87,-3,-4,-7,-0.0333333333333333,-0.0459770114942529,-0.0777777777777778,25218,25286,25475,-68,-257,-0.00268923514988531,-0.0100883218842002
"1183","2015","전북","장수군","초등학교",2015-04-01,"전체",187,164,166,2,21,23,0.0121951219512195,0.126506024096386,0.140243902439024,23289,23139,23427,150,-138,0.00648256190846623,-0.00589063900627481
"1184","2015","전북","장수군","초등학교",2015-04-01,"여자",95,78,80,2,15,17,0.0256410256410256,0.1875,0.217948717948718,23289,23139,23427,150,-138,0.00648256190846623,-0.00589063900627481
"1185","2015","전북","장수군","초등학교",2015-04-01,"남자",92,86,86,0,6,6,0,0.0697674418604651,0.0697674418604651,23289,23139,23427,150,-138,0.00648256190846623,-0.00589063900627481
"1186","2015","전북","임실군","초등학교",2015-04-01,"전체",204,212,216,4,-12,-8,0.0188679245283019,-0.0555555555555556,-0.0377358490566038,29649,29742,29953,-93,-304,-0.00312689126487795,-0.0101492337996194
"1187","2015","전북","임실군","초등학교",2015-04-01,"여자",100,99,104,5,-4,1,0.0505050505050505,-0.0384615384615385,0.0101010101010101,29649,29742,29953,-93,-304,-0.00312689126487795,-0.0101492337996194
"1188","2015","전북","임실군","초등학교",2015-04-01,"남자",104,113,112,-1,-8,-9,-0.00884955752212389,-0.0714285714285714,-0.079646017699115,29649,29742,29953,-93,-304,-0.00312689126487795,-0.0101492337996194
"1189","2015","전북","순창군","초등학교",2015-04-01,"전체",188,199,206,7,-18,-11,0.0351758793969849,-0.087378640776699,-0.0552763819095477,29439,29545,29888,-106,-449,-0.00358774750380775,-0.0150227516059957
"1190","2015","전북","순창군","초등학교",2015-04-01,"여자",103,110,109,-1,-6,-7,-0.00909090909090909,-0.055045871559633,-0.0636363636363636,29439,29545,29888,-106,-449,-0.00358774750380775,-0.0150227516059957
"1191","2015","전북","순창군","초등학교",2015-04-01,"남자",85,89,97,8,-12,-4,0.0898876404494382,-0.123711340206186,-0.0449438202247191,29439,29545,29888,-106,-449,-0.00358774750380775,-0.0150227516059957
"1192","2015","전북","고창군","초등학교",2015-04-01,"전체",353,380,388,8,-35,-27,0.0210526315789474,-0.0902061855670103,-0.0710526315789474,59762,60130,60148,-368,-386,-0.00612007317478796,-0.00641750349138791
"1193","2015","전북","고창군","초등학교",2015-04-01,"여자",175,190,190,0,-15,-15,0,-0.0789473684210526,-0.0789473684210526,59762,60130,60148,-368,-386,-0.00612007317478796,-0.00641750349138791
"1194","2015","전북","고창군","초등학교",2015-04-01,"남자",178,190,198,8,-20,-12,0.0421052631578947,-0.101010101010101,-0.0631578947368421,59762,60130,60148,-368,-386,-0.00612007317478796,-0.00641750349138791
"1195","2015","전북","부안군","초등학교",2015-04-01,"전체",336,316,324,8,12,20,0.0253164556962025,0.037037037037037,0.0632911392405063,57416,58372,58205,-956,-789,-0.0163777153429727,-0.0135555364659394
"1196","2015","전북","부안군","초등학교",2015-04-01,"여자",164,161,162,1,2,3,0.0062111801242236,0.0123456790123457,0.0186335403726708,57416,58372,58205,-956,-789,-0.0163777153429727,-0.0135555364659394
"1197","2015","전북","부안군","초등학교",2015-04-01,"남자",172,155,162,7,10,17,0.0451612903225806,0.0617283950617284,0.109677419354839,57416,58372,58205,-956,-789,-0.0163777153429727,-0.0135555364659394
"1198","2015","전남","목포시","초등학교",2015-04-01,"전체",2630,2519,2436,-83,194,111,-0.0329495831679238,0.0796387520525452,0.0440651052004764,238465,243295,239403,-4830,-938,-0.0198524425080663,-0.00391807955622945
"1199","2015","전남","목포시","초등학교",2015-04-01,"여자",1271,1192,1164,-28,107,79,-0.023489932885906,0.0919243986254296,0.0662751677852349,238465,243295,239403,-4830,-938,-0.0198524425080663,-0.00391807955622945
"1200","2015","전남","목포시","초등학교",2015-04-01,"남자",1359,1327,1272,-55,87,32,-0.0414468726450641,0.0683962264150943,0.0241145440844009,238465,243295,239403,-4830,-938,-0.0198524425080663,-0.00391807955622945
"1201","2015","전남","여수시","초등학교",2015-04-01,"전체",2485,2514,2500,-14,-15,-29,-0.00556881463802705,-0.006,-0.0115354017501989,290818,292053,290847,-1235,-29,-0.00422868451959062,-9.97087815930713e-05
"1202","2015","전남","여수시","초등학교",2015-04-01,"여자",1193,1248,1227,-21,-34,-55,-0.0168269230769231,-0.0277098614506927,-0.0440705128205128,290818,292053,290847,-1235,-29,-0.00422868451959062,-9.97087815930713e-05
"1203","2015","전남","여수시","초등학교",2015-04-01,"남자",1292,1266,1273,7,19,26,0.00552922590837283,0.0149253731343284,0.0205371248025276,290818,292053,290847,-1235,-29,-0.00422868451959062,-9.97087815930713e-05
"1204","2015","전남","순천시","초등학교",2015-04-01,"전체",2711,2537,2647,110,64,174,0.043358297201419,0.0241783150736683,0.068584942845881,276897,274446,276828,2451,69,0.00893071861131151,0.000249252243270189
"1205","2015","전남","순천시","초등학교",2015-04-01,"여자",1306,1214,1268,54,38,92,0.0444810543657331,0.0299684542586751,0.0757825370675453,276897,274446,276828,2451,69,0.00893071861131151,0.000249252243270189
"1206","2015","전남","순천시","초등학교",2015-04-01,"남자",1405,1323,1379,56,26,82,0.0423280423280423,0.018854242204496,0.0619803476946334,276897,274446,276828,2451,69,0.00893071861131151,0.000249252243270189
"1207","2015","전남","나주시","초등학교",2015-04-01,"전체",624,557,562,5,62,67,0.00897666068222621,0.110320284697509,0.120287253141831,93617,87972,89598,5645,4019,0.0641681444095849,0.0448559119623206
"1208","2015","전남","나주시","초등학교",2015-04-01,"여자",292,277,275,-2,17,15,-0.0072202166064982,0.0618181818181818,0.0541516245487365,93617,87972,89598,5645,4019,0.0641681444095849,0.0448559119623206
"1209","2015","전남","나주시","초등학교",2015-04-01,"남자",332,280,287,7,45,52,0.025,0.156794425087108,0.185714285714286,93617,87972,89598,5645,4019,0.0641681444095849,0.0448559119623206
"1210","2015","전남","광양시","초등학교",2015-04-01,"전체",1535,1598,1583,-15,-48,-63,-0.00938673341677096,-0.0303221730890714,-0.039424280350438,152324,150985,151691,1339,633,0.00886843063880518,0.00417295686626102
"1211","2015","전남","광양시","초등학교",2015-04-01,"여자",750,790,779,-11,-29,-40,-0.0139240506329114,-0.0372272143774069,-0.0506329113924051,152324,150985,151691,1339,633,0.00886843063880518,0.00417295686626102
"1212","2015","전남","광양시","초등학교",2015-04-01,"남자",785,808,804,-4,-19,-23,-0.00495049504950495,-0.0236318407960199,-0.0284653465346535,152324,150985,151691,1339,633,0.00886843063880518,0.00417295686626102
"1213","2015","전남","담양군","초등학교",2015-04-01,"전체",242,271,264,-7,-22,-29,-0.025830258302583,-0.0833333333333333,-0.107011070110701,46951,47353,47410,-402,-459,-0.00848943044791249,-0.0096815017928707
"1214","2015","전남","담양군","초등학교",2015-04-01,"여자",106,110,113,3,-7,-4,0.0272727272727273,-0.0619469026548673,-0.0363636363636364,46951,47353,47410,-402,-459,-0.00848943044791249,-0.0096815017928707
"1215","2015","전남","담양군","초등학교",2015-04-01,"남자",136,161,151,-10,-15,-25,-0.062111801242236,-0.0993377483443709,-0.15527950310559,46951,47353,47410,-402,-459,-0.00848943044791249,-0.0096815017928707
"1216","2015","전남","곡성군","초등학교",2015-04-01,"전체",177,194,193,-1,-16,-17,-0.00515463917525773,-0.0829015544041451,-0.0876288659793814,30905,31352,31218,-447,-313,-0.0142574636386833,-0.0100262668973028
"1217","2015","전남","곡성군","초등학교",2015-04-01,"여자",72,80,79,-1,-7,-8,-0.0125,-0.0886075949367089,-0.1,30905,31352,31218,-447,-313,-0.0142574636386833,-0.0100262668973028
"1218","2015","전남","곡성군","초등학교",2015-04-01,"남자",105,114,114,0,-9,-9,0,-0.0789473684210526,-0.0789473684210526,30905,31352,31218,-447,-313,-0.0142574636386833,-0.0100262668973028
"1219","2015","전남","구례군","초등학교",2015-04-01,"전체",170,172,167,-5,3,-2,-0.0290697674418605,0.0179640718562874,-0.0116279069767442,27075,27058,27225,17,-150,0.000628279991130165,-0.00550964187327824
"1220","2015","전남","구례군","초등학교",2015-04-01,"여자",73,83,78,-5,-5,-10,-0.0602409638554217,-0.0641025641025641,-0.120481927710843,27075,27058,27225,17,-150,0.000628279991130165,-0.00550964187327824
"1221","2015","전남","구례군","초등학교",2015-04-01,"남자",97,89,89,0,8,8,0,0.0898876404494382,0.0898876404494382,27075,27058,27225,17,-150,0.000628279991130165,-0.00550964187327824
"1222","2015","전남","고흥군","초등학교",2015-04-01,"전체",313,326,318,-8,-5,-13,-0.0245398773006135,-0.0157232704402516,-0.0398773006134969,69153,71058,70393,-1905,-1240,-0.0268090855357595,-0.0176153878936826
"1223","2015","전남","고흥군","초등학교",2015-04-01,"여자",156,173,171,-2,-15,-17,-0.0115606936416185,-0.087719298245614,-0.0982658959537572,69153,71058,70393,-1905,-1240,-0.0268090855357595,-0.0176153878936826
"1224","2015","전남","고흥군","초등학교",2015-04-01,"남자",157,153,147,-6,10,4,-0.0392156862745098,0.0680272108843537,0.0261437908496732,69153,71058,70393,-1905,-1240,-0.0268090855357595,-0.0176153878936826
"1225","2015","전남","보성군","초등학교",2015-04-01,"전체",220,290,258,-32,-38,-70,-0.110344827586207,-0.147286821705426,-0.241379310344828,45503,46832,46309,-1329,-806,-0.0283780321147933,-0.0174048241162625
"1226","2015","전남","보성군","초등학교",2015-04-01,"여자",117,158,138,-20,-21,-41,-0.126582278481013,-0.152173913043478,-0.259493670886076,45503,46832,46309,-1329,-806,-0.0283780321147933,-0.0174048241162625
"1227","2015","전남","보성군","초등학교",2015-04-01,"남자",103,132,120,-12,-17,-29,-0.0909090909090909,-0.141666666666667,-0.21969696969697,45503,46832,46309,-1329,-806,-0.0283780321147933,-0.0174048241162625
"1228","2015","전남","화순군","초등학교",2015-04-01,"전체",483,515,493,-22,-10,-32,-0.0427184466019417,-0.0202839756592292,-0.0621359223300971,66224,68139,67526,-1915,-1302,-0.028104316177226,-0.019281461955395
"1229","2015","전남","화순군","초등학교",2015-04-01,"여자",240,251,239,-12,1,-11,-0.047808764940239,0.00418410041841004,-0.0438247011952191,66224,68139,67526,-1915,-1302,-0.028104316177226,-0.019281461955395
"1230","2015","전남","화순군","초등학교",2015-04-01,"남자",243,264,254,-10,-11,-21,-0.0378787878787879,-0.0433070866141732,-0.0795454545454545,66224,68139,67526,-1915,-1302,-0.028104316177226,-0.019281461955395
"1231","2015","전남","장흥군","초등학교",2015-04-01,"전체",240,265,269,4,-29,-25,0.0150943396226415,-0.107806691449814,-0.0943396226415094,41272,41731,41729,-459,-457,-0.0109990175169538,-0.0109516163818927
"1232","2015","전남","장흥군","초등학교",2015-04-01,"여자",123,137,135,-2,-12,-14,-0.0145985401459854,-0.0888888888888889,-0.102189781021898,41272,41731,41729,-459,-457,-0.0109990175169538,-0.0109516163818927
"1233","2015","전남","장흥군","초등학교",2015-04-01,"남자",117,128,134,6,-17,-11,0.046875,-0.126865671641791,-0.0859375,41272,41731,41729,-459,-457,-0.0109990175169538,-0.0109516163818927
"1234","2015","전남","강진군","초등학교",2015-04-01,"전체",234,297,280,-17,-46,-63,-0.0572390572390572,-0.164285714285714,-0.212121212121212,39075,40043,39892,-968,-817,-0.0241740129360937,-0.0204802968013637
"1235","2015","전남","강진군","초등학교",2015-04-01,"여자",106,141,129,-12,-23,-35,-0.0851063829787234,-0.178294573643411,-0.24822695035461,39075,40043,39892,-968,-817,-0.0241740129360937,-0.0204802968013637
"1236","2015","전남","강진군","초등학교",2015-04-01,"남자",128,156,151,-5,-23,-28,-0.032051282051282,-0.152317880794702,-0.179487179487179,39075,40043,39892,-968,-817,-0.0241740129360937,-0.0204802968013637
"1237","2015","전남","해남군","초등학교",2015-04-01,"전체",516,527,526,-1,-10,-11,-0.00189753320683112,-0.0190114068441065,-0.0208728652751423,76635,77967,77419,-1332,-784,-0.017084150986956,-0.0101267130807683
"1238","2015","전남","해남군","초등학교",2015-04-01,"여자",241,255,252,-3,-11,-14,-0.0117647058823529,-0.0436507936507936,-0.0549019607843137,76635,77967,77419,-1332,-784,-0.017084150986956,-0.0101267130807683
"1239","2015","전남","해남군","초등학교",2015-04-01,"남자",275,272,274,2,1,3,0.00735294117647059,0.00364963503649635,0.0110294117647059,76635,77967,77419,-1332,-784,-0.017084150986956,-0.0101267130807683
"1240","2015","전남","영암군","초등학교",2015-04-01,"전체",448,542,493,-49,-45,-94,-0.0904059040590406,-0.0912778904665314,-0.173431734317343,58651,59873,59250,-1222,-599,-0.0204098675529872,-0.0101097046413502
"1241","2015","전남","영암군","초등학교",2015-04-01,"여자",206,240,224,-16,-18,-34,-0.0666666666666667,-0.0803571428571429,-0.141666666666667,58651,59873,59250,-1222,-599,-0.0204098675529872,-0.0101097046413502
"1242","2015","전남","영암군","초등학교",2015-04-01,"남자",242,302,269,-33,-27,-60,-0.109271523178808,-0.100371747211896,-0.198675496688742,58651,59873,59250,-1222,-599,-0.0204098675529872,-0.0101097046413502
"1243","2015","전남","무안군","초등학교",2015-04-01,"전체",788,768,870,102,-82,20,0.1328125,-0.0942528735632184,0.0260416666666667,81857,76347,80425,5510,1432,0.0721704847603704,0.017805408765931
"1244","2015","전남","무안군","초등학교",2015-04-01,"여자",379,373,418,45,-39,6,0.120643431635389,-0.0933014354066986,0.0160857908847185,81857,76347,80425,5510,1432,0.0721704847603704,0.017805408765931
"1245","2015","전남","무안군","초등학교",2015-04-01,"남자",409,395,452,57,-43,14,0.144303797468354,-0.0951327433628319,0.0354430379746835,81857,76347,80425,5510,1432,0.0721704847603704,0.017805408765931
"1246","2015","전남","함평군","초등학교",2015-04-01,"전체",161,202,198,-4,-37,-41,-0.0198019801980198,-0.186868686868687,-0.202970297029703,35006,35562,35489,-556,-483,-0.0156346662167482,-0.0136098509397278
"1247","2015","전남","함평군","초등학교",2015-04-01,"여자",74,102,100,-2,-26,-28,-0.0196078431372549,-0.26,-0.274509803921569,35006,35562,35489,-556,-483,-0.0156346662167482,-0.0136098509397278
"1248","2015","전남","함평군","초등학교",2015-04-01,"남자",87,100,98,-2,-11,-13,-0.02,-0.112244897959184,-0.13,35006,35562,35489,-556,-483,-0.0156346662167482,-0.0136098509397278
"1249","2015","전남","영광군","초등학교",2015-04-01,"전체",392,376,385,9,7,16,0.023936170212766,0.0181818181818182,0.0425531914893617,56459,57534,57359,-1075,-900,-0.0186846038863976,-0.0156906501159365
"1250","2015","전남","영광군","초등학교",2015-04-01,"여자",193,182,191,9,2,11,0.0494505494505494,0.0104712041884817,0.0604395604395604,56459,57534,57359,-1075,-900,-0.0186846038863976,-0.0156906501159365
"1251","2015","전남","영광군","초등학교",2015-04-01,"남자",199,194,194,0,5,5,0,0.0257731958762887,0.0257731958762887,56459,57534,57359,-1075,-900,-0.0186846038863976,-0.0156906501159365
"1252","2015","전남","장성군","초등학교",2015-04-01,"전체",346,349,354,5,-8,-3,0.0143266475644699,-0.0225988700564972,-0.00859598853868195,46043,46114,46506,-71,-463,-0.00153966257535672,-0.00995570464026147
"1253","2015","전남","장성군","초등학교",2015-04-01,"여자",165,176,181,5,-16,-11,0.0284090909090909,-0.0883977900552486,-0.0625,46043,46114,46506,-71,-463,-0.00153966257535672,-0.00995570464026147
"1254","2015","전남","장성군","초등학교",2015-04-01,"남자",181,173,173,0,8,8,0,0.046242774566474,0.046242774566474,46043,46114,46506,-71,-463,-0.00153966257535672,-0.00995570464026147
"1255","2015","전남","완도군","초등학교",2015-04-01,"전체",309,314,311,-3,-2,-5,-0.00955414012738853,-0.00643086816720257,-0.0159235668789809,53079,53663,53454,-584,-375,-0.0108827311182752,-0.0070153777079358
"1256","2015","전남","완도군","초등학교",2015-04-01,"여자",138,137,142,5,-4,1,0.0364963503649635,-0.028169014084507,0.0072992700729927,53079,53663,53454,-584,-375,-0.0108827311182752,-0.0070153777079358
"1257","2015","전남","완도군","초등학교",2015-04-01,"남자",171,177,169,-8,2,-6,-0.0451977401129944,0.0118343195266272,-0.0338983050847458,53079,53663,53454,-584,-375,-0.0108827311182752,-0.0070153777079358
"1258","2015","전남","진도군","초등학교",2015-04-01,"전체",183,230,229,-1,-46,-47,-0.00434782608695652,-0.200873362445415,-0.204347826086957,32544,33147,32945,-603,-401,-0.0181916915557969,-0.0121718014873274
"1259","2015","전남","진도군","초등학교",2015-04-01,"여자",84,109,110,1,-26,-25,0.00917431192660551,-0.236363636363636,-0.229357798165138,32544,33147,32945,-603,-401,-0.0181916915557969,-0.0121718014873274
"1260","2015","전남","진도군","초등학교",2015-04-01,"남자",99,121,119,-2,-20,-22,-0.0165289256198347,-0.168067226890756,-0.181818181818182,32544,33147,32945,-603,-401,-0.0181916915557969,-0.0121718014873274
"1261","2015","전남","신안군","초등학교",2015-04-01,"전체",171,202,213,11,-42,-31,0.0544554455445545,-0.197183098591549,-0.153465346534653,43659,43953,44427,-294,-768,-0.00668896321070234,-0.0172867850631373
"1262","2015","전남","신안군","초등학교",2015-04-01,"여자",85,100,101,1,-16,-15,0.01,-0.158415841584158,-0.15,43659,43953,44427,-294,-768,-0.00668896321070234,-0.0172867850631373
"1263","2015","전남","신안군","초등학교",2015-04-01,"남자",86,102,112,10,-26,-16,0.0980392156862745,-0.232142857142857,-0.156862745098039,43659,43953,44427,-294,-768,-0.00668896321070234,-0.0172867850631373
"1264","2015","경북","포항시","초등학교",2015-04-01,"전체",5686,4497,4507,10,1179,1189,0.0022237046920169,0.261593077435101,0.264398487880809,517974,518956,519111,-982,-1137,-0.00189226061554351,-0.00219028300305715
"1265","2015","경북","포항시","초등학교",2015-04-01,"여자",2754,2215,2211,-4,543,539,-0.0018058690744921,0.245590230664858,0.24334085778781,517974,518956,519111,-982,-1137,-0.00189226061554351,-0.00219028300305715
"1266","2015","경북","포항시","초등학교",2015-04-01,"남자",2932,2282,2296,14,636,650,0.00613496932515337,0.277003484320557,0.284837861524978,517974,518956,519111,-982,-1137,-0.00189226061554351,-0.00219028300305715
"1267","2015","경북","경주시","초등학교",2015-04-01,"전체",1972,2027,2007,-20,-35,-55,-0.00986679822397632,-0.0174389636273044,-0.0271336951159349,260904,263663,262905,-2759,-2001,-0.0104641151773286,-0.00761111428082387
"1268","2015","경북","경주시","초등학교",2015-04-01,"여자",963,993,985,-8,-22,-30,-0.0080563947633434,-0.0223350253807107,-0.0302114803625378,260904,263663,262905,-2759,-2001,-0.0104641151773286,-0.00761111428082387
"1269","2015","경북","경주시","초등학교",2015-04-01,"남자",1009,1034,1022,-12,-13,-25,-0.011605415860735,-0.012720156555773,-0.0241779497098646,260904,263663,262905,-2759,-2001,-0.0104641151773286,-0.00761111428082387
"1270","2015","경북","김천시","초등학교",2015-04-01,"전체",1061,1036,1035,-1,26,25,-0.000965250965250965,0.0251207729468599,0.0241312741312741,135293,135082,134737,211,556,0.00156201418397714,0.00412655766419024
"1271","2015","경북","김천시","초등학교",2015-04-01,"여자",500,497,504,7,-4,3,0.0140845070422535,-0.00793650793650794,0.00603621730382294,135293,135082,134737,211,556,0.00156201418397714,0.00412655766419024
"1272","2015","경북","김천시","초등학교",2015-04-01,"남자",561,539,531,-8,30,22,-0.0148423005565863,0.0564971751412429,0.0408163265306122,135293,135082,134737,211,556,0.00156201418397714,0.00412655766419024
"1273","2015","경북","안동시","초등학교",2015-04-01,"전체",1318,1344,1336,-8,-18,-26,-0.00595238095238095,-0.0134730538922156,-0.0193452380952381,168224,167676,167743,548,481,0.00326820773396312,0.00286748180251933
"1274","2015","경북","안동시","초등학교",2015-04-01,"여자",647,679,675,-4,-28,-32,-0.00589101620029455,-0.0414814814814815,-0.0471281296023564,168224,167676,167743,548,481,0.00326820773396312,0.00286748180251933
"1275","2015","경북","안동시","초등학교",2015-04-01,"남자",671,665,661,-4,10,6,-0.00601503759398496,0.0151285930408472,0.00902255639097744,168224,167676,167743,548,481,0.00326820773396312,0.00286748180251933
"1276","2015","경북","구미시","초등학교",2015-04-01,"전체",4785,4715,4652,-63,133,70,-0.0133616118769883,0.0285898538263113,0.0148462354188759,421281,417958,419718,3323,1563,0.00795055962560831,0.00372392892370592
"1277","2015","경북","구미시","초등학교",2015-04-01,"여자",2330,2250,2217,-33,113,80,-0.0146666666666667,0.0509697789806044,0.0355555555555556,421281,417958,419718,3323,1563,0.00795055962560831,0.00372392892370592
"1278","2015","경북","구미시","초등학교",2015-04-01,"남자",2455,2465,2435,-30,20,-10,-0.0121703853955375,0.0082135523613963,-0.00405679513184584,421281,417958,419718,3323,1563,0.00795055962560831,0.00372392892370592
"1279","2015","경북","영주시","초등학교",2015-04-01,"전체",814,775,778,3,36,39,0.00387096774193548,0.0462724935732648,0.0503225806451613,110436,112320,111701,-1884,-1265,-0.0167735042735043,-0.0113248762320839
"1280","2015","경북","영주시","초등학교",2015-04-01,"여자",413,372,377,5,36,41,0.0134408602150538,0.0954907161803713,0.110215053763441,110436,112320,111701,-1884,-1265,-0.0167735042735043,-0.0113248762320839
"1281","2015","경북","영주시","초등학교",2015-04-01,"남자",401,403,401,-2,0,-2,-0.00496277915632754,0,-0.00496277915632754,110436,112320,111701,-1884,-1265,-0.0167735042735043,-0.0113248762320839
"1282","2015","경북","영천시","초등학교",2015-04-01,"전체",578,595,583,-12,-5,-17,-0.0201680672268908,-0.00857632933104631,-0.0285714285714286,100595,101165,100251,-570,344,-0.00563435970938566,0.00343138721808261
"1283","2015","경북","영천시","초등학교",2015-04-01,"여자",265,272,265,-7,0,-7,-0.0257352941176471,0,-0.0257352941176471,100595,101165,100251,-570,344,-0.00563435970938566,0.00343138721808261
"1284","2015","경북","영천시","초등학교",2015-04-01,"남자",313,323,318,-5,-5,-10,-0.0154798761609907,-0.0157232704402516,-0.0309597523219814,100595,101165,100251,-570,344,-0.00563435970938566,0.00343138721808261
"1285","2015","경북","상주시","초등학교",2015-04-01,"전체",711,656,663,7,48,55,0.0106707317073171,0.0723981900452489,0.0838414634146342,102438,103950,103484,-1512,-1046,-0.0145454545454545,-0.0101078427583008
"1286","2015","경북","상주시","초등학교",2015-04-01,"여자",342,339,335,-4,7,3,-0.0117994100294985,0.0208955223880597,0.00884955752212389,102438,103950,103484,-1512,-1046,-0.0145454545454545,-0.0101078427583008
"1287","2015","경북","상주시","초등학교",2015-04-01,"남자",369,317,328,11,41,52,0.0347003154574132,0.125,0.16403785488959,102438,103950,103484,-1512,-1046,-0.0145454545454545,-0.0101078427583008
"1288","2015","경북","문경시","초등학교",2015-04-01,"전체",484,477,482,5,2,7,0.010482180293501,0.004149377593361,0.0146750524109015,75637,75693,75746,-56,-109,-0.000739830631630402,-0.00143901988223801
"1289","2015","경북","문경시","초등학교",2015-04-01,"여자",228,221,229,8,-1,7,0.0361990950226244,-0.00436681222707424,0.0316742081447964,75637,75693,75746,-56,-109,-0.000739830631630402,-0.00143901988223801
"1290","2015","경북","문경시","초등학교",2015-04-01,"남자",256,256,253,-3,3,0,-0.01171875,0.0118577075098814,0,75637,75693,75746,-56,-109,-0.000739830631630402,-0.00143901988223801
"1291","2015","경북","경산시","초등학교",2015-04-01,"전체",2157,2287,2241,-46,-84,-130,-0.020113686051596,-0.0374832663989291,-0.0568430257979886,255259,247711,249491,7548,5768,0.0304709924064737,0.0231190704273902
"1292","2015","경북","경산시","초등학교",2015-04-01,"여자",1023,1111,1094,-17,-71,-88,-0.0153015301530153,-0.0648994515539305,-0.0792079207920792,255259,247711,249491,7548,5768,0.0304709924064737,0.0231190704273902
"1293","2015","경북","경산시","초등학교",2015-04-01,"남자",1134,1176,1147,-29,-13,-42,-0.0246598639455782,-0.011333914559721,-0.0357142857142857,255259,247711,249491,7548,5768,0.0304709924064737,0.0231190704273902
"1294","2015","경북","군위군","초등학교",2015-04-01,"전체",92,88,89,1,3,4,0.0113636363636364,0.0337078651685393,0.0454545454545455,24018,24124,24435,-106,-417,-0.0043939645166639,-0.0170656844689994
"1295","2015","경북","군위군","초등학교",2015-04-01,"여자",41,44,43,-1,-2,-3,-0.0227272727272727,-0.0465116279069767,-0.0681818181818182,24018,24124,24435,-106,-417,-0.0043939645166639,-0.0170656844689994
"1296","2015","경북","군위군","초등학교",2015-04-01,"남자",51,44,46,2,5,7,0.0454545454545455,0.108695652173913,0.159090909090909,24018,24124,24435,-106,-417,-0.0043939645166639,-0.0170656844689994
"1297","2015","경북","의성군","초등학교",2015-04-01,"전체",223,225,216,-9,7,-2,-0.04,0.0324074074074074,-0.00888888888888889,54860,56701,55851,-1841,-991,-0.0324685631646708,-0.017743639326064
"1298","2015","경북","의성군","초등학교",2015-04-01,"여자",85,88,87,-1,-2,-3,-0.0113636363636364,-0.0229885057471264,-0.0340909090909091,54860,56701,55851,-1841,-991,-0.0324685631646708,-0.017743639326064
"1299","2015","경북","의성군","초등학교",2015-04-01,"남자",138,137,129,-8,9,1,-0.0583941605839416,0.0697674418604651,0.0072992700729927,54860,56701,55851,-1841,-991,-0.0324685631646708,-0.017743639326064
"1300","2015","경북","청송군","초등학교",2015-04-01,"전체",119,132,130,-2,-11,-13,-0.0151515151515152,-0.0846153846153846,-0.0984848484848485,26383,26445,26526,-62,-143,-0.00234448856116468,-0.00539093719369675
"1301","2015","경북","청송군","초등학교",2015-04-01,"여자",48,55,54,-1,-6,-7,-0.0181818181818182,-0.111111111111111,-0.127272727272727,26383,26445,26526,-62,-143,-0.00234448856116468,-0.00539093719369675
"1302","2015","경북","청송군","초등학교",2015-04-01,"남자",71,77,76,-1,-5,-6,-0.012987012987013,-0.0657894736842105,-0.0779220779220779,26383,26445,26526,-62,-143,-0.00234448856116468,-0.00539093719369675
"1303","2015","경북","영양군","초등학교",2015-04-01,"전체",104,89,86,-3,18,15,-0.0337078651685393,0.209302325581395,0.168539325842697,18043,18259,18338,-216,-295,-0.0118297825729777,-0.0160868142654597
"1304","2015","경북","영양군","초등학교",2015-04-01,"여자",51,39,37,-2,14,12,-0.0512820512820513,0.378378378378378,0.307692307692308,18043,18259,18338,-216,-295,-0.0118297825729777,-0.0160868142654597
"1305","2015","경북","영양군","초등학교",2015-04-01,"남자",53,50,49,-1,4,3,-0.02,0.0816326530612245,0.06,18043,18259,18338,-216,-295,-0.0118297825729777,-0.0160868142654597
"1306","2015","경북","영덕군","초등학교",2015-04-01,"전체",167,186,186,0,-19,-19,0,-0.102150537634409,-0.102150537634409,39421,40280,40043,-859,-622,-0.0213257199602781,-0.0155333017006718
"1307","2015","경북","영덕군","초등학교",2015-04-01,"여자",82,77,79,2,3,5,0.025974025974026,0.0379746835443038,0.0649350649350649,39421,40280,40043,-859,-622,-0.0213257199602781,-0.0155333017006718
"1308","2015","경북","영덕군","초등학교",2015-04-01,"남자",85,109,107,-2,-22,-24,-0.018348623853211,-0.205607476635514,-0.220183486238532,39421,40280,40043,-859,-622,-0.0213257199602781,-0.0155333017006718
"1309","2015","경북","청도군","초등학교",2015-04-01,"전체",176,165,174,9,2,11,0.0545454545454545,0.0114942528735632,0.0666666666666667,43793,43742,43826,51,-33,0.00116592748388277,-0.000752977684479533
"1310","2015","경북","청도군","초등학교",2015-04-01,"여자",85,73,79,6,6,12,0.0821917808219178,0.0759493670886076,0.164383561643836,43793,43742,43826,51,-33,0.00116592748388277,-0.000752977684479533
"1311","2015","경북","청도군","초등학교",2015-04-01,"남자",91,92,95,3,-4,-1,0.0326086956521739,-0.0421052631578947,-0.0108695652173913,43793,43742,43826,51,-33,0.00116592748388277,-0.000752977684479533
"1312","2015","경북","고령군","초등학교",2015-04-01,"전체",232,231,228,-3,4,1,-0.012987012987013,0.0175438596491228,0.00432900432900433,34740,35243,35099,-503,-359,-0.0142723377692024,-0.010228211629961
"1313","2015","경북","고령군","초등학교",2015-04-01,"여자",101,100,96,-4,5,1,-0.04,0.0520833333333333,0.01,34740,35243,35099,-503,-359,-0.0142723377692024,-0.010228211629961
"1314","2015","경북","고령군","초등학교",2015-04-01,"남자",131,131,132,1,-1,0,0.00763358778625954,-0.00757575757575758,0,34740,35243,35099,-503,-359,-0.0142723377692024,-0.010228211629961
"1315","2015","경북","성주군","초등학교",2015-04-01,"전체",207,227,226,-1,-19,-20,-0.00440528634361234,-0.084070796460177,-0.0881057268722467,44845,44908,44961,-63,-116,-0.00140286808586443,-0.00258001378972888
"1316","2015","경북","성주군","초등학교",2015-04-01,"여자",93,119,116,-3,-23,-26,-0.0252100840336134,-0.198275862068966,-0.218487394957983,44845,44908,44961,-63,-116,-0.00140286808586443,-0.00258001378972888
"1317","2015","경북","성주군","초등학교",2015-04-01,"남자",114,108,110,2,4,6,0.0185185185185185,0.0363636363636364,0.0555555555555556,44845,44908,44961,-63,-116,-0.00140286808586443,-0.00258001378972888
"1318","2015","경북","칠곡군","초등학교",2015-04-01,"전체",1230,1311,1284,-27,-54,-81,-0.0205949656750572,-0.0420560747663551,-0.0617848970251716,121695,120188,121496,1507,199,0.0125386893866276,0.00163791400539935
"1319","2015","경북","칠곡군","초등학교",2015-04-01,"여자",598,615,595,-20,3,-17,-0.032520325203252,0.00504201680672269,-0.0276422764227642,121695,120188,121496,1507,199,0.0125386893866276,0.00163791400539935
"1320","2015","경북","칠곡군","초등학교",2015-04-01,"남자",632,696,689,-7,-57,-64,-0.0100574712643678,-0.0827285921625544,-0.0919540229885057,121695,120188,121496,1507,199,0.0125386893866276,0.00163791400539935
"1321","2015","경북","예천군","초등학교",2015-04-01,"전체",241,284,276,-8,-35,-43,-0.028169014084507,-0.126811594202899,-0.151408450704225,44931,45934,45467,-1003,-536,-0.0218356772760918,-0.0117887698770537
"1322","2015","경북","예천군","초등학교",2015-04-01,"여자",99,125,120,-5,-21,-26,-0.04,-0.175,-0.208,44931,45934,45467,-1003,-536,-0.0218356772760918,-0.0117887698770537
"1323","2015","경북","예천군","초등학교",2015-04-01,"남자",142,159,156,-3,-14,-17,-0.0188679245283019,-0.0897435897435897,-0.106918238993711,44931,45934,45467,-1003,-536,-0.0218356772760918,-0.0117887698770537
"1324","2015","경북","봉화군","초등학교",2015-04-01,"전체",177,218,208,-10,-31,-41,-0.0458715596330275,-0.149038461538462,-0.188073394495413,33853,33978,34037,-125,-184,-0.00367885102124904,-0.00540588183447425
"1325","2015","경북","봉화군","초등학교",2015-04-01,"여자",74,89,88,-1,-14,-15,-0.0112359550561798,-0.159090909090909,-0.168539325842697,33853,33978,34037,-125,-184,-0.00367885102124904,-0.00540588183447425
"1326","2015","경북","봉화군","초등학교",2015-04-01,"남자",103,129,120,-9,-17,-26,-0.0697674418604651,-0.141666666666667,-0.201550387596899,33853,33978,34037,-125,-184,-0.00367885102124904,-0.00540588183447425
"1327","2015","경북","울진군","초등학교",2015-04-01,"전체",364,415,396,-19,-32,-51,-0.0457831325301205,-0.0808080808080808,-0.12289156626506,51957,51745,51958,212,-1,0.00409701420427094,-1.92463143308057e-05
"1328","2015","경북","울진군","초등학교",2015-04-01,"여자",178,209,193,-16,-15,-31,-0.076555023923445,-0.077720207253886,-0.148325358851675,51957,51745,51958,212,-1,0.00409701420427094,-1.92463143308057e-05
"1329","2015","경북","울진군","초등학교",2015-04-01,"남자",186,206,203,-3,-17,-20,-0.0145631067961165,-0.083743842364532,-0.0970873786407767,51957,51745,51958,212,-1,0.00409701420427094,-1.92463143308057e-05
"1330","2015","경북","울릉군","초등학교",2015-04-01,"전체",57,53,59,6,-2,4,0.113207547169811,-0.0338983050847458,0.0754716981132075,10257,10620,10514,-363,-257,-0.034180790960452,-0.0244435990108427
"1331","2015","경북","울릉군","초등학교",2015-04-01,"여자",25,28,35,7,-10,-3,0.25,-0.285714285714286,-0.107142857142857,10257,10620,10514,-363,-257,-0.034180790960452,-0.0244435990108427
"1332","2015","경북","울릉군","초등학교",2015-04-01,"남자",32,25,24,-1,8,7,-0.04,0.333333333333333,0.28,10257,10620,10514,-363,-257,-0.034180790960452,-0.0244435990108427
"1333","2015","경남","창원시","초등학교",2015-04-01,"전체",9831,20740,20256,-484,-10425,-10909,-0.0233365477338476,-0.514662322274882,-0.525988428158149,1073138,1089406,1078565,-16268,-5427,-0.0149329083922798,-0.00503168561931826
"1334","2015","경남","창원시","초등학교",2015-04-01,"여자",4815,10070,9870,-200,-5055,-5255,-0.0198609731876862,-0.512158054711246,-0.521847070506455,1073138,1089406,1078565,-16268,-5427,-0.0149329083922798,-0.00503168561931826
"1335","2015","경남","창원시","초등학교",2015-04-01,"남자",5016,10670,10386,-284,-5370,-5654,-0.0266166822867854,-0.517042172154824,-0.529896907216495,1073138,1089406,1078565,-16268,-5427,-0.0149329083922798,-0.00503168561931826
"1336","2015","경남","진주시","초등학교",2015-04-01,"전체",3233,2919,2974,55,259,314,0.0188420692017814,0.0870880968392737,0.107571085988352,341700,337159,337665,4541,4035,0.013468422910259,0.011949713473413
"1337","2015","경남","진주시","초등학교",2015-04-01,"여자",1562,1386,1421,35,141,176,0.0252525252525253,0.0992258972554539,0.126984126984127,341700,337159,337665,4541,4035,0.013468422910259,0.011949713473413
"1338","2015","경남","진주시","초등학교",2015-04-01,"남자",1671,1533,1553,20,118,138,0.0130463144161774,0.0759819703799098,0.0900195694716243,341700,337159,337665,4541,4035,0.013468422910259,0.011949713473413
"1339","2015","경남","통영시","초등학교",2015-04-01,"전체",1438,1482,1489,7,-51,-44,0.00472334682860999,-0.0342511752854265,-0.0296896086369771,139344,139306,139395,38,-51,0.000272780784747247,-0.000365866781448402
"1340","2015","경남","통영시","초등학교",2015-04-01,"여자",723,739,742,3,-19,-16,0.0040595399188092,-0.0256064690026954,-0.0216508795669824,139344,139306,139395,38,-51,0.000272780784747247,-0.000365866781448402
"1341","2015","경남","통영시","초등학교",2015-04-01,"남자",715,743,747,4,-32,-28,0.0053835800807537,-0.0428380187416332,-0.0376850605652759,139344,139306,139395,38,-51,0.000272780784747247,-0.000365866781448402
"1342","2015","경남","사천시","초등학교",2015-04-01,"전체",1173,1203,1202,-1,-29,-30,-0.000831255195344971,-0.024126455906822,-0.0249376558603491,116102,115868,116886,234,-784,0.0020195394759554,-0.00670739010659959
"1343","2015","경남","사천시","초등학교",2015-04-01,"여자",568,563,574,11,-6,5,0.019538188277087,-0.0104529616724739,0.0088809946714032,116102,115868,116886,234,-784,0.0020195394759554,-0.00670739010659959
"1344","2015","경남","사천시","초등학교",2015-04-01,"남자",605,640,628,-12,-23,-35,-0.01875,-0.036624203821656,-0.0546875,116102,115868,116886,234,-784,0.0020195394759554,-0.00670739010659959
"1345","2015","경남","김해시","초등학교",2015-04-01,"전체",6050,5938,6117,179,-67,112,0.0301448299090603,-0.0109530815759359,0.0188615695520377,527275,514251,524709,13024,2566,0.0253261539598367,0.00489032968750298
"1346","2015","경남","김해시","초등학교",2015-04-01,"여자",2933,2938,3033,95,-100,-5,0.0323349217154527,-0.0329706561160567,-0.00170183798502383,527275,514251,524709,13024,2566,0.0253261539598367,0.00489032968750298
"1347","2015","경남","김해시","초등학교",2015-04-01,"남자",3117,3000,3084,84,33,117,0.028,0.0107003891050584,0.039,527275,514251,524709,13024,2566,0.0253261539598367,0.00489032968750298
"1348","2015","경남","밀양시","초등학교",2015-04-01,"전체",740,709,727,18,13,31,0.0253878702397743,0.0178817056396149,0.0437235543018336,107595,108431,107908,-836,-313,-0.00770997224041095,-0.00290061904585388
"1349","2015","경남","밀양시","초등학교",2015-04-01,"여자",375,343,354,11,21,32,0.032069970845481,0.0593220338983051,0.0932944606413994,107595,108431,107908,-836,-313,-0.00770997224041095,-0.00290061904585388
"1350","2015","경남","밀양시","초등학교",2015-04-01,"남자",365,366,373,7,-8,-1,0.0191256830601093,-0.0214477211796247,-0.00273224043715847,107595,108431,107908,-836,-313,-0.00770997224041095,-0.00290061904585388
"1351","2015","경남","거제시","초등학교",2015-04-01,"전체",3034,3044,3041,-3,-7,-10,-0.000985545335085414,-0.0023018743834265,-0.00328515111695138,251563,238434,243736,13129,7827,0.0550634557152084,0.0321126136475531
"1352","2015","경남","거제시","초등학교",2015-04-01,"여자",1481,1445,1441,-4,40,36,-0.0027681660899654,0.0277585010409438,0.0249134948096886,251563,238434,243736,13129,7827,0.0550634557152084,0.0321126136475531
"1353","2015","경남","거제시","초등학교",2015-04-01,"남자",1553,1599,1600,1,-47,-46,0.000625390869293308,-0.029375,-0.0287679799874922,251563,238434,243736,13129,7827,0.0550634557152084,0.0321126136475531
"1354","2015","경남","양산시","초등학교",2015-04-01,"전체",3213,2938,3060,122,153,275,0.0415248468345813,0.05,0.0936010891763104,296138,271212,283672,24926,12466,0.0919059628630002,0.043945119715728
"1355","2015","경남","양산시","초등학교",2015-04-01,"여자",1538,1400,1462,62,76,138,0.0442857142857143,0.0519835841313269,0.0985714285714286,296138,271212,283672,24926,12466,0.0919059628630002,0.043945119715728
"1356","2015","경남","양산시","초등학교",2015-04-01,"남자",1675,1538,1598,60,77,137,0.0390117035110533,0.0481852315394243,0.0890767230169051,296138,271212,283672,24926,12466,0.0919059628630002,0.043945119715728
"1357","2015","경남","의령군","초등학교",2015-04-01,"전체",131,172,157,-15,-26,-41,-0.0872093023255814,-0.165605095541401,-0.238372093023256,28948,29543,29548,-595,-600,-0.0201401347188843,-0.0203059428726141
"1358","2015","경남","의령군","초등학교",2015-04-01,"여자",66,84,70,-14,-4,-18,-0.166666666666667,-0.0571428571428571,-0.214285714285714,28948,29543,29548,-595,-600,-0.0201401347188843,-0.0203059428726141
"1359","2015","경남","의령군","초등학교",2015-04-01,"남자",65,88,87,-1,-22,-23,-0.0113636363636364,-0.252873563218391,-0.261363636363636,28948,29543,29548,-595,-600,-0.0201401347188843,-0.0203059428726141
"1360","2015","경남","함안군","초등학교",2015-04-01,"전체",685,636,637,1,48,49,0.00157232704402516,0.0753532182103611,0.0770440251572327,68737,67590,68005,1147,732,0.0169699659712975,0.0107639144180575
"1361","2015","경남","함안군","초등학교",2015-04-01,"여자",320,319,327,8,-7,1,0.0250783699059561,-0.0214067278287462,0.00313479623824451,68737,67590,68005,1147,732,0.0169699659712975,0.0107639144180575
"1362","2015","경남","함안군","초등학교",2015-04-01,"남자",365,317,310,-7,55,48,-0.0220820189274448,0.17741935483871,0.151419558359621,68737,67590,68005,1147,732,0.0169699659712975,0.0107639144180575
"1363","2015","경남","창녕군","초등학교",2015-04-01,"전체",377,415,415,0,-38,-38,0,-0.091566265060241,-0.091566265060241,63635,63217,63539,418,96,0.00661214546720028,0.00151088307968334
"1364","2015","경남","창녕군","초등학교",2015-04-01,"여자",176,188,191,3,-15,-12,0.0159574468085106,-0.0785340314136126,-0.0638297872340425,63635,63217,63539,418,96,0.00661214546720028,0.00151088307968334
"1365","2015","경남","창녕군","초등학교",2015-04-01,"남자",201,227,224,-3,-23,-26,-0.013215859030837,-0.102678571428571,-0.114537444933921,63635,63217,63539,418,96,0.00661214546720028,0.00151088307968334
"1366","2015","경남","고성군","초등학교",2015-04-01,"전체",396,419,395,-24,1,-23,-0.0572792362768496,0.00253164556962025,-0.0548926014319809,55591,56796,56350,-1205,-759,-0.0212162828368195,-0.013469387755102
"1367","2015","경남","고성군","초등학교",2015-04-01,"여자",191,206,191,-15,0,-15,-0.0728155339805825,0,-0.0728155339805825,55591,56796,56350,-1205,-759,-0.0212162828368195,-0.013469387755102
"1368","2015","경남","고성군","초등학교",2015-04-01,"남자",205,213,204,-9,1,-8,-0.0422535211267606,0.00490196078431373,-0.0375586854460094,55591,56796,56350,-1205,-759,-0.0212162828368195,-0.013469387755102
"1369","2015","경남","남해군","초등학교",2015-04-01,"전체",238,238,229,-9,9,0,-0.0378151260504202,0.0393013100436681,0,46357,47708,47118,-1351,-761,-0.028318101785864,-0.0161509401927077
"1370","2015","경남","남해군","초등학교",2015-04-01,"여자",107,113,105,-8,2,-6,-0.0707964601769911,0.019047619047619,-0.0530973451327434,46357,47708,47118,-1351,-761,-0.028318101785864,-0.0161509401927077
"1371","2015","경남","남해군","초등학교",2015-04-01,"남자",131,125,124,-1,7,6,-0.008,0.0564516129032258,0.048,46357,47708,47118,-1351,-761,-0.028318101785864,-0.0161509401927077
"1372","2015","경남","하동군","초등학교",2015-04-01,"전체",269,286,284,-2,-15,-17,-0.00699300699300699,-0.0528169014084507,-0.0594405594405594,49826,50366,50014,-540,-188,-0.0107215184846921,-0.00375894749470148
"1373","2015","경남","하동군","초등학교",2015-04-01,"여자",130,145,142,-3,-12,-15,-0.0206896551724138,-0.0845070422535211,-0.103448275862069,49826,50366,50014,-540,-188,-0.0107215184846921,-0.00375894749470148
"1374","2015","경남","하동군","초등학교",2015-04-01,"남자",139,141,142,1,-3,-2,0.00709219858156028,-0.0211267605633803,-0.0141843971631206,49826,50366,50014,-540,-188,-0.0107215184846921,-0.00375894749470148
"1375","2015","경남","산청군","초등학교",2015-04-01,"전체",175,172,180,8,-5,3,0.0465116279069767,-0.0277777777777778,0.0174418604651163,36141,35818,35960,323,181,0.00901781227315875,0.00503337041156841
"1376","2015","경남","산청군","초등학교",2015-04-01,"여자",68,78,84,6,-16,-10,0.0769230769230769,-0.19047619047619,-0.128205128205128,36141,35818,35960,323,181,0.00901781227315875,0.00503337041156841
"1377","2015","경남","산청군","초등학교",2015-04-01,"남자",107,94,96,2,11,13,0.0212765957446809,0.114583333333333,0.138297872340426,36141,35818,35960,323,181,0.00901781227315875,0.00503337041156841
"1378","2015","경남","함양군","초등학교",2015-04-01,"전체",286,290,292,2,-6,-4,0.00689655172413793,-0.0205479452054795,-0.0137931034482759,40351,40631,40720,-280,-369,-0.00689128990179912,-0.00906188605108055
"1379","2015","경남","함양군","초등학교",2015-04-01,"여자",135,161,159,-2,-24,-26,-0.0124223602484472,-0.150943396226415,-0.161490683229814,40351,40631,40720,-280,-369,-0.00689128990179912,-0.00906188605108055
"1380","2015","경남","함양군","초등학교",2015-04-01,"남자",151,129,133,4,18,22,0.0310077519379845,0.135338345864662,0.170542635658915,40351,40631,40720,-280,-369,-0.00689128990179912,-0.00906188605108055
"1381","2015","경남","거창군","초등학교",2015-04-01,"전체",483,476,494,18,-11,7,0.0378151260504202,-0.0222672064777328,0.0147058823529412,63073,63076,63270,-3,-197,-4.7561671634219e-05,-0.00311363995574522
"1382","2015","경남","거창군","초등학교",2015-04-01,"여자",230,233,244,11,-14,-3,0.0472103004291846,-0.0573770491803279,-0.0128755364806867,63073,63076,63270,-3,-197,-4.7561671634219e-05,-0.00311363995574522
"1383","2015","경남","거창군","초등학교",2015-04-01,"남자",253,243,250,7,3,10,0.0288065843621399,0.012,0.0411522633744856,63073,63076,63270,-3,-197,-4.7561671634219e-05,-0.00311363995574522
"1384","2015","경남","합천군","초등학교",2015-04-01,"전체",228,265,262,-3,-34,-37,-0.0113207547169811,-0.129770992366412,-0.139622641509434,49088,50065,49920,-977,-832,-0.0195146309797264,-0.0166666666666667
"1385","2015","경남","합천군","초등학교",2015-04-01,"여자",107,126,126,0,-19,-19,0,-0.150793650793651,-0.150793650793651,49088,50065,49920,-977,-832,-0.0195146309797264,-0.0166666666666667
"1386","2015","경남","합천군","초등학교",2015-04-01,"남자",121,139,136,-3,-15,-18,-0.0215827338129496,-0.110294117647059,-0.129496402877698,49088,50065,49920,-977,-832,-0.0195146309797264,-0.0166666666666667
"1387","2015","제주","제주시","초등학교",2015-04-01,"전체",4796,4566,4717,151,79,230,0.0330705212439772,0.016747933008268,0.0503723171265878,452584,432613,441387,19971,11197,0.0461636612861842,0.0253677611710358
"1388","2015","제주","제주시","초등학교",2015-04-01,"여자",2331,2198,2262,64,69,133,0.0291173794358508,0.0305039787798408,0.0605095541401274,452584,432613,441387,19971,11197,0.0461636612861842,0.0253677611710358
"1389","2015","제주","제주시","초등학교",2015-04-01,"남자",2465,2368,2455,87,10,97,0.0367398648648649,0.00407331975560081,0.0409628378378378,452584,432613,441387,19971,11197,0.0461636612861842,0.0253677611710358
"1390","2015","제주","서귀포시","초등학교",2015-04-01,"전체",1407,1306,1372,66,35,101,0.0505359877488515,0.0255102040816327,0.0773353751914242,159921,154540,156628,5381,3293,0.0348194642163841,0.0210243379216998
"1391","2015","제주","서귀포시","초등학교",2015-04-01,"여자",686,642,671,29,15,44,0.0451713395638629,0.022354694485842,0.0685358255451713,159921,154540,156628,5381,3293,0.0348194642163841,0.0210243379216998
"1392","2015","제주","서귀포시","초등학교",2015-04-01,"남자",721,664,701,37,20,57,0.0557228915662651,0.0285306704707561,0.0858433734939759,159921,154540,156628,5381,3293,0.0348194642163841,0.0210243379216998
"1393","2016","서울","종로구","초등학교",2016-04-01,"전체",875,891,840,-51,35,-16,-0.0572390572390572,0.0416666666666667,-0.0179573512906846,154919,159309,156410,-4390,-1491,-0.0275565096761639,-0.00953263857809603
"1394","2016","서울","종로구","초등학교",2016-04-01,"여자",420,413,385,-28,35,7,-0.0677966101694915,0.0909090909090909,0.0169491525423729,154919,159309,156410,-4390,-1491,-0.0275565096761639,-0.00953263857809603
"1395","2016","서울","종로구","초등학교",2016-04-01,"남자",455,478,455,-23,0,-23,-0.0481171548117155,0,-0.0481171548117155,154919,159309,156410,-4390,-1491,-0.0275565096761639,-0.00953263857809603
"1396","2016","서울","중구","초등학교",2016-04-01,"전체",882,848,803,-45,79,34,-0.0530660377358491,0.0983810709838107,0.0400943396226415,125786,129740,127628,-3954,-1842,-0.0304763372899645,-0.0144325696555615
"1397","2016","서울","중구","초등학교",2016-04-01,"여자",439,422,396,-26,43,17,-0.0616113744075829,0.108585858585859,0.0402843601895735,125786,129740,127628,-3954,-1842,-0.0304763372899645,-0.0144325696555615
"1398","2016","서울","중구","초등학교",2016-04-01,"남자",443,426,407,-19,36,17,-0.0446009389671361,0.0884520884520884,0.039906103286385,125786,129740,127628,-3954,-1842,-0.0304763372899645,-0.0144325696555615
"1399","2016","서울","용산구","초등학교",2016-04-01,"전체",1285,1676,1586,-90,-301,-391,-0.0536992840095465,-0.189785624211854,-0.233293556085919,232543,239001,235595,-6458,-3052,-0.0270208074443203,-0.0129544345168616
"1400","2016","서울","용산구","초등학교",2016-04-01,"여자",628,840,806,-34,-178,-212,-0.0404761904761905,-0.220843672456576,-0.252380952380952,232543,239001,235595,-6458,-3052,-0.0270208074443203,-0.0129544345168616
"1401","2016","서울","용산구","초등학교",2016-04-01,"남자",657,836,780,-56,-123,-179,-0.0669856459330144,-0.157692307692308,-0.214114832535885,232543,239001,235595,-6458,-3052,-0.0270208074443203,-0.0129544345168616
"1402","2016","서울","성동구","초등학교",2016-04-01,"전체",1995,2223,2113,-110,-118,-228,-0.0494826810616284,-0.0558447704685282,-0.102564102564103,296594,299602,296184,-3008,410,-0.0100399863819334,0.00138427464008859
"1403","2016","서울","성동구","초등학교",2016-04-01,"여자",987,1102,1044,-58,-57,-115,-0.0526315789473684,-0.0545977011494253,-0.104355716878403,296594,299602,296184,-3008,410,-0.0100399863819334,0.00138427464008859
"1404","2016","서울","성동구","초등학교",2016-04-01,"남자",1008,1121,1069,-52,-61,-113,-0.0463871543264942,-0.0570626753975678,-0.100802854594112,296594,299602,296184,-3008,410,-0.0100399863819334,0.00138427464008859
"1405","2016","서울","광진구","초등학교",2016-04-01,"전체",2434,2509,2401,-108,33,-75,-0.0430450378636907,0.0137442732194919,-0.0298923874053408,359899,367893,362884,-7994,-2985,-0.0217291440717817,-0.00822576911630163
"1406","2016","서울","광진구","초등학교",2016-04-01,"여자",1177,1182,1139,-43,38,-5,-0.0363790186125212,0.0333625987708516,-0.00423011844331641,359899,367893,362884,-7994,-2985,-0.0217291440717817,-0.00822576911630163
"1407","2016","서울","광진구","초등학교",2016-04-01,"남자",1257,1327,1262,-65,-5,-70,-0.0489826676714393,-0.00396196513470681,-0.052750565184627,359899,367893,362884,-7994,-2985,-0.0217291440717817,-0.00822576911630163
"1408","2016","서울","동대문구","초등학교",2016-04-01,"전체",2347,2637,2613,-24,-266,-290,-0.00910125142207053,-0.101798698813624,-0.109973454683352,359488,363331,363641,-3843,-4153,-0.0105771321467202,-0.0114206043872941
"1409","2016","서울","동대문구","초등학교",2016-04-01,"여자",1130,1305,1283,-22,-153,-175,-0.0168582375478927,-0.11925175370226,-0.134099616858238,359488,363331,363641,-3843,-4153,-0.0105771321467202,-0.0114206043872941
"1410","2016","서울","동대문구","초등학교",2016-04-01,"남자",1217,1332,1330,-2,-113,-115,-0.0015015015015015,-0.0849624060150376,-0.0863363363363363,359488,363331,363641,-3843,-4153,-0.0105771321467202,-0.0114206043872941
"1411","2016","서울","중랑구","초등학교",2016-04-01,"전체",2597,2914,2843,-71,-246,-317,-0.0243651338366507,-0.0865283151600422,-0.108785175017159,413648,418080,418530,-4432,-4882,-0.0106008419441255,-0.0116646357489308
"1412","2016","서울","중랑구","초등학교",2016-04-01,"여자",1298,1439,1388,-51,-90,-141,-0.0354412786657401,-0.0648414985590778,-0.0979847116052815,413648,418080,418530,-4432,-4882,-0.0106008419441255,-0.0116646357489308
"1413","2016","서울","중랑구","초등학교",2016-04-01,"남자",1299,1475,1455,-20,-156,-176,-0.0135593220338983,-0.107216494845361,-0.119322033898305,413648,418080,418530,-4432,-4882,-0.0106008419441255,-0.0116646357489308
"1414","2016","서울","성북구","초등학교",2016-04-01,"전체",3592,3929,3791,-138,-199,-337,-0.035123441079155,-0.0524927459773147,-0.0857724611860524,458028,475278,465465,-17250,-7437,-0.0362945476121344,-0.0159775708162805
"1415","2016","서울","성북구","초등학교",2016-04-01,"여자",1749,1932,1854,-78,-105,-183,-0.0403726708074534,-0.0566343042071197,-0.0947204968944099,458028,475278,465465,-17250,-7437,-0.0362945476121344,-0.0159775708162805
"1416","2016","서울","성북구","초등학교",2016-04-01,"남자",1843,1997,1937,-60,-94,-154,-0.0300450676014021,-0.0485286525554982,-0.0771156735102654,458028,475278,465465,-17250,-7437,-0.0362945476121344,-0.0159775708162805
"1417","2016","서울","강북구","초등학교",2016-04-01,"전체",1778,2317,2174,-143,-396,-539,-0.0617177384548986,-0.182152713891444,-0.232628398791541,329863,336797,334260,-6934,-4397,-0.0205880693711642,-0.0131544306827021
"1418","2016","서울","강북구","초등학교",2016-04-01,"여자",878,1097,1043,-54,-165,-219,-0.0492251595259799,-0.158197507190796,-0.199635369188696,329863,336797,334260,-6934,-4397,-0.0205880693711642,-0.0131544306827021
"1419","2016","서울","강북구","초등학교",2016-04-01,"남자",900,1220,1131,-89,-231,-320,-0.0729508196721311,-0.204244031830239,-0.262295081967213,329863,336797,334260,-6934,-4397,-0.0205880693711642,-0.0131544306827021
"1420","2016","서울","도봉구","초등학교",2016-04-01,"전체",2715,2574,2545,-29,170,141,-0.0112665112665113,0.0667976424361493,0.0547785547785548,350316,357403,353447,-7087,-3131,-0.0198291564424473,-0.00885847100130996
"1421","2016","서울","도봉구","초등학교",2016-04-01,"여자",1338,1250,1224,-26,114,88,-0.0208,0.0931372549019608,0.0704,350316,357403,353447,-7087,-3131,-0.0198291564424473,-0.00885847100130996
"1422","2016","서울","도봉구","초등학교",2016-04-01,"남자",1377,1324,1321,-3,56,53,-0.00226586102719033,0.0423921271763815,0.0400302114803625,350316,357403,353447,-7087,-3131,-0.0198291564424473,-0.00885847100130996
"1423","2016","서울","노원구","초등학교",2016-04-01,"전체",4336,4350,4247,-103,89,-14,-0.0236781609195402,0.0209559689192371,-0.0032183908045977,574055,587723,580650,-13668,-6595,-0.023255853522833,-0.0113579609058813
"1424","2016","서울","노원구","초등학교",2016-04-01,"여자",2100,2142,2070,-72,30,-42,-0.0336134453781513,0.0144927536231884,-0.0196078431372549,574055,587723,580650,-13668,-6595,-0.023255853522833,-0.0113579609058813
"1425","2016","서울","노원구","초등학교",2016-04-01,"남자",2236,2208,2177,-31,59,28,-0.0140398550724638,0.0271015158474966,0.0126811594202899,574055,587723,580650,-13668,-6595,-0.023255853522833,-0.0113579609058813
"1426","2016","서울","은평구","초등학교",2016-04-01,"전체",3738,4003,3954,-49,-216,-265,-0.0122408193854609,-0.0546282245827011,-0.0662003497376967,496070,501761,499559,-5691,-3489,-0.0113420532883185,-0.00698416002914571
"1427","2016","서울","은평구","초등학교",2016-04-01,"여자",1821,1952,1935,-17,-114,-131,-0.00870901639344262,-0.0589147286821705,-0.0671106557377049,496070,501761,499559,-5691,-3489,-0.0113420532883185,-0.00698416002914571
"1428","2016","서울","은평구","초등학교",2016-04-01,"남자",1917,2051,2019,-32,-102,-134,-0.0156021452949781,-0.050520059435364,-0.0653339834227206,496070,501761,499559,-5691,-3489,-0.0113420532883185,-0.00698416002914571
"1429","2016","서울","서대문구","초등학교",2016-04-01,"전체",2217,2173,2075,-98,142,44,-0.0450989415554533,0.068433734939759,0.0202485043718362,316275,313964,309048,2311,7227,0.00736071651526927,0.0233847169371748
"1430","2016","서울","서대문구","초등학교",2016-04-01,"여자",1104,1070,1023,-47,81,34,-0.0439252336448598,0.0791788856304985,0.0317757009345794,316275,313964,309048,2311,7227,0.00736071651526927,0.0233847169371748
"1431","2016","서울","서대문구","초등학교",2016-04-01,"남자",1113,1103,1052,-51,61,10,-0.0462375339981868,0.0579847908745247,0.00906618313689937,316275,313964,309048,2311,7227,0.00736071651526927,0.0233847169371748
"1432","2016","서울","마포구","초등학교",2016-04-01,"전체",2642,2994,3040,46,-398,-352,0.0153640614562458,-0.130921052631579,-0.117568470273881,386208,382002,388607,4206,-2399,0.0110104135580442,-0.00617333192659937
"1433","2016","서울","마포구","초등학교",2016-04-01,"여자",1277,1417,1432,15,-155,-140,0.0105857445306987,-0.108240223463687,-0.0988002822865208,386208,382002,388607,4206,-2399,0.0110104135580442,-0.00617333192659937
"1434","2016","서울","마포구","초등학교",2016-04-01,"남자",1365,1577,1608,31,-243,-212,0.0196575776791376,-0.151119402985075,-0.134432466708941,386208,382002,388607,4206,-2399,0.0110104135580442,-0.00617333192659937
"1435","2016","서울","양천구","초등학교",2016-04-01,"전체",3614,3693,3741,48,-127,-79,0.0129975629569456,-0.0339481422079658,-0.0213918223666396,482339,491243,486213,-8904,-3874,-0.0181254491158144,-0.00796770139835833
"1436","2016","서울","양천구","초등학교",2016-04-01,"여자",1764,1790,1836,46,-72,-26,0.0256983240223464,-0.0392156862745098,-0.0145251396648045,482339,491243,486213,-8904,-3874,-0.0181254491158144,-0.00796770139835833
"1437","2016","서울","양천구","초등학교",2016-04-01,"남자",1850,1903,1905,2,-55,-53,0.00105097214923805,-0.0288713910761155,-0.0278507619548082,482339,491243,486213,-8904,-3874,-0.0181254491158144,-0.00796770139835833
"1438","2016","서울","강서구","초등학교",2016-04-01,"전체",4420,4430,4562,132,-142,-10,0.0297968397291196,-0.0311266988163086,-0.00225733634311512,591205,568553,587683,22652,3522,0.0398414923498777,0.0059930268529122
"1439","2016","서울","강서구","초등학교",2016-04-01,"여자",2125,2135,2204,69,-79,-10,0.0323185011709602,-0.0358439201451906,-0.00468384074941452,591205,568553,587683,22652,3522,0.0398414923498777,0.0059930268529122
"1440","2016","서울","강서구","초등학교",2016-04-01,"남자",2295,2295,2358,63,-63,0,0.0274509803921569,-0.0267175572519084,0,591205,568553,587683,22652,3522,0.0398414923498777,0.0059930268529122
"1441","2016","서울","구로구","초등학교",2016-04-01,"전체",3330,3900,3720,-180,-390,-570,-0.0461538461538462,-0.104838709677419,-0.146153846153846,421537,427391,425792,-5854,-4255,-0.0136970596011615,-0.00999314219149256
"1442","2016","서울","구로구","초등학교",2016-04-01,"여자",1640,1882,1792,-90,-152,-242,-0.0478214665249734,-0.0848214285714286,-0.128586609989373,421537,427391,425792,-5854,-4255,-0.0136970596011615,-0.00999314219149256
"1443","2016","서울","구로구","초등학교",2016-04-01,"남자",1690,2018,1928,-90,-238,-328,-0.0445986124876115,-0.12344398340249,-0.162537165510406,421537,427391,425792,-5854,-4255,-0.0136970596011615,-0.00999314219149256
"1444","2016","서울","금천구","초등학교",2016-04-01,"전체",1514,1600,1534,-66,-20,-86,-0.04125,-0.0130378096479791,-0.05375,235647,240281,238560,-4634,-2913,-0.0192857529309434,-0.0122107645875252
"1445","2016","서울","금천구","초등학교",2016-04-01,"여자",736,758,715,-43,21,-22,-0.0567282321899736,0.0293706293706294,-0.029023746701847,235647,240281,238560,-4634,-2913,-0.0192857529309434,-0.0122107645875252
"1446","2016","서울","금천구","초등학교",2016-04-01,"남자",778,842,819,-23,-41,-64,-0.0273159144893112,-0.0500610500610501,-0.0760095011876485,235647,240281,238560,-4634,-2913,-0.0192857529309434,-0.0122107645875252
"1447","2016","서울","영등포구","초등학교",2016-04-01,"전체",2401,3069,2903,-166,-502,-668,-0.0540892798957315,-0.172924560799173,-0.217660475724992,378314,386063,382553,-7749,-4239,-0.02007185355758,-0.0110808175599198
"1448","2016","서울","영등포구","초등학교",2016-04-01,"여자",1185,1467,1416,-51,-231,-282,-0.0347648261758691,-0.163135593220339,-0.192229038854806,378314,386063,382553,-7749,-4239,-0.02007185355758,-0.0110808175599198
"1449","2016","서울","영등포구","초등학교",2016-04-01,"남자",1216,1602,1487,-115,-271,-386,-0.0717852684144819,-0.182246133154001,-0.240948813982522,378314,386063,382553,-7749,-4239,-0.02007185355758,-0.0110808175599198
"1450","2016","서울","동작구","초등학교",2016-04-01,"전체",2813,3154,3063,-91,-250,-341,-0.028852251109702,-0.0816193274567418,-0.108116677235257,401501,411194,407520,-9693,-6019,-0.0235728147784258,-0.0147698272477424
"1451","2016","서울","동작구","초등학교",2016-04-01,"여자",1390,1546,1501,-45,-111,-156,-0.0291073738680466,-0.0739506995336442,-0.100905562742561,401501,411194,407520,-9693,-6019,-0.0235728147784258,-0.0147698272477424
"1452","2016","서울","동작구","초등학교",2016-04-01,"남자",1423,1608,1562,-46,-139,-185,-0.0286069651741294,-0.08898847631242,-0.115049751243781,401501,411194,407520,-9693,-6019,-0.0235728147784258,-0.0147698272477424
"1453","2016","서울","관악구","초등학교",2016-04-01,"전체",2733,3422,3225,-197,-492,-689,-0.0575686732904734,-0.152558139534884,-0.201344243132671,510794,517690,514243,-6896,-3449,-0.0133207131681122,-0.00670694593800985
"1454","2016","서울","관악구","초등학교",2016-04-01,"여자",1311,1657,1578,-79,-267,-346,-0.0476765238382619,-0.169201520912548,-0.208811104405552,510794,517690,514243,-6896,-3449,-0.0133207131681122,-0.00670694593800985
"1455","2016","서울","관악구","초등학교",2016-04-01,"남자",1422,1765,1647,-118,-225,-343,-0.0668555240793201,-0.136612021857924,-0.194334277620397,510794,517690,514243,-6896,-3449,-0.0133207131681122,-0.00670694593800985
"1456","2016","서울","서초구","초등학교",2016-04-01,"전체",3661,3972,4189,217,-528,-311,0.0546324269889225,-0.126044402005252,-0.0782980866062437,445351,443230,447750,2121,-2399,0.00478532590303003,-0.00535790061418202
"1457","2016","서울","서초구","초등학교",2016-04-01,"여자",1799,1980,2081,101,-282,-181,0.051010101010101,-0.135511773185968,-0.0914141414141414,445351,443230,447750,2121,-2399,0.00478532590303003,-0.00535790061418202
"1458","2016","서울","서초구","초등학교",2016-04-01,"남자",1862,1992,2108,116,-246,-130,0.0582329317269076,-0.116698292220114,-0.0652610441767068,445351,443230,447750,2121,-2399,0.00478532590303003,-0.00535790061418202
"1459","2016","서울","강남구","초등학교",2016-04-01,"전체",3709,3931,4148,217,-439,-222,0.0552022386161282,-0.105834136933462,-0.0564741795980667,572375,566754,577417,5621,-5042,0.00991788324387653,-0.00873199091817525
"1460","2016","서울","강남구","초등학교",2016-04-01,"여자",1812,1918,2023,105,-211,-106,0.0547445255474453,-0.104300543746911,-0.0552659019812305,572375,566754,577417,5621,-5042,0.00991788324387653,-0.00873199091817525
"1461","2016","서울","강남구","초등학교",2016-04-01,"남자",1897,2013,2125,112,-228,-116,0.0556383507203179,-0.107294117647059,-0.057625434674615,572375,566754,577417,5621,-5042,0.00991788324387653,-0.00873199091817525
"1462","2016","서울","송파구","초등학교",2016-04-01,"전체",5079,5627,5544,-83,-465,-548,-0.0147503110005331,-0.0838744588744589,-0.0973875955215923,656223,671431,665141,-15208,-8918,-0.0226501308399523,-0.0134076834836523
"1463","2016","서울","송파구","초등학교",2016-04-01,"여자",2475,2738,2721,-17,-246,-263,-0.00620891161431702,-0.0904079382579934,-0.0960555149744339,656223,671431,665141,-15208,-8918,-0.0226501308399523,-0.0134076834836523
"1464","2016","서울","송파구","초등학교",2016-04-01,"남자",2604,2889,2823,-66,-219,-285,-0.0228452751817238,-0.077577045696068,-0.09865005192108,656223,671431,665141,-15208,-8918,-0.0226501308399523,-0.0134076834836523
"1465","2016","서울","강동구","초등학교",2016-04-01,"전체",3237,3863,3736,-127,-499,-626,-0.032876003106394,-0.133565310492505,-0.162050220036241,454001,481599,470109,-27598,-16108,-0.0573049362644025,-0.034264394002242
"1466","2016","서울","강동구","초등학교",2016-04-01,"여자",1589,1859,1805,-54,-216,-270,-0.0290478752017214,-0.119667590027701,-0.145239376008607,454001,481599,470109,-27598,-16108,-0.0573049362644025,-0.034264394002242
"1467","2016","서울","강동구","초등학교",2016-04-01,"남자",1648,2004,1931,-73,-283,-356,-0.0364271457085828,-0.146556188503366,-0.177644710578842,454001,481599,470109,-27598,-16108,-0.0573049362644025,-0.034264394002242
"1468","2016","부산","중구","초등학교",2016-04-01,"전체",245,223,228,5,17,22,0.0224215246636771,0.0745614035087719,0.0986547085201794,45601,47258,46634,-1657,-1033,-0.0350628465021795,-0.0221512201398122
"1469","2016","부산","중구","초등학교",2016-04-01,"여자",110,111,109,-2,1,-1,-0.018018018018018,0.00917431192660551,-0.00900900900900901,45601,47258,46634,-1657,-1033,-0.0350628465021795,-0.0221512201398122
"1470","2016","부산","중구","초등학교",2016-04-01,"남자",135,112,119,7,16,23,0.0625,0.134453781512605,0.205357142857143,45601,47258,46634,-1657,-1033,-0.0350628465021795,-0.0221512201398122
"1471","2016","부산","서구","초등학교",2016-04-01,"전체",572,598,600,2,-28,-26,0.00334448160535117,-0.0466666666666667,-0.0434782608695652,115210,118719,117389,-3509,-2179,-0.029557189666355,-0.0185622162212814
"1472","2016","부산","서구","초등학교",2016-04-01,"여자",268,281,284,3,-16,-13,0.0106761565836299,-0.0563380281690141,-0.0462633451957295,115210,118719,117389,-3509,-2179,-0.029557189666355,-0.0185622162212814
"1473","2016","부산","서구","초등학교",2016-04-01,"남자",304,317,316,-1,-12,-13,-0.00315457413249211,-0.0379746835443038,-0.0410094637223975,115210,118719,117389,-3509,-2179,-0.029557189666355,-0.0185622162212814
"1474","2016","부산","동구","초등학교",2016-04-01,"전체",390,536,492,-44,-102,-146,-0.082089552238806,-0.207317073170732,-0.272388059701493,91230,95360,93802,-4130,-2572,-0.0433095637583893,-0.027419458007292
"1475","2016","부산","동구","초등학교",2016-04-01,"여자",197,269,256,-13,-59,-72,-0.0483271375464684,-0.23046875,-0.267657992565056,91230,95360,93802,-4130,-2572,-0.0433095637583893,-0.027419458007292
"1476","2016","부산","동구","초등학교",2016-04-01,"남자",193,267,236,-31,-43,-74,-0.116104868913858,-0.182203389830508,-0.277153558052434,91230,95360,93802,-4130,-2572,-0.0433095637583893,-0.027419458007292
"1477","2016","부산","영도구","초등학교",2016-04-01,"전체",622,724,700,-24,-78,-102,-0.0331491712707182,-0.111428571428571,-0.140883977900552,128689,134532,131247,-5843,-2558,-0.0434320459072934,-0.0194899692945363
"1478","2016","부산","영도구","초등학교",2016-04-01,"여자",305,360,344,-16,-39,-55,-0.0444444444444444,-0.113372093023256,-0.152777777777778,128689,134532,131247,-5843,-2558,-0.0434320459072934,-0.0194899692945363
"1479","2016","부산","영도구","초등학교",2016-04-01,"남자",317,364,356,-8,-39,-47,-0.021978021978022,-0.109550561797753,-0.129120879120879,128689,134532,131247,-5843,-2558,-0.0434320459072934,-0.0194899692945363
"1480","2016","부산","부산진구","초등학교",2016-04-01,"전체",2549,2703,2649,-54,-100,-154,-0.0199778024417314,-0.0377500943752359,-0.0569737328893822,380314,388696,386484,-8382,-6170,-0.0215644102331899,-0.0159644383726105
"1481","2016","부산","부산진구","초등학교",2016-04-01,"여자",1263,1320,1282,-38,-19,-57,-0.0287878787878788,-0.0148205928237129,-0.0431818181818182,380314,388696,386484,-8382,-6170,-0.0215644102331899,-0.0159644383726105
"1482","2016","부산","부산진구","초등학교",2016-04-01,"남자",1286,1383,1367,-16,-81,-97,-0.0115690527838033,-0.0592538405267008,-0.0701373825018077,380314,388696,386484,-8382,-6170,-0.0215644102331899,-0.0159644383726105
"1483","2016","부산","동래구","초등학교",2016-04-01,"전체",1859,1829,1847,18,12,30,0.00984144341170038,0.00649702219815918,0.0164024056861673,272527,277728,274277,-5201,-1750,-0.018726955870492,-0.00638041104430922
"1484","2016","부산","동래구","초등학교",2016-04-01,"여자",887,906,907,1,-20,-19,0.0011037527593819,-0.0220507166482911,-0.0209713024282561,272527,277728,274277,-5201,-1750,-0.018726955870492,-0.00638041104430922
"1485","2016","부산","동래구","초등학교",2016-04-01,"남자",972,923,940,17,32,49,0.0184182015167931,0.0340425531914894,0.0530877573131094,272527,277728,274277,-5201,-1750,-0.018726955870492,-0.00638041104430922
"1486","2016","부산","남구","초등학교",2016-04-01,"전체",1930,2188,2159,-29,-229,-258,-0.013254113345521,-0.106067623899954,-0.117915904936015,281225,290134,286537,-8909,-5312,-0.0307065011339588,-0.018538618049327
"1487","2016","부산","남구","초등학교",2016-04-01,"여자",957,1074,1067,-7,-110,-117,-0.00651769087523277,-0.103092783505155,-0.108938547486034,281225,290134,286537,-8909,-5312,-0.0307065011339588,-0.018538618049327
"1488","2016","부산","남구","초등학교",2016-04-01,"남자",973,1114,1092,-22,-119,-141,-0.0197486535008977,-0.108974358974359,-0.12657091561939,281225,290134,286537,-8909,-5312,-0.0307065011339588,-0.018538618049327
"1489","2016","부산","북구","초등학교",2016-04-01,"전체",2231,2217,2197,-20,34,14,-0.009021199819576,0.0154756486117433,0.0063148398737032,312080,308273,306047,3807,6033,0.0123494435127306,0.0197126585132349
"1490","2016","부산","북구","초등학교",2016-04-01,"여자",1112,1077,1072,-5,40,35,-0.00464252553389044,0.0373134328358209,0.0324976787372331,312080,308273,306047,3807,6033,0.0123494435127306,0.0197126585132349
"1491","2016","부산","북구","초등학교",2016-04-01,"남자",1119,1140,1125,-15,-6,-21,-0.0131578947368421,-0.00533333333333333,-0.0184210526315789,312080,308273,306047,3807,6033,0.0123494435127306,0.0197126585132349
"1492","2016","부산","해운대구","초등학교",2016-04-01,"전체",3157,3323,3389,66,-232,-166,0.0198615708696961,-0.0684567719091177,-0.0499548600662052,422803,423523,423090,-720,-287,-0.00170002573650073,-0.0006783426694084
"1493","2016","부산","해운대구","초등학교",2016-04-01,"여자",1537,1620,1648,28,-111,-83,0.0172839506172839,-0.0673543689320388,-0.0512345679012346,422803,423523,423090,-720,-287,-0.00170002573650073,-0.0006783426694084
"1494","2016","부산","해운대구","초등학교",2016-04-01,"남자",1620,1703,1741,38,-121,-83,0.0223135642982971,-0.0695002871912694,-0.0487375220199648,422803,423523,423090,-720,-287,-0.00170002573650073,-0.0006783426694084
"1495","2016","부산","사하구","초등학교",2016-04-01,"전체",2405,2638,2557,-81,-152,-233,-0.0307050796057619,-0.0594446617129449,-0.0883244882486732,335464,347078,341772,-11614,-6308,-0.0334622188672287,-0.0184567489437403
"1496","2016","부산","사하구","초등학교",2016-04-01,"여자",1159,1270,1230,-40,-71,-111,-0.031496062992126,-0.0577235772357724,-0.0874015748031496,335464,347078,341772,-11614,-6308,-0.0334622188672287,-0.0184567489437403
"1497","2016","부산","사하구","초등학교",2016-04-01,"남자",1246,1368,1327,-41,-81,-122,-0.0299707602339181,-0.0610399397136398,-0.0891812865497076,335464,347078,341772,-11614,-6308,-0.0334622188672287,-0.0184567489437403
"1498","2016","부산","금정구","초등학교",2016-04-01,"전체",1538,1606,1589,-17,-51,-68,-0.0105853051058531,-0.0320956576463184,-0.0423412204234122,245315,251933,248270,-6618,-2955,-0.0262688889506337,-0.0119023643613808
"1499","2016","부산","금정구","초등학교",2016-04-01,"여자",728,753,744,-9,-16,-25,-0.0119521912350598,-0.021505376344086,-0.0332005312084993,245315,251933,248270,-6618,-2955,-0.0262688889506337,-0.0119023643613808
"1500","2016","부산","금정구","초등학교",2016-04-01,"남자",810,853,845,-8,-35,-43,-0.00937866354044549,-0.0414201183431953,-0.0504103165298945,245315,251933,248270,-6618,-2955,-0.0262688889506337,-0.0119023643613808
"1501","2016","부산","강서구","초등학교",2016-04-01,"전체",1130,807,1025,218,105,323,0.270136307311029,0.102439024390244,0.400247831474597,100308,72618,83291,27690,17017,0.381310418904404,0.204307788356485
"1502","2016","부산","강서구","초등학교",2016-04-01,"여자",534,384,500,116,34,150,0.302083333333333,0.068,0.390625,100308,72618,83291,27690,17017,0.381310418904404,0.204307788356485
"1503","2016","부산","강서구","초등학교",2016-04-01,"남자",596,423,525,102,71,173,0.24113475177305,0.135238095238095,0.408983451536643,100308,72618,83291,27690,17017,0.381310418904404,0.204307788356485
"1504","2016","부산","연제구","초등학교",2016-04-01,"전체",1481,1469,1475,6,6,12,0.00408441116405718,0.00406779661016949,0.00816882232811436,210592,209051,207773,1541,2819,0.00737140697724479,0.0135676916634981
"1505","2016","부산","연제구","초등학교",2016-04-01,"여자",690,690,702,12,-12,0,0.0173913043478261,-0.0170940170940171,0,210592,209051,207773,1541,2819,0.00737140697724479,0.0135676916634981
"1506","2016","부산","연제구","초등학교",2016-04-01,"남자",791,779,773,-6,18,12,-0.00770218228498074,0.0232858990944373,0.0154043645699615,210592,209051,207773,1541,2819,0.00737140697724479,0.0135676916634981
"1507","2016","부산","수영구","초등학교",2016-04-01,"전체",1011,1082,1092,10,-81,-71,0.00924214417744917,-0.0741758241758242,-0.0656192236598891,179851,175577,179325,4274,526,0.0243425961259163,0.00293322180398717
"1508","2016","부산","수영구","초등학교",2016-04-01,"여자",481,508,506,-2,-25,-27,-0.00393700787401575,-0.0494071146245059,-0.0531496062992126,179851,175577,179325,4274,526,0.0243425961259163,0.00293322180398717
"1509","2016","부산","수영구","초등학교",2016-04-01,"남자",530,574,586,12,-56,-44,0.0209059233449477,-0.0955631399317406,-0.0766550522648084,179851,175577,179325,4274,526,0.0243425961259163,0.00293322180398717
"1510","2016","부산","사상구","초등학교",2016-04-01,"전체",1396,1646,1594,-52,-198,-250,-0.031591737545565,-0.124215809284818,-0.151883353584447,236014,245512,241378,-9498,-5364,-0.0386865000488774,-0.0222224063502059
"1511","2016","부산","사상구","초등학교",2016-04-01,"여자",676,776,757,-19,-81,-100,-0.0244845360824742,-0.107001321003963,-0.128865979381443,236014,245512,241378,-9498,-5364,-0.0386865000488774,-0.0222224063502059
"1512","2016","부산","사상구","초등학교",2016-04-01,"남자",720,870,837,-33,-117,-150,-0.0379310344827586,-0.139784946236559,-0.172413793103448,236014,245512,241378,-9498,-5364,-0.0386865000488774,-0.0222224063502059
"1513","2016","부산","기장군","초등학교",2016-04-01,"전체",1790,1683,1813,130,-23,107,0.077243018419489,-0.0126861555432984,0.0635769459298871,154751,137394,148123,17357,6628,0.126330116307845,0.044746595734626
"1514","2016","부산","기장군","초등학교",2016-04-01,"여자",877,828,888,60,-11,49,0.072463768115942,-0.0123873873873874,0.0591787439613527,154751,137394,148123,17357,6628,0.126330116307845,0.044746595734626
"1515","2016","부산","기장군","초등학교",2016-04-01,"남자",913,855,925,70,-12,58,0.0818713450292398,-0.012972972972973,0.0678362573099415,154751,137394,148123,17357,6628,0.126330116307845,0.044746595734626
"1516","2016","대구","중구","초등학교",2016-04-01,"전체",687,460,496,36,191,227,0.0782608695652174,0.38508064516129,0.493478260869565,81034,75957,79476,5077,1558,0.0668404492015219,0.0196034022849665
"1517","2016","대구","중구","초등학교",2016-04-01,"여자",318,193,216,23,102,125,0.119170984455959,0.472222222222222,0.647668393782383,81034,75957,79476,5077,1558,0.0668404492015219,0.0196034022849665
"1518","2016","대구","중구","초등학교",2016-04-01,"남자",369,267,280,13,89,102,0.048689138576779,0.317857142857143,0.382022471910112,81034,75957,79476,5077,1558,0.0668404492015219,0.0196034022849665
"1519","2016","대구","동구","초등학교",2016-04-01,"전체",2916,3074,3053,-21,-137,-158,-0.00683148991541965,-0.0448738945299705,-0.0513988288874431,351266,347569,349321,3697,1945,0.0106367368781451,0.00556794466980227
"1520","2016","대구","동구","초등학교",2016-04-01,"여자",1386,1451,1459,8,-73,-65,0.00551343900758098,-0.0500342700479781,-0.0447966919365955,351266,347569,349321,3697,1945,0.0106367368781451,0.00556794466980227
"1521","2016","대구","동구","초등학교",2016-04-01,"남자",1530,1623,1594,-29,-64,-93,-0.0178681454097351,-0.0401505646173149,-0.0573012939001848,351266,347569,349321,3697,1945,0.0106367368781451,0.00556794466980227
"1522","2016","대구","서구","초등학교",2016-04-01,"전체",1028,1116,1045,-71,-17,-88,-0.0636200716845878,-0.0162679425837321,-0.0788530465949821,204119,214543,208887,-10424,-4768,-0.0485869965461469,-0.0228257383178465
"1523","2016","대구","서구","초등학교",2016-04-01,"여자",530,550,514,-36,16,-20,-0.0654545454545455,0.0311284046692607,-0.0363636363636364,204119,214543,208887,-10424,-4768,-0.0485869965461469,-0.0228257383178465
"1524","2016","대구","서구","초등학교",2016-04-01,"남자",498,566,531,-35,-33,-68,-0.0618374558303887,-0.0621468926553672,-0.120141342756184,204119,214543,208887,-10424,-4768,-0.0485869965461469,-0.0228257383178465
"1525","2016","대구","남구","초등학교",2016-04-01,"전체",781,868,846,-22,-65,-87,-0.0253456221198157,-0.0768321513002364,-0.100230414746544,159395,165317,162828,-5922,-3433,-0.035822087262653,-0.0210835974156779
"1526","2016","대구","남구","초등학교",2016-04-01,"여자",396,432,414,-18,-18,-36,-0.0416666666666667,-0.0434782608695652,-0.0833333333333333,159395,165317,162828,-5922,-3433,-0.035822087262653,-0.0210835974156779
"1527","2016","대구","남구","초등학교",2016-04-01,"남자",385,436,432,-4,-47,-51,-0.00917431192660551,-0.108796296296296,-0.11697247706422,159395,165317,162828,-5922,-3433,-0.035822087262653,-0.0210835974156779
"1528","2016","대구","북구","초등학교",2016-04-01,"전체",3663,3908,3874,-34,-211,-245,-0.00870010235414534,-0.0544656685596283,-0.0626919140225179,440531,443903,443386,-3372,-2855,-0.00759625413660191,-0.00643908468016581
"1529","2016","대구","북구","초등학교",2016-04-01,"여자",1803,1864,1861,-3,-58,-61,-0.00160944206008584,-0.031166039763568,-0.032725321888412,440531,443903,443386,-3372,-2855,-0.00759625413660191,-0.00643908468016581
"1530","2016","대구","북구","초등학교",2016-04-01,"남자",1860,2044,2013,-31,-153,-184,-0.0151663405088063,-0.0760059612518629,-0.0900195694716243,440531,443903,443386,-3372,-2855,-0.00759625413660191,-0.00643908468016581
"1531","2016","대구","수성구","초등학교",2016-04-01,"전체",3560,3346,3467,121,93,214,0.0361625821876868,0.0268243438130949,0.0639569635385535,450091,460041,453187,-9950,-3096,-0.0216285070243739,-0.00683161697047797
"1532","2016","대구","수성구","초등학교",2016-04-01,"여자",1688,1605,1660,55,28,83,0.0342679127725857,0.0168674698795181,0.0517133956386293,450091,460041,453187,-9950,-3096,-0.0216285070243739,-0.00683161697047797
"1533","2016","대구","수성구","초등학교",2016-04-01,"남자",1872,1741,1807,66,65,131,0.0379092475588742,0.0359712230215827,0.0752441125789776,450091,460041,453187,-9950,-3096,-0.0216285070243739,-0.00683161697047797
"1534","2016","대구","달서구","초등학교",2016-04-01,"전체",5197,5221,5265,44,-68,-24,0.00842750430951925,-0.0129154795821462,-0.00459682053246504,597236,608097,607589,-10861,-10353,-0.0178606373654203,-0.0170394789899093
"1535","2016","대구","달서구","초등학교",2016-04-01,"여자",2451,2519,2541,22,-90,-68,0.00873362445414847,-0.0354191263282172,-0.0269948392219135,597236,608097,607589,-10861,-10353,-0.0178606373654203,-0.0170394789899093
"1536","2016","대구","달서구","초등학교",2016-04-01,"남자",2746,2702,2724,22,22,44,0.00814211695040711,0.00807635829662261,0.0162842339008142,597236,608097,607589,-10861,-10353,-0.0178606373654203,-0.0170394789899093
"1537","2016","대구","달성군","초등학교",2016-04-01,"전체",1838,1922,1915,-7,-77,-84,-0.0036420395421436,-0.0402088772845953,-0.0437044745057232,201991,184453,186871,17538,15120,0.0950811317788271,0.0809114308801259
"1538","2016","대구","달성군","초등학교",2016-04-01,"여자",929,950,940,-10,-11,-21,-0.0105263157894737,-0.0117021276595745,-0.0221052631578947,201991,184453,186871,17538,15120,0.0950811317788271,0.0809114308801259
"1539","2016","대구","달성군","초등학교",2016-04-01,"남자",909,972,975,3,-66,-63,0.00308641975308642,-0.0676923076923077,-0.0648148148148148,201991,184453,186871,17538,15120,0.0950811317788271,0.0809114308801259
"1540","2016","인천","중구","초등학교",2016-04-01,"전체",1200,1070,1115,45,85,130,0.0420560747663551,0.0762331838565022,0.121495327102804,114572,109782,113718,4790,854,0.0436319250879015,0.00750980495611952
"1541","2016","인천","중구","초등학교",2016-04-01,"여자",594,546,559,13,35,48,0.0238095238095238,0.0626118067978533,0.0879120879120879,114572,109782,113718,4790,854,0.0436319250879015,0.00750980495611952
"1542","2016","인천","중구","초등학교",2016-04-01,"남자",606,524,556,32,50,82,0.0610687022900763,0.0899280575539568,0.156488549618321,114572,109782,113718,4790,854,0.0436319250879015,0.00750980495611952
"1543","2016","인천","동구","초등학교",2016-04-01,"전체",705,638,631,-7,74,67,-0.0109717868338558,0.117274167987322,0.105015673981191,72129,74661,73755,-2532,-1626,-0.0339132880620404,-0.0220459629855603
"1544","2016","인천","동구","초등학교",2016-04-01,"여자",372,311,312,1,60,61,0.00321543408360129,0.192307692307692,0.196141479099678,72129,74661,73755,-2532,-1626,-0.0339132880620404,-0.0220459629855603
"1545","2016","인천","동구","초등학교",2016-04-01,"남자",333,327,319,-8,14,6,-0.0244648318042813,0.0438871473354232,0.018348623853211,72129,74661,73755,-2532,-1626,-0.0339132880620404,-0.0220459629855603
"1546","2016","인천","남구","초등학교",2016-04-01,"전체",2829,3252,3170,-82,-341,-423,-0.0252152521525215,-0.107570977917981,-0.130073800738007,405490,410341,407290,-4851,-1800,-0.0118218749771531,-0.00441945542488153
"1547","2016","인천","남구","초등학교",2016-04-01,"여자",1404,1636,1602,-34,-198,-232,-0.0207823960880196,-0.123595505617978,-0.141809290953545,405490,410341,407290,-4851,-1800,-0.0118218749771531,-0.00441945542488153
"1548","2016","인천","남구","초등학교",2016-04-01,"남자",1425,1616,1568,-48,-143,-191,-0.0297029702970297,-0.0911989795918367,-0.118193069306931,405490,410341,407290,-4851,-1800,-0.0118218749771531,-0.00441945542488153
"1549","2016","인천","연수구","초등학교",2016-04-01,"전체",3237,2813,2965,152,272,424,0.0540348382509776,0.0917369308600337,0.150728759331674,322436,305414,311725,17022,10711,0.0557341837636782,0.0343604138262892
"1550","2016","인천","연수구","초등학교",2016-04-01,"여자",1543,1368,1432,64,111,175,0.0467836257309941,0.0775139664804469,0.127923976608187,322436,305414,311725,17022,10711,0.0557341837636782,0.0343604138262892
"1551","2016","인천","연수구","초등학교",2016-04-01,"남자",1694,1445,1533,88,161,249,0.0608996539792388,0.105022831050228,0.172318339100346,322436,305414,311725,17022,10711,0.0557341837636782,0.0343604138262892
"1552","2016","인천","남동구","초등학교",2016-04-01,"전체",5092,5100,5109,9,-17,-8,0.00176470588235294,-0.00332746134272852,-0.00156862745098039,532714,509150,519172,23564,13542,0.0462810566630659,0.0260838411932847
"1553","2016","인천","남동구","초등학교",2016-04-01,"여자",2491,2462,2486,24,5,29,0.00974817221770918,0.00201126307320998,0.0117790414297319,532714,509150,519172,23564,13542,0.0462810566630659,0.0260838411932847
"1554","2016","인천","남동구","초등학교",2016-04-01,"남자",2601,2638,2623,-15,-22,-37,-0.00568612585291888,-0.00838734273732368,-0.0140257771038666,532714,509150,519172,23564,13542,0.0462810566630659,0.0260838411932847
"1555","2016","인천","부평구","초등학교",2016-04-01,"전체",4481,4622,4558,-64,-77,-141,-0.0138468195586326,-0.016893374286968,-0.0305062743401125,555631,556301,557715,-670,-2084,-0.00120438395760568,-0.00373667554216759
"1556","2016","인천","부평구","초등학교",2016-04-01,"여자",2174,2267,2224,-43,-50,-93,-0.0189677988531098,-0.0224820143884892,-0.0410233789148655,555631,556301,557715,-670,-2084,-0.00120438395760568,-0.00373667554216759
"1557","2016","인천","부평구","초등학교",2016-04-01,"남자",2307,2355,2334,-21,-27,-48,-0.0089171974522293,-0.0115681233933162,-0.0203821656050955,555631,556301,557715,-670,-2084,-0.00120438395760568,-0.00373667554216759
"1558","2016","인천","계양구","초등학교",2016-04-01,"전체",2723,3021,2923,-98,-200,-298,-0.0324395895398875,-0.0684228532329798,-0.0986428334988414,333222,343360,338461,-10138,-5239,-0.0295258620689655,-0.0154788882618677
"1559","2016","인천","계양구","초등학교",2016-04-01,"여자",1295,1465,1420,-45,-125,-170,-0.0307167235494881,-0.0880281690140845,-0.116040955631399,333222,343360,338461,-10138,-5239,-0.0295258620689655,-0.0154788882618677
"1560","2016","인천","계양구","초등학교",2016-04-01,"남자",1428,1556,1503,-53,-75,-128,-0.0340616966580977,-0.0499001996007984,-0.0822622107969152,333222,343360,338461,-10138,-5239,-0.0295258620689655,-0.0154788882618677
"1561","2016","인천","서구","초등학교",2016-04-01,"전체",5177,5461,5455,-6,-278,-284,-0.00109869987181835,-0.0509624197983501,-0.0520051272660685,507313,492830,500546,14483,6767,0.0293874155388268,0.0135192369932034
"1562","2016","인천","서구","초등학교",2016-04-01,"여자",2495,2640,2637,-3,-142,-145,-0.00113636363636364,-0.0538490709139173,-0.0549242424242424,507313,492830,500546,14483,6767,0.0293874155388268,0.0135192369932034
"1563","2016","인천","서구","초등학교",2016-04-01,"남자",2682,2821,2818,-3,-136,-139,-0.0010634526763559,-0.0482611781405252,-0.0492733073378235,507313,492830,500546,14483,6767,0.0293874155388268,0.0135192369932034
"1564","2016","인천","강화군","초등학교",2016-04-01,"전체",395,389,399,10,-4,6,0.025706940874036,-0.0100250626566416,0.0154241645244216,67623,66804,67186,819,437,0.0122597449254536,0.00650433125948858
"1565","2016","인천","강화군","초등학교",2016-04-01,"여자",184,201,201,0,-17,-17,0,-0.0845771144278607,-0.0845771144278607,67623,66804,67186,819,437,0.0122597449254536,0.00650433125948858
"1566","2016","인천","강화군","초등학교",2016-04-01,"남자",211,188,198,10,13,23,0.0531914893617021,0.0656565656565657,0.122340425531915,67623,66804,67186,819,437,0.0122597449254536,0.00650433125948858
"1567","2016","인천","옹진군","초등학교",2016-04-01,"전체",113,126,120,-6,-7,-13,-0.0476190476190476,-0.0583333333333333,-0.103174603174603,21011,20615,20739,396,272,0.0192093136065971,0.0131153864699359
"1568","2016","인천","옹진군","초등학교",2016-04-01,"여자",51,67,56,-11,-5,-16,-0.164179104477612,-0.0892857142857143,-0.238805970149254,21011,20615,20739,396,272,0.0192093136065971,0.0131153864699359
"1569","2016","인천","옹진군","초등학교",2016-04-01,"남자",62,59,64,5,-2,3,0.0847457627118644,-0.03125,0.0508474576271186,21011,20615,20739,396,272,0.0192093136065971,0.0131153864699359
"1570","2016","광주","동구","초등학교",2016-04-01,"전체",496,594,577,-17,-81,-98,-0.0286195286195286,-0.140381282495667,-0.164983164983165,97446,102134,100584,-4688,-3138,-0.045900483678305,-0.0311978048198521
"1571","2016","광주","동구","초등학교",2016-04-01,"여자",235,297,291,-6,-56,-62,-0.0202020202020202,-0.192439862542955,-0.208754208754209,97446,102134,100584,-4688,-3138,-0.045900483678305,-0.0311978048198521
"1572","2016","광주","동구","초등학교",2016-04-01,"남자",261,297,286,-11,-25,-36,-0.037037037037037,-0.0874125874125874,-0.121212121212121,97446,102134,100584,-4688,-3138,-0.045900483678305,-0.0311978048198521
"1573","2016","광주","서구","초등학교",2016-04-01,"전체",2718,2810,2747,-63,-29,-92,-0.0224199288256228,-0.0105569712413542,-0.0327402135231317,306887,313298,309074,-6411,-2187,-0.0204629458215501,-0.0070759753327682
"1574","2016","광주","서구","초등학교",2016-04-01,"여자",1344,1322,1287,-35,57,22,-0.0264750378214826,0.0442890442890443,0.0166414523449319,306887,313298,309074,-6411,-2187,-0.0204629458215501,-0.0070759753327682
"1575","2016","광주","서구","초등학교",2016-04-01,"남자",1374,1488,1460,-28,-86,-114,-0.0188172043010753,-0.0589041095890411,-0.0766129032258065,306887,313298,309074,-6411,-2187,-0.0204629458215501,-0.0070759753327682
"1576","2016","광주","남구","초등학교",2016-04-01,"전체",1996,1720,1858,138,138,276,0.0802325581395349,0.0742734122712594,0.16046511627907,220766,215993,220734,4773,32,0.0220979383591135,0.000144970869915826
"1577","2016","광주","남구","초등학교",2016-04-01,"여자",961,842,894,52,67,119,0.0617577197149644,0.0749440715883669,0.141330166270784,220766,215993,220734,4773,32,0.0220979383591135,0.000144970869915826
"1578","2016","광주","남구","초등학교",2016-04-01,"남자",1035,878,964,86,71,157,0.0979498861047836,0.0736514522821577,0.178815489749431,220766,215993,220734,4773,32,0.0220979383591135,0.000144970869915826
"1579","2016","광주","북구","초등학교",2016-04-01,"전체",3872,3873,3927,54,-55,-1,0.0139426800929512,-0.0140056022408964,-0.000258197779499096,444795,445698,448696,-903,-3901,-0.00202603556668417,-0.00869408240768806
"1580","2016","광주","북구","초등학교",2016-04-01,"여자",1801,1810,1832,22,-31,-9,0.0121546961325967,-0.0169213973799127,-0.00497237569060773,444795,445698,448696,-903,-3901,-0.00202603556668417,-0.00869408240768806
"1581","2016","광주","북구","초등학교",2016-04-01,"남자",2071,2063,2095,32,-24,8,0.0155113911778963,-0.0114558472553699,0.00387784779447407,444795,445698,448696,-903,-3901,-0.00202603556668417,-0.00869408240768806
"1582","2016","광주","광산구","초등학교",2016-04-01,"전체",5125,5194,5212,18,-87,-69,0.00346553715825953,-0.0166922486569455,-0.0132845591066615,401925,394727,398521,7198,3404,0.0182353880023409,0.00854158250129855
"1583","2016","광주","광산구","초등학교",2016-04-01,"여자",2547,2526,2545,19,2,21,0.00752177355502771,0.000785854616895874,0.00831353919239905,401925,394727,398521,7198,3404,0.0182353880023409,0.00854158250129855
"1584","2016","광주","광산구","초등학교",2016-04-01,"남자",2578,2668,2667,-1,-89,-90,-0.000374812593703148,-0.0333708286464192,-0.0337331334332834,401925,394727,398521,7198,3404,0.0182353880023409,0.00854158250129855
"1585","2016","대전","동구","초등학교",2016-04-01,"전체",1970,2296,2132,-164,-162,-326,-0.0714285714285714,-0.075984990619137,-0.14198606271777,238050,249717,243646,-11667,-5596,-0.0467208880452672,-0.0229677482905527
"1586","2016","대전","동구","초등학교",2016-04-01,"여자",941,1110,1030,-80,-89,-169,-0.0720720720720721,-0.0864077669902913,-0.152252252252252,238050,249717,243646,-11667,-5596,-0.0467208880452672,-0.0229677482905527
"1587","2016","대전","동구","초등학교",2016-04-01,"남자",1029,1186,1102,-84,-73,-157,-0.0708263069139966,-0.0662431941923775,-0.132377740303541,238050,249717,243646,-11667,-5596,-0.0467208880452672,-0.0229677482905527
"1588","2016","대전","중구","초등학교",2016-04-01,"전체",2070,2286,2156,-130,-86,-216,-0.0568678915135608,-0.0398886827458256,-0.094488188976378,254880,264488,259061,-9608,-4181,-0.0363267898732646,-0.0161390560524355
"1589","2016","대전","중구","초등학교",2016-04-01,"여자",1012,1124,1060,-64,-48,-112,-0.0569395017793594,-0.0452830188679245,-0.099644128113879,254880,264488,259061,-9608,-4181,-0.0363267898732646,-0.0161390560524355
"1590","2016","대전","중구","초등학교",2016-04-01,"남자",1058,1162,1096,-66,-38,-104,-0.0567986230636833,-0.0346715328467153,-0.0895008605851979,254880,264488,259061,-9608,-4181,-0.0363267898732646,-0.0161390560524355
"1591","2016","대전","서구","초등학교",2016-04-01,"전체",4258,4399,4426,27,-168,-141,0.00613775858149579,-0.0379575237234523,-0.0320527392589225,491253,497460,495601,-6207,-4348,-0.0124773851163913,-0.00877318649478108
"1592","2016","대전","서구","초등학교",2016-04-01,"여자",2045,2209,2210,1,-165,-164,0.000452693526482571,-0.0746606334841629,-0.0742417383431417,491253,497460,495601,-6207,-4348,-0.0124773851163913,-0.00877318649478108
"1593","2016","대전","서구","초등학교",2016-04-01,"남자",2213,2190,2216,26,-3,23,0.0118721461187215,-0.00135379061371841,0.0105022831050228,491253,497460,495601,-6207,-4348,-0.0124773851163913,-0.00877318649478108
"1594","2016","대전","유성구","초등학교",2016-04-01,"전체",3825,3898,3957,59,-132,-73,0.0151359671626475,-0.0333586050037908,-0.0187275525910723,337267,319924,329022,17343,8245,0.0542097498155812,0.0250591145880823
"1595","2016","대전","유성구","초등학교",2016-04-01,"여자",1899,1872,1940,68,-41,27,0.0363247863247863,-0.0211340206185567,0.0144230769230769,337267,319924,329022,17343,8245,0.0542097498155812,0.0250591145880823
"1596","2016","대전","유성구","초등학교",2016-04-01,"남자",1926,2026,2017,-9,-91,-100,-0.00444225074037512,-0.0451165096678235,-0.0493583415597236,337267,319924,329022,17343,8245,0.0542097498155812,0.0250591145880823
"1597","2016","대전","대덕구","초등학교",2016-04-01,"전체",1560,1741,1692,-49,-132,-181,-0.0281447443997702,-0.0780141843971631,-0.103963239517519,195454,203778,199984,-8324,-4530,-0.0408483742111514,-0.0226518121449716
"1598","2016","대전","대덕구","초등학교",2016-04-01,"여자",728,826,803,-23,-75,-98,-0.0278450363196126,-0.0933997509339975,-0.11864406779661,195454,203778,199984,-8324,-4530,-0.0408483742111514,-0.0226518121449716
"1599","2016","대전","대덕구","초등학교",2016-04-01,"남자",832,915,889,-26,-57,-83,-0.0284153005464481,-0.0641169853768279,-0.0907103825136612,195454,203778,199984,-8324,-4530,-0.0408483742111514,-0.0226518121449716
"1600","2016","울산","중구","초등학교",2016-04-01,"전체",2097,1942,2079,137,18,155,0.0705458290422245,0.00865800865800866,0.0798146240988672,244117,234211,241759,9906,2358,0.0422951953580319,0.00975351486397611
"1601","2016","울산","중구","초등학교",2016-04-01,"여자",975,910,960,50,15,65,0.0549450549450549,0.015625,0.0714285714285714,244117,234211,241759,9906,2358,0.0422951953580319,0.00975351486397611
"1602","2016","울산","중구","초등학교",2016-04-01,"남자",1122,1032,1119,87,3,90,0.0843023255813953,0.00268096514745308,0.0872093023255814,244117,234211,241759,9906,2358,0.0422951953580319,0.00975351486397611
"1603","2016","울산","남구","초등학교",2016-04-01,"전체",2697,2864,2820,-44,-123,-167,-0.0153631284916201,-0.0436170212765957,-0.0583100558659218,342322,349633,347250,-7311,-4928,-0.0209104975788899,-0.0141915046796256
"1604","2016","울산","남구","초등학교",2016-04-01,"여자",1287,1367,1347,-20,-60,-80,-0.0146305779078274,-0.044543429844098,-0.0585223116313094,342322,349633,347250,-7311,-4928,-0.0209104975788899,-0.0141915046796256
"1605","2016","울산","남구","초등학교",2016-04-01,"남자",1410,1497,1473,-24,-63,-87,-0.0160320641282565,-0.0427698574338086,-0.0581162324649299,342322,349633,347250,-7311,-4928,-0.0209104975788899,-0.0141915046796256
"1606","2016","울산","동구","초등학교",2016-04-01,"전체",1767,1957,1880,-77,-113,-190,-0.0393459376596832,-0.0601063829787234,-0.0970873786407767,175727,178267,175972,-2540,-245,-0.0142482904856199,-0.00139226695156048
"1607","2016","울산","동구","초등학교",2016-04-01,"여자",870,948,904,-44,-34,-78,-0.0464135021097046,-0.0376106194690266,-0.0822784810126582,175727,178267,175972,-2540,-245,-0.0142482904856199,-0.00139226695156048
"1608","2016","울산","동구","초등학교",2016-04-01,"남자",897,1009,976,-33,-79,-112,-0.0327056491575818,-0.0809426229508197,-0.111000991080278,175727,178267,175972,-2540,-245,-0.0142482904856199,-0.00139226695156048
"1609","2016","울산","북구","초등학교",2016-04-01,"전체",2279,2313,2301,-12,-22,-34,-0.00518806744487678,-0.00956106040851804,-0.0146995244271509,191310,186341,188754,4969,2556,0.0266661657928207,0.0135414348834992
"1610","2016","울산","북구","초등학교",2016-04-01,"여자",1056,1078,1081,3,-25,-22,0.00278293135435993,-0.0231267345050879,-0.0204081632653061,191310,186341,188754,4969,2556,0.0266661657928207,0.0135414348834992
"1611","2016","울산","북구","초등학교",2016-04-01,"남자",1223,1235,1220,-15,3,-12,-0.0121457489878543,0.00245901639344262,-0.0097165991902834,191310,186341,188754,4969,2556,0.0266661657928207,0.0135414348834992
"1612","2016","울산","울주군","초등학교",2016-04-01,"전체",2183,2156,2156,0,27,27,0,0.0125231910946197,0.0125231910946197,219449,210782,215698,8667,3751,0.0411183118103064,0.0173900546133947
"1613","2016","울산","울주군","초등학교",2016-04-01,"여자",1092,1044,1048,4,44,48,0.00383141762452107,0.0419847328244275,0.0459770114942529,219449,210782,215698,8667,3751,0.0411183118103064,0.0173900546133947
"1614","2016","울산","울주군","초등학교",2016-04-01,"남자",1091,1112,1108,-4,-17,-21,-0.00359712230215827,-0.0153429602888087,-0.0188848920863309,219449,210782,215698,8667,3751,0.0411183118103064,0.0173900546133947
"1615","2016","세종","세종시","초등학교",2016-04-01,"전체",3238,1444,2434,990,804,1794,0.685595567867036,0.330320460147905,1.24238227146814,225488,128200,178656,97288,46832,0.758876755070203,0.262135052838975
"1616","2016","세종","세종시","초등학교",2016-04-01,"전체",3238,1444,2434,990,804,1794,0.685595567867036,0.330320460147905,1.24238227146814,225488,128200,178656,97288,46832,0.758876755070203,0.262135052838975
"1617","2016","세종","세종시","초등학교",2016-04-01,"전체",3238,1444,2434,990,804,1794,0.685595567867036,0.330320460147905,1.24238227146814,225488,128200,178656,97288,46832,0.758876755070203,0.262135052838975
"1618","2016","세종","세종시","초등학교",2016-04-01,"전체",3238,1444,2434,990,804,1794,0.685595567867036,0.330320460147905,1.24238227146814,225488,128200,178656,97288,46832,0.758876755070203,0.262135052838975
"1619","2016","세종","세종시","초등학교",2016-04-01,"여자",1589,746,1211,465,378,843,0.623324396782842,0.312138728323699,1.13002680965147,225488,128200,178656,97288,46832,0.758876755070203,0.262135052838975
"1620","2016","세종","세종시","초등학교",2016-04-01,"여자",1589,746,1211,465,378,843,0.623324396782842,0.312138728323699,1.13002680965147,225488,128200,178656,97288,46832,0.758876755070203,0.262135052838975
"1621","2016","세종","세종시","초등학교",2016-04-01,"여자",1589,746,1211,465,378,843,0.623324396782842,0.312138728323699,1.13002680965147,225488,128200,178656,97288,46832,0.758876755070203,0.262135052838975
"1622","2016","세종","세종시","초등학교",2016-04-01,"여자",1589,746,1211,465,378,843,0.623324396782842,0.312138728323699,1.13002680965147,225488,128200,178656,97288,46832,0.758876755070203,0.262135052838975
"1623","2016","세종","세종시","초등학교",2016-04-01,"남자",1649,698,1223,525,426,951,0.752148997134671,0.348323793949305,1.36246418338109,225488,128200,178656,97288,46832,0.758876755070203,0.262135052838975
"1624","2016","세종","세종시","초등학교",2016-04-01,"남자",1649,698,1223,525,426,951,0.752148997134671,0.348323793949305,1.36246418338109,225488,128200,178656,97288,46832,0.758876755070203,0.262135052838975
"1625","2016","세종","세종시","초등학교",2016-04-01,"남자",1649,698,1223,525,426,951,0.752148997134671,0.348323793949305,1.36246418338109,225488,128200,178656,97288,46832,0.758876755070203,0.262135052838975
"1626","2016","세종","세종시","초등학교",2016-04-01,"남자",1649,698,1223,525,426,951,0.752148997134671,0.348323793949305,1.36246418338109,225488,128200,178656,97288,46832,0.758876755070203,0.262135052838975
"1627","2016","경기","수원시","초등학교",2016-04-01,"전체",11282,11340,11447,107,-165,-58,0.00943562610229277,-0.0144142570105705,-0.00511463844797178,1188841,1161575,1176736,27266,12105,0.0234733013365474,0.010286929268757
"1628","2016","경기","수원시","초등학교",2016-04-01,"여자",5541,5566,5603,37,-62,-25,0.00664750269493353,-0.0110655006246654,-0.00449155587495508,1188841,1161575,1176736,27266,12105,0.0234733013365474,0.010286929268757
"1629","2016","경기","수원시","초등학교",2016-04-01,"남자",5741,5774,5844,70,-103,-33,0.0121233113959127,-0.0176249144421629,-0.00571527537235885,1188841,1161575,1176736,27266,12105,0.0234733013365474,0.010286929268757
"1630","2016","경기","성남시","초등학교",2016-04-01,"전체",7480,8036,7881,-155,-401,-556,-0.0192882030861125,-0.0508818677832762,-0.0691886510701842,977094,978595,973604,-1501,3490,-0.00153383166682846,0.00358461961947568
"1631","2016","경기","성남시","초등학교",2016-04-01,"여자",3656,3971,3881,-90,-225,-315,-0.0226643162931252,-0.0579747487760886,-0.079325107025938,977094,978595,973604,-1501,3490,-0.00153383166682846,0.00358461961947568
"1632","2016","경기","성남시","초등학교",2016-04-01,"남자",3824,4065,4000,-65,-176,-241,-0.015990159901599,-0.044,-0.0592865928659287,977094,978595,973604,-1501,3490,-0.00153383166682846,0.00358461961947568
"1633","2016","경기","부천시","초등학교",2016-04-01,"전체",6694,7301,7106,-195,-412,-607,-0.0267086700451993,-0.0579791725302561,-0.0831392959868511,848142,861063,853162,-12921,-5020,-0.0150058706505796,-0.00588399389564936
"1634","2016","경기","부천시","초등학교",2016-04-01,"여자",3280,3588,3496,-92,-216,-308,-0.0256410256410256,-0.0617848970251716,-0.0858416945373467,848142,861063,853162,-12921,-5020,-0.0150058706505796,-0.00588399389564936
"1635","2016","경기","부천시","초등학교",2016-04-01,"남자",3414,3713,3610,-103,-196,-299,-0.0277403716671155,-0.0542936288088643,-0.0805278750336655,848142,861063,853162,-12921,-5020,-0.0150058706505796,-0.00588399389564936
"1636","2016","경기","안양시","초등학교",2016-04-01,"전체",4647,4927,4837,-90,-190,-280,-0.0182666937284352,-0.0392805457928468,-0.0568297138217983,596485,604834,599543,-8349,-3058,-0.0138037874854919,-0.00510055158679194
"1637","2016","경기","안양시","초등학교",2016-04-01,"여자",2252,2387,2357,-30,-105,-135,-0.0125680770842061,-0.044548154433602,-0.0565563468789275,596485,604834,599543,-8349,-3058,-0.0138037874854919,-0.00510055158679194
"1638","2016","경기","안양시","초등학교",2016-04-01,"남자",2395,2540,2480,-60,-85,-145,-0.0236220472440945,-0.0342741935483871,-0.0570866141732283,596485,604834,599543,-8349,-3058,-0.0138037874854919,-0.00510055158679194
"1639","2016","경기","과천시","초등학교",2016-04-01,"전체",497,589,568,-21,-71,-92,-0.0356536502546689,-0.125,-0.156196943972835,68239,70231,70016,-1992,-1777,-0.0283635431646993,-0.0253799131627057
"1640","2016","경기","과천시","초등학교",2016-04-01,"여자",239,279,274,-5,-35,-40,-0.017921146953405,-0.127737226277372,-0.14336917562724,68239,70231,70016,-1992,-1777,-0.0283635431646993,-0.0253799131627057
"1641","2016","경기","과천시","초등학교",2016-04-01,"남자",258,310,294,-16,-36,-52,-0.0516129032258065,-0.122448979591837,-0.167741935483871,68239,70231,70016,-1992,-1777,-0.0283635431646993,-0.0253799131627057
"1642","2016","경기","안산시","초등학교",2016-04-01,"전체",5908,6315,6102,-213,-194,-407,-0.033729216152019,-0.0317928548017044,-0.0644497228820269,695027,712187,705337,-17160,-10310,-0.0240947953276316,-0.0146171262814796
"1643","2016","경기","안산시","초등학교",2016-04-01,"여자",2860,3017,2924,-93,-64,-157,-0.0308253231687106,-0.0218878248974008,-0.0520384487901889,695027,712187,705337,-17160,-10310,-0.0240947953276316,-0.0146171262814796
"1644","2016","경기","안산시","초등학교",2016-04-01,"남자",3048,3298,3178,-120,-130,-250,-0.0363856882959369,-0.0409062303335431,-0.0758035172832019,695027,712187,705337,-17160,-10310,-0.0240947953276316,-0.0146171262814796
"1645","2016","경기","용인시","초등학교",2016-04-01,"전체",11018,11340,11493,153,-475,-322,0.0134920634920635,-0.0413295049160358,-0.0283950617283951,978619,948939,966869,29680,11750,0.0312770367747558,0.0121526287428804
"1646","2016","경기","용인시","초등학교",2016-04-01,"여자",5322,5517,5572,55,-250,-195,0.00996918615189414,-0.0448671931083991,-0.0353452963567156,978619,948939,966869,29680,11750,0.0312770367747558,0.0121526287428804
"1647","2016","경기","용인시","초등학교",2016-04-01,"남자",5696,5823,5921,98,-225,-127,0.0168298128112657,-0.0380003377807803,-0.02181006354113,978619,948939,966869,29680,11750,0.0312770367747558,0.0121526287428804
"1648","2016","경기","군포시","초등학교",2016-04-01,"전체",2676,2866,2840,-26,-164,-190,-0.00907187718073971,-0.0577464788732394,-0.0662944870900209,287122,286556,288314,566,-1192,0.00197518111643099,-0.00413438126487094
"1649","2016","경기","군포시","초등학교",2016-04-01,"여자",1314,1379,1362,-17,-48,-65,-0.0123277737490935,-0.0352422907488987,-0.04713560551124,287122,286556,288314,566,-1192,0.00197518111643099,-0.00413438126487094
"1650","2016","경기","군포시","초등학교",2016-04-01,"남자",1362,1487,1478,-9,-116,-125,-0.00605245460659045,-0.0784844384303112,-0.0840618695359785,287122,286556,288314,566,-1192,0.00197518111643099,-0.00413438126487094
"1651","2016","경기","의왕시","초등학교",2016-04-01,"전체",1368,1617,1530,-87,-162,-249,-0.0538033395176252,-0.105882352941176,-0.153988868274583,157655,159753,158044,-2098,-389,-0.0131327737194294,-0.00246133988003341
"1652","2016","경기","의왕시","초등학교",2016-04-01,"여자",669,816,755,-61,-86,-147,-0.0747549019607843,-0.113907284768212,-0.180147058823529,157655,159753,158044,-2098,-389,-0.0131327737194294,-0.00246133988003341
"1653","2016","경기","의왕시","초등학교",2016-04-01,"남자",699,801,775,-26,-76,-102,-0.0324594257178527,-0.0980645161290323,-0.127340823970037,157655,159753,158044,-2098,-389,-0.0131327737194294,-0.00246133988003341
"1654","2016","경기","시흥시","초등학교",2016-04-01,"전체",4086,4064,3996,-68,90,22,-0.0167322834645669,0.0225225225225225,0.00541338582677165,398188,395516,393535,2672,4653,0.00675573175295058,0.0118235989175042
"1655","2016","경기","시흥시","초등학교",2016-04-01,"여자",1968,1988,1962,-26,6,-20,-0.0130784708249497,0.00305810397553517,-0.0100603621730382,398188,395516,393535,2672,4653,0.00675573175295058,0.0118235989175042
"1656","2016","경기","시흥시","초등학교",2016-04-01,"남자",2118,2076,2034,-42,84,42,-0.0202312138728324,0.0412979351032448,0.0202312138728324,398188,395516,393535,2672,4653,0.00675573175295058,0.0118235989175042
"1657","2016","경기","평택시","초등학교",2016-04-01,"전체",4715,4589,4649,60,66,126,0.0130747439529309,0.0141966014196601,0.0274569623011549,463834,444305,452310,19529,11524,0.043954040580232,0.0254781013022042
"1658","2016","경기","평택시","초등학교",2016-04-01,"여자",2313,2214,2243,29,70,99,0.0130984643179765,0.0312082032991529,0.0447154471544715,463834,444305,452310,19529,11524,0.043954040580232,0.0254781013022042
"1659","2016","경기","평택시","초등학교",2016-04-01,"남자",2402,2375,2406,31,-4,27,0.0130526315789474,-0.00166251039068994,0.0113684210526316,463834,444305,452310,19529,11524,0.043954040580232,0.0254781013022042
"1660","2016","경기","화성시","초등학교",2016-04-01,"전체",8812,7917,8230,313,582,895,0.0395351774662119,0.0707168894289186,0.113047871668561,613091,533061,561565,80030,51526,0.150132911617995,0.091754293803923
"1661","2016","경기","화성시","초등학교",2016-04-01,"여자",4302,3852,4003,151,299,450,0.0392004153686397,0.0746939795153635,0.116822429906542,613091,533061,561565,80030,51526,0.150132911617995,0.091754293803923
"1662","2016","경기","화성시","초등학교",2016-04-01,"남자",4510,4065,4227,162,283,445,0.0398523985239852,0.0669505559498462,0.109471094710947,613091,533061,561565,80030,51526,0.150132911617995,0.091754293803923
"1663","2016","경기","오산시","초등학교",2016-04-01,"전체",2725,3012,2918,-94,-193,-287,-0.0312084993359894,-0.0661411925976696,-0.0952855245683931,207421,207377,207481,44,-60,0.000212173963361414,-0.000289183105922952
"1664","2016","경기","오산시","초등학교",2016-04-01,"여자",1298,1467,1427,-40,-129,-169,-0.027266530334015,-0.0903994393833217,-0.115201090661213,207421,207377,207481,44,-60,0.000212173963361414,-0.000289183105922952
"1665","2016","경기","오산시","초등학교",2016-04-01,"남자",1427,1545,1491,-54,-64,-118,-0.0349514563106796,-0.0429242119382964,-0.0763754045307443,207421,207377,207481,44,-60,0.000212173963361414,-0.000289183105922952
"1666","2016","경기","광명시","초등학교",2016-04-01,"전체",3281,3497,3407,-90,-126,-216,-0.0257363454389477,-0.0369826827120634,-0.0617672290534744,343687,351318,347178,-7631,-3491,-0.0217210618300229,-0.0100553606507325
"1667","2016","경기","광명시","초등학교",2016-04-01,"여자",1548,1665,1612,-53,-64,-117,-0.0318318318318318,-0.0397022332506203,-0.0702702702702703,343687,351318,347178,-7631,-3491,-0.0217210618300229,-0.0100553606507325
"1668","2016","경기","광명시","초등학교",2016-04-01,"남자",1733,1832,1795,-37,-62,-99,-0.0201965065502183,-0.0345403899721448,-0.0540393013100437,343687,351318,347178,-7631,-3491,-0.0217210618300229,-0.0100553606507325
"1669","2016","경기","광주시","초등학교",2016-04-01,"전체",2822,3050,3015,-35,-193,-228,-0.0114754098360656,-0.0640132669983416,-0.0747540983606557,315547,290594,302747,24953,12800,0.0858689443002953,0.0422795271299138
"1670","2016","경기","광주시","초등학교",2016-04-01,"여자",1393,1461,1455,-6,-62,-68,-0.00410677618069815,-0.0426116838487973,-0.0465434633812457,315547,290594,302747,24953,12800,0.0858689443002953,0.0422795271299138
"1671","2016","경기","광주시","초등학교",2016-04-01,"남자",1429,1589,1560,-29,-131,-160,-0.0182504719949654,-0.083974358974359,-0.100692259282568,315547,290594,302747,24953,12800,0.0858689443002953,0.0422795271299138
"1672","2016","경기","하남시","초등학교",2016-04-01,"전체",1645,1320,1507,187,138,325,0.141666666666667,0.0915726609157266,0.246212121212121,177547,144836,154784,32711,22763,0.225848545941617,0.147063003928055
"1673","2016","경기","하남시","초등학교",2016-04-01,"여자",813,635,735,100,78,178,0.15748031496063,0.106122448979592,0.280314960629921,177547,144836,154784,32711,22763,0.225848545941617,0.147063003928055
"1674","2016","경기","하남시","초등학교",2016-04-01,"남자",832,685,772,87,60,147,0.127007299270073,0.077720207253886,0.214598540145985,177547,144836,154784,32711,22763,0.225848545941617,0.147063003928055
"1675","2016","경기","김포시","초등학교",2016-04-01,"전체",4130,3903,4238,335,-108,227,0.0858314117345632,-0.0254837187352525,0.0581603894440174,352090,319658,343940,32432,8150,0.101458433701018,0.0236959934872361
"1676","2016","경기","김포시","초등학교",2016-04-01,"여자",1993,1872,2055,183,-62,121,0.0977564102564103,-0.0301703163017032,0.0646367521367521,352090,319658,343940,32432,8150,0.101458433701018,0.0236959934872361
"1677","2016","경기","김포시","초등학교",2016-04-01,"남자",2137,2031,2183,152,-46,106,0.0748399803052683,-0.0210719193770041,0.052191038897095,352090,319658,343940,32432,8150,0.101458433701018,0.0236959934872361
"1678","2016","경기","이천시","초등학교",2016-04-01,"전체",2307,2190,2133,-57,174,117,-0.026027397260274,0.0815752461322082,0.0534246575342466,207161,205259,204438,1902,2723,0.00926634154896984,0.0133194415910936
"1679","2016","경기","이천시","초등학교",2016-04-01,"여자",1100,1029,1006,-23,94,71,-0.0223517978620019,0.0934393638170974,0.0689990281827016,207161,205259,204438,1902,2723,0.00926634154896984,0.0133194415910936
"1680","2016","경기","이천시","초등학교",2016-04-01,"남자",1207,1161,1127,-34,80,46,-0.0292850990525409,0.0709849157054126,0.0396210163652024,207161,205259,204438,1902,2723,0.00926634154896984,0.0133194415910936
"1681","2016","경기","안성시","초등학교",2016-04-01,"전체",1810,1929,1891,-38,-81,-119,-0.0196993260756869,-0.0428344791115812,-0.0616899948159668,181279,182009,181501,-730,-222,-0.00401079067518639,-0.00122313375683881
"1682","2016","경기","안성시","초등학교",2016-04-01,"여자",887,926,905,-21,-18,-39,-0.0226781857451404,-0.0198895027624309,-0.0421166306695464,181279,182009,181501,-730,-222,-0.00401079067518639,-0.00122313375683881
"1683","2016","경기","안성시","초등학교",2016-04-01,"남자",923,1003,986,-17,-63,-80,-0.0169491525423729,-0.063894523326572,-0.0797607178464606,181279,182009,181501,-730,-222,-0.00401079067518639,-0.00122313375683881
"1684","2016","경기","여주시","초등학교",2016-04-01,"전체",908,865,882,17,26,43,0.0196531791907514,0.0294784580498866,0.0497109826589595,111250,109539,110514,1711,736,0.0156200074859183,0.00665978970990101
"1685","2016","경기","여주시","초등학교",2016-04-01,"여자",428,401,409,8,19,27,0.0199501246882793,0.0464547677261614,0.0673316708229426,111250,109539,110514,1711,736,0.0156200074859183,0.00665978970990101
"1686","2016","경기","여주시","초등학교",2016-04-01,"남자",480,464,473,9,7,16,0.0193965517241379,0.0147991543340381,0.0344827586206897,111250,109539,110514,1711,736,0.0156200074859183,0.00665978970990101
"1687","2016","경기","양평군","초등학교",2016-04-01,"전체",826,761,805,44,21,65,0.0578186596583443,0.0260869565217391,0.0854139290407359,108849,104292,106204,4557,2645,0.0436946266252445,0.0249049000037663
"1688","2016","경기","양평군","초등학교",2016-04-01,"여자",392,383,401,18,-9,9,0.0469973890339426,-0.0224438902743142,0.0234986945169713,108849,104292,106204,4557,2645,0.0436946266252445,0.0249049000037663
"1689","2016","경기","양평군","초등학교",2016-04-01,"남자",434,378,404,26,30,56,0.0687830687830688,0.0742574257425743,0.148148148148148,108849,104292,106204,4557,2645,0.0436946266252445,0.0249049000037663
"1690","2016","경기","고양시","초등학교",2016-04-01,"전체",8675,8858,9097,239,-422,-183,0.0269812598780763,-0.0463889194239859,-0.0206592910363513,1030193,998069,1011427,32124,18766,0.0321861514584663,0.0185539836290706
"1691","2016","경기","고양시","초등학교",2016-04-01,"여자",4167,4245,4348,103,-181,-78,0.024263839811543,-0.0416283348666053,-0.0183745583038869,1030193,998069,1011427,32124,18766,0.0321861514584663,0.0185539836290706
"1692","2016","경기","고양시","초등학교",2016-04-01,"남자",4508,4613,4749,136,-241,-105,0.0294818989811403,-0.0507475257949042,-0.0227617602427921,1030193,998069,1011427,32124,18766,0.0321861514584663,0.0185539836290706
"1693","2016","경기","남양주시","초등학교",2016-04-01,"전체",7051,7196,7308,112,-257,-145,0.0155642023346304,-0.0351669403393541,-0.0201500833796554,659445,625190,639658,34255,19787,0.0547913434315968,0.0309337177053988
"1694","2016","경기","남양주시","초등학교",2016-04-01,"여자",3418,3500,3544,44,-126,-82,0.0125714285714286,-0.0355530474040632,-0.0234285714285714,659445,625190,639658,34255,19787,0.0547913434315968,0.0309337177053988
"1695","2016","경기","남양주시","초등학교",2016-04-01,"남자",3633,3696,3764,68,-131,-63,0.0183982683982684,-0.0348034006376196,-0.0170454545454545,659445,625190,639658,34255,19787,0.0547913434315968,0.0309337177053988
"1696","2016","경기","구리시","초등학교",2016-04-01,"전체",1523,1702,1650,-52,-127,-179,-0.0305522914218566,-0.076969696969697,-0.105170387779083,185635,188714,186669,-3079,-1034,-0.0163156946490456,-0.00553921647407979
"1697","2016","경기","구리시","초등학교",2016-04-01,"여자",713,794,769,-25,-56,-81,-0.0314861460957179,-0.0728218465539662,-0.102015113350126,185635,188714,186669,-3079,-1034,-0.0163156946490456,-0.00553921647407979
"1698","2016","경기","구리시","초등학교",2016-04-01,"남자",810,908,881,-27,-71,-98,-0.0297356828193833,-0.0805902383654938,-0.107929515418502,185635,188714,186669,-3079,-1034,-0.0163156946490456,-0.00553921647407979
"1699","2016","경기","의정부시","초등학교",2016-04-01,"전체",3467,3767,3681,-86,-214,-300,-0.0228298380674277,-0.0581363759847867,-0.0796389700026546,434384,431491,431196,2893,3188,0.00670465896160059,0.00739338954906817
"1700","2016","경기","의정부시","초등학교",2016-04-01,"여자",1730,1859,1814,-45,-84,-129,-0.0242065626681011,-0.0463065049614112,-0.0693921463152232,434384,431491,431196,2893,3188,0.00670465896160059,0.00739338954906817
"1701","2016","경기","의정부시","초등학교",2016-04-01,"남자",1737,1908,1867,-41,-130,-171,-0.0214884696016771,-0.0696304231387252,-0.089622641509434,434384,431491,431196,2893,3188,0.00670465896160059,0.00739338954906817
"1702","2016","경기","파주시","초등학교",2016-04-01,"전체",4596,4599,4721,122,-125,-3,0.0265275059795608,-0.0264774412200805,-0.000652315720808871,425919,403210,415869,22709,10050,0.0563205277646884,0.0241662638956017
"1703","2016","경기","파주시","초등학교",2016-04-01,"여자",2199,2224,2289,65,-90,-25,0.029226618705036,-0.0393184796854522,-0.0112410071942446,425919,403210,415869,22709,10050,0.0563205277646884,0.0241662638956017
"1704","2016","경기","파주시","초등학교",2016-04-01,"남자",2397,2375,2432,57,-35,22,0.024,-0.0143914473684211,0.00926315789473684,425919,403210,415869,22709,10050,0.0563205277646884,0.0241662638956017
"1705","2016","경기","동두천시","초등학교",2016-04-01,"전체",871,926,919,-7,-48,-55,-0.00755939524838013,-0.0522306855277476,-0.0593952483801296,98018,97434,97387,584,631,0.00599380093191289,0.00647930421924898
"1706","2016","경기","동두천시","초등학교",2016-04-01,"여자",434,463,459,-4,-25,-29,-0.00863930885529158,-0.0544662309368192,-0.0626349892008639,98018,97434,97387,584,631,0.00599380093191289,0.00647930421924898
"1707","2016","경기","동두천시","초등학교",2016-04-01,"남자",437,463,460,-3,-23,-26,-0.00647948164146868,-0.05,-0.0561555075593952,98018,97434,97387,584,631,0.00599380093191289,0.00647930421924898
"1708","2016","경기","양주시","초등학교",2016-04-01,"전체",2171,2091,2142,51,29,80,0.024390243902439,0.0135387488328665,0.038259206121473,205252,198540,203193,6712,2059,0.0338067895638159,0.0101332230933152
"1709","2016","경기","양주시","초등학교",2016-04-01,"여자",1071,1029,1057,28,14,42,0.0272108843537415,0.0132450331125828,0.0408163265306122,205252,198540,203193,6712,2059,0.0338067895638159,0.0101332230933152
"1710","2016","경기","양주시","초등학교",2016-04-01,"남자",1100,1062,1085,23,15,38,0.0216572504708098,0.0138248847926267,0.0357815442561205,205252,198540,203193,6712,2059,0.0338067895638159,0.0101332230933152
"1711","2016","경기","포천시","초등학교",2016-04-01,"전체",1187,1295,1290,-5,-103,-108,-0.00386100386100386,-0.0798449612403101,-0.0833976833976834,154630,156111,155537,-1481,-907,-0.00948683949241245,-0.00583140988960826
"1712","2016","경기","포천시","초등학교",2016-04-01,"여자",584,615,617,2,-33,-31,0.0032520325203252,-0.053484602917342,-0.0504065040650407,154630,156111,155537,-1481,-907,-0.00948683949241245,-0.00583140988960826
"1713","2016","경기","포천시","초등학교",2016-04-01,"남자",603,680,673,-7,-70,-77,-0.0102941176470588,-0.104011887072808,-0.113235294117647,154630,156111,155537,-1481,-907,-0.00948683949241245,-0.00583140988960826
"1714","2016","경기","가평군","초등학교",2016-04-01,"전체",417,426,413,-13,4,-9,-0.0305164319248826,0.00968523002421308,-0.0211267605633803,62119,60886,61163,1233,956,0.0202509608120093,0.0156303647630103
"1715","2016","경기","가평군","초등학교",2016-04-01,"여자",199,207,198,-9,1,-8,-0.0434782608695652,0.00505050505050505,-0.0386473429951691,62119,60886,61163,1233,956,0.0202509608120093,0.0156303647630103
"1716","2016","경기","가평군","초등학교",2016-04-01,"남자",218,219,215,-4,3,-1,-0.0182648401826484,0.013953488372093,-0.0045662100456621,62119,60886,61163,1233,956,0.0202509608120093,0.0156303647630103
"1717","2016","경기","연천군","초등학교",2016-04-01,"전체",270,320,299,-21,-29,-50,-0.065625,-0.096989966555184,-0.15625,45834,45609,45358,225,476,0.00493323686114583,0.0104942898716875
"1718","2016","경기","연천군","초등학교",2016-04-01,"여자",124,145,134,-11,-10,-21,-0.0758620689655172,-0.0746268656716418,-0.144827586206897,45834,45609,45358,225,476,0.00493323686114583,0.0104942898716875
"1719","2016","경기","연천군","초등학교",2016-04-01,"남자",146,175,165,-10,-19,-29,-0.0571428571428571,-0.115151515151515,-0.165714285714286,45834,45609,45358,225,476,0.00493323686114583,0.0104942898716875
"1720","2016","강원","춘천시","초등학교",2016-04-01,"전체",2314,2324,2372,48,-58,-10,0.0206540447504303,-0.0244519392917369,-0.00430292598967298,278682,274651,276652,4031,2030,0.0146768080218168,0.00733773838613131
"1721","2016","강원","춘천시","초등학교",2016-04-01,"여자",1115,1119,1139,20,-24,-4,0.0178731009830206,-0.0210711150131694,-0.00357462019660411,278682,274651,276652,4031,2030,0.0146768080218168,0.00733773838613131
"1722","2016","강원","춘천시","초등학교",2016-04-01,"남자",1199,1205,1233,28,-34,-6,0.0232365145228216,-0.0275750202757502,-0.00497925311203319,278682,274651,276652,4031,2030,0.0146768080218168,0.00733773838613131
"1723","2016","강원","원주시","초등학교",2016-04-01,"전체",3179,3000,3025,25,154,179,0.00833333333333333,0.0509090909090909,0.0596666666666667,335450,325259,328405,10191,7045,0.0313319539197993,0.021452170338454
"1724","2016","강원","원주시","초등학교",2016-04-01,"여자",1522,1467,1484,17,38,55,0.0115882753919564,0.0256064690026954,0.0374914792092706,335450,325259,328405,10191,7045,0.0313319539197993,0.021452170338454
"1725","2016","강원","원주시","초등학교",2016-04-01,"남자",1657,1533,1541,8,116,124,0.00521852576647097,0.0752757949383517,0.0808871493803001,335450,325259,328405,10191,7045,0.0313319539197993,0.021452170338454
"1726","2016","강원","강릉시","초등학교",2016-04-01,"전체",1666,1647,1666,19,0,19,0.0115361262902247,0,0.0115361262902247,214281,216268,215201,-1987,-920,-0.00918767455194481,-0.00427507307122179
"1727","2016","강원","강릉시","초등학교",2016-04-01,"여자",838,812,826,14,12,26,0.0172413793103448,0.0145278450363196,0.0320197044334975,214281,216268,215201,-1987,-920,-0.00918767455194481,-0.00427507307122179
"1728","2016","강원","강릉시","초등학교",2016-04-01,"남자",828,835,840,5,-12,-7,0.00598802395209581,-0.0142857142857143,-0.00838323353293413,214281,216268,215201,-1987,-920,-0.00918767455194481,-0.00427507307122179
"1729","2016","강원","동해시","초등학교",2016-04-01,"전체",868,847,865,18,3,21,0.0212514757969303,0.00346820809248555,0.0247933884297521,93462,94541,94125,-1079,-663,-0.0114130377296623,-0.00704382470119522
"1730","2016","강원","동해시","초등학교",2016-04-01,"여자",440,399,412,13,28,41,0.0325814536340852,0.0679611650485437,0.102756892230576,93462,94541,94125,-1079,-663,-0.0114130377296623,-0.00704382470119522
"1731","2016","강원","동해시","초등학교",2016-04-01,"남자",428,448,453,5,-25,-20,0.0111607142857143,-0.0551876379690949,-0.0446428571428571,93462,94541,94125,-1079,-663,-0.0114130377296623,-0.00704382470119522
"1732","2016","강원","태백시","초등학교",2016-04-01,"전체",400,416,401,-15,-1,-16,-0.0360576923076923,-0.00249376558603491,-0.0384615384615385,47464,48884,48085,-1420,-621,-0.0290483593813927,-0.0129146303421025
"1733","2016","강원","태백시","초등학교",2016-04-01,"여자",211,216,208,-8,3,-5,-0.037037037037037,0.0144230769230769,-0.0231481481481481,47464,48884,48085,-1420,-621,-0.0290483593813927,-0.0129146303421025
"1734","2016","강원","태백시","초등학교",2016-04-01,"남자",189,200,193,-7,-4,-11,-0.035,-0.0207253886010363,-0.055,47464,48884,48085,-1420,-621,-0.0290483593813927,-0.0129146303421025
"1735","2016","강원","속초시","초등학교",2016-04-01,"전체",598,634,628,-6,-30,-36,-0.00946372239747634,-0.0477707006369427,-0.056782334384858,82069,82847,82157,-778,-88,-0.00939080473644188,-0.00107111992891659
"1736","2016","강원","속초시","초등학교",2016-04-01,"여자",287,302,300,-2,-13,-15,-0.00662251655629139,-0.0433333333333333,-0.0496688741721854,82069,82847,82157,-778,-88,-0.00939080473644188,-0.00107111992891659
"1737","2016","강원","속초시","초등학교",2016-04-01,"남자",311,332,328,-4,-17,-21,-0.0120481927710843,-0.0518292682926829,-0.0632530120481928,82069,82847,82157,-778,-88,-0.00939080473644188,-0.00107111992891659
"1738","2016","강원","삼척시","초등학교",2016-04-01,"전체",462,463,469,6,-7,-1,0.0129589632829374,-0.0149253731343284,-0.00215982721382289,69990,73371,71797,-3381,-1807,-0.0460808766406346,-0.0251681825145897
"1739","2016","강원","삼척시","초등학교",2016-04-01,"여자",212,222,222,0,-10,-10,0,-0.045045045045045,-0.045045045045045,69990,73371,71797,-3381,-1807,-0.0460808766406346,-0.0251681825145897
"1740","2016","강원","삼척시","초등학교",2016-04-01,"남자",250,241,247,6,3,9,0.024896265560166,0.0121457489878543,0.037344398340249,69990,73371,71797,-3381,-1807,-0.0460808766406346,-0.0251681825145897
"1741","2016","강원","홍천군","초등학교",2016-04-01,"전체",505,496,497,1,8,9,0.00201612903225806,0.0160965794768612,0.0181451612903226,70045,70604,70322,-559,-277,-0.00791739844768002,-0.00393902334973408
"1742","2016","강원","홍천군","초등학교",2016-04-01,"여자",233,231,236,5,-3,2,0.0216450216450216,-0.0127118644067797,0.00865800865800866,70045,70604,70322,-559,-277,-0.00791739844768002,-0.00393902334973408
"1743","2016","강원","홍천군","초등학교",2016-04-01,"남자",272,265,261,-4,11,7,-0.0150943396226415,0.0421455938697318,0.0264150943396226,70045,70604,70322,-559,-277,-0.00791739844768002,-0.00393902334973408
"1744","2016","강원","횡성군","초등학교",2016-04-01,"전체",263,275,278,3,-15,-12,0.0109090909090909,-0.0539568345323741,-0.0436363636363636,45878,45181,45445,697,433,0.0154268387153892,0.00952800088018484
"1745","2016","강원","횡성군","초등학교",2016-04-01,"여자",126,144,144,0,-18,-18,0,-0.125,-0.125,45878,45181,45445,697,433,0.0154268387153892,0.00952800088018484
"1746","2016","강원","횡성군","초등학교",2016-04-01,"남자",137,131,134,3,3,6,0.0229007633587786,0.0223880597014925,0.0458015267175573,45878,45181,45445,697,433,0.0154268387153892,0.00952800088018484
"1747","2016","강원","영월군","초등학교",2016-04-01,"전체",205,213,200,-13,5,-8,-0.0610328638497653,0.025,-0.0375586854460094,40057,40263,40099,-206,-42,-0.00511635993343765,-0.00104740766602658
"1748","2016","강원","영월군","초등학교",2016-04-01,"여자",92,103,98,-5,-6,-11,-0.0485436893203883,-0.0612244897959184,-0.106796116504854,40057,40263,40099,-206,-42,-0.00511635993343765,-0.00104740766602658
"1749","2016","강원","영월군","초등학교",2016-04-01,"남자",113,110,102,-8,11,3,-0.0727272727272727,0.107843137254902,0.0272727272727273,40057,40263,40099,-206,-42,-0.00511635993343765,-0.00104740766602658
"1750","2016","강원","평창군","초등학교",2016-04-01,"전체",258,262,252,-10,6,-4,-0.0381679389312977,0.0238095238095238,-0.0152671755725191,43278,43703,43590,-425,-312,-0.00972473285586802,-0.00715760495526497
"1751","2016","강원","평창군","초등학교",2016-04-01,"여자",127,129,126,-3,1,-2,-0.0232558139534884,0.00793650793650794,-0.0155038759689922,43278,43703,43590,-425,-312,-0.00972473285586802,-0.00715760495526497
"1752","2016","강원","평창군","초등학교",2016-04-01,"남자",131,133,126,-7,5,-2,-0.0526315789473684,0.0396825396825397,-0.0150375939849624,43278,43703,43590,-425,-312,-0.00972473285586802,-0.00715760495526497
"1753","2016","강원","정선군","초등학교",2016-04-01,"전체",266,268,263,-5,3,-2,-0.0186567164179104,0.0114068441064639,-0.00746268656716418,38923,39698,39264,-775,-341,-0.0195223940752683,-0.00868480032599837
"1754","2016","강원","정선군","초등학교",2016-04-01,"여자",124,131,127,-4,-3,-7,-0.0305343511450382,-0.0236220472440945,-0.0534351145038168,38923,39698,39264,-775,-341,-0.0195223940752683,-0.00868480032599837
"1755","2016","강원","정선군","초등학교",2016-04-01,"남자",142,137,136,-1,6,5,-0.0072992700729927,0.0441176470588235,0.0364963503649635,38923,39698,39264,-775,-341,-0.0195223940752683,-0.00868480032599837
"1756","2016","강원","철원군","초등학교",2016-04-01,"전체",360,383,363,-20,-3,-23,-0.0522193211488251,-0.00826446280991736,-0.0600522193211488,48354,47433,47728,921,626,0.0194168616785782,0.0131159906134764
"1757","2016","강원","철원군","초등학교",2016-04-01,"여자",176,184,169,-15,7,-8,-0.0815217391304348,0.0414201183431953,-0.0434782608695652,48354,47433,47728,921,626,0.0194168616785782,0.0131159906134764
"1758","2016","강원","철원군","초등학교",2016-04-01,"남자",184,199,194,-5,-10,-15,-0.0251256281407035,-0.0515463917525773,-0.0753768844221105,48354,47433,47728,921,626,0.0194168616785782,0.0131159906134764
"1759","2016","강원","화천군","초등학교",2016-04-01,"전체",207,227,209,-18,-2,-20,-0.079295154185022,-0.00956937799043062,-0.0881057268722467,26628,24908,26607,1720,21,0.0690541191585033,0.000789265982636148
"1760","2016","강원","화천군","초등학교",2016-04-01,"여자",110,122,114,-8,-4,-12,-0.0655737704918033,-0.0350877192982456,-0.0983606557377049,26628,24908,26607,1720,21,0.0690541191585033,0.000789265982636148
"1761","2016","강원","화천군","초등학교",2016-04-01,"남자",97,105,95,-10,2,-8,-0.0952380952380952,0.0210526315789474,-0.0761904761904762,26628,24908,26607,1720,21,0.0690541191585033,0.000789265982636148
"1762","2016","강원","양구군","초등학교",2016-04-01,"전체",162,198,204,6,-42,-36,0.0303030303030303,-0.205882352941176,-0.181818181818182,24006,23731,23840,275,166,0.0115882179427753,0.00696308724832215
"1763","2016","강원","양구군","초등학교",2016-04-01,"여자",79,99,100,1,-21,-20,0.0101010101010101,-0.21,-0.202020202020202,24006,23731,23840,275,166,0.0115882179427753,0.00696308724832215
"1764","2016","강원","양구군","초등학교",2016-04-01,"남자",83,99,104,5,-21,-16,0.0505050505050505,-0.201923076923077,-0.161616161616162,24006,23731,23840,275,166,0.0115882179427753,0.00696308724832215
"1765","2016","강원","인제군","초등학교",2016-04-01,"전체",266,285,271,-14,-5,-19,-0.0491228070175439,-0.018450184501845,-0.0666666666666667,32986,32453,33091,533,-105,0.0164237512710689,-0.00317306820585658
"1766","2016","강원","인제군","초등학교",2016-04-01,"여자",130,131,126,-5,4,-1,-0.0381679389312977,0.0317460317460317,-0.00763358778625954,32986,32453,33091,533,-105,0.0164237512710689,-0.00317306820585658
"1767","2016","강원","인제군","초등학교",2016-04-01,"남자",136,154,145,-9,-9,-18,-0.0584415584415584,-0.0620689655172414,-0.116883116883117,32986,32453,33091,533,-105,0.0164237512710689,-0.00317306820585658
"1768","2016","강원","고성군","초등학교",2016-04-01,"전체",142,143,144,1,-2,-1,0.00699300699300699,-0.0138888888888889,-0.00699300699300699,29288,30147,29873,-859,-585,-0.0284937141340764,-0.0195829009473438
"1769","2016","강원","고성군","초등학교",2016-04-01,"여자",74,75,73,-2,1,-1,-0.0266666666666667,0.0136986301369863,-0.0133333333333333,29288,30147,29873,-859,-585,-0.0284937141340764,-0.0195829009473438
"1770","2016","강원","고성군","초등학교",2016-04-01,"남자",68,68,71,3,-3,0,0.0441176470588235,-0.0422535211267606,0,29288,30147,29873,-859,-585,-0.0284937141340764,-0.0195829009473438
"1771","2016","강원","양양군","초등학교",2016-04-01,"전체",149,148,156,8,-7,1,0.0540540540540541,-0.0448717948717949,0.00675675675675676,27329,27614,27530,-285,-201,-0.0103208517418701,-0.00730112604431529
"1772","2016","강원","양양군","초등학교",2016-04-01,"여자",81,76,83,7,-2,5,0.0921052631578947,-0.0240963855421687,0.0657894736842105,27329,27614,27530,-285,-201,-0.0103208517418701,-0.00730112604431529
"1773","2016","강원","양양군","초등학교",2016-04-01,"남자",68,72,73,1,-5,-4,0.0138888888888889,-0.0684931506849315,-0.0555555555555556,27329,27614,27530,-285,-201,-0.0103208517418701,-0.00730112604431529
"1774","2016","충북","청주시","초등학교",2016-04-01,"전체",8141,6672,8317,1645,-176,1469,0.246552757793765,-0.0211614764939281,0.220173860911271,833095,674341,830626,158754,2469,0.23542095171434,0.00297245691803531
"1775","2016","충북","청주시","초등학교",2016-04-01,"여자",3877,3158,3956,798,-79,719,0.252691576947435,-0.0199696663296259,0.227675744141862,833095,674341,830626,158754,2469,0.23542095171434,0.00297245691803531
"1776","2016","충북","청주시","초등학교",2016-04-01,"남자",4264,3514,4361,847,-97,750,0.241035856573705,-0.0222426049071314,0.213431986340353,833095,674341,830626,158754,2469,0.23542095171434,0.00297245691803531
"1777","2016","충북","충주시","초등학교",2016-04-01,"전체",1595,1629,1643,14,-48,-34,0.00859422958870473,-0.029214850882532,-0.0208717004297115,207835,208156,208096,-321,-261,-0.00154211264628452,-0.00125422881746886
"1778","2016","충북","충주시","초등학교",2016-04-01,"여자",805,840,855,15,-50,-35,0.0178571428571429,-0.0584795321637427,-0.0416666666666667,207835,208156,208096,-321,-261,-0.00154211264628452,-0.00125422881746886
"1779","2016","충북","충주시","초등학교",2016-04-01,"남자",790,789,788,-1,2,1,-0.00126742712294043,0.00253807106598985,0.00126742712294043,207835,208156,208096,-321,-261,-0.00154211264628452,-0.00125422881746886
"1780","2016","충북","제천시","초등학교",2016-04-01,"전체",998,1042,1031,-11,-33,-44,-0.0105566218809981,-0.032007759456838,-0.0422264875239923,136134,136900,136399,-766,-265,-0.00559532505478451,-0.00194282949288485
"1781","2016","충북","제천시","초등학교",2016-04-01,"여자",502,531,530,-1,-28,-29,-0.00188323917137476,-0.0528301886792453,-0.0546139359698682,136134,136900,136399,-766,-265,-0.00559532505478451,-0.00194282949288485
"1782","2016","충북","제천시","초등학교",2016-04-01,"남자",496,511,501,-10,-5,-15,-0.0195694716242661,-0.00998003992015968,-0.0293542074363992,136134,136900,136399,-766,-265,-0.00559532505478451,-0.00194282949288485
"1783","2016","충북","보은군","초등학교",2016-04-01,"전체",197,193,184,-9,13,4,-0.0466321243523316,0.0706521739130435,0.0207253886010363,34199,34444,34191,-245,8,-0.00711299500638718,0.000233979702260829
"1784","2016","충북","보은군","초등학교",2016-04-01,"여자",101,92,85,-7,16,9,-0.0760869565217391,0.188235294117647,0.0978260869565217,34199,34444,34191,-245,8,-0.00711299500638718,0.000233979702260829
"1785","2016","충북","보은군","초등학교",2016-04-01,"남자",96,101,99,-2,-3,-5,-0.0198019801980198,-0.0303030303030303,-0.0495049504950495,34199,34444,34191,-245,8,-0.00711299500638718,0.000233979702260829
"1786","2016","충북","옥천군","초등학교",2016-04-01,"전체",351,354,355,1,-4,-3,0.00282485875706215,-0.0112676056338028,-0.00847457627118644,52324,52656,52680,-332,-356,-0.00630507444545731,-0.0067577828397874
"1787","2016","충북","옥천군","초등학교",2016-04-01,"여자",172,168,171,3,1,4,0.0178571428571429,0.00584795321637427,0.0238095238095238,52324,52656,52680,-332,-356,-0.00630507444545731,-0.0067577828397874
"1788","2016","충북","옥천군","초등학교",2016-04-01,"남자",179,186,184,-2,-5,-7,-0.010752688172043,-0.0271739130434783,-0.0376344086021505,52324,52656,52680,-332,-356,-0.00630507444545731,-0.0067577828397874
"1789","2016","충북","영동군","초등학교",2016-04-01,"전체",274,320,321,1,-47,-46,0.003125,-0.146417445482866,-0.14375,50311,50471,51057,-160,-746,-0.00317013730657209,-0.0146111209040876
"1790","2016","충북","영동군","초등학교",2016-04-01,"여자",130,152,156,4,-26,-22,0.0263157894736842,-0.166666666666667,-0.144736842105263,50311,50471,51057,-160,-746,-0.00317013730657209,-0.0146111209040876
"1791","2016","충북","영동군","초등학교",2016-04-01,"남자",144,168,165,-3,-21,-24,-0.0178571428571429,-0.127272727272727,-0.142857142857143,50311,50471,51057,-160,-746,-0.00317013730657209,-0.0146111209040876
"1792","2016","충북","진천군","초등학교",2016-04-01,"전체",726,574,597,23,129,152,0.0400696864111498,0.21608040201005,0.264808362369338,68452,64915,66421,3537,2031,0.0544866363706385,0.0305776787461797
"1793","2016","충북","진천군","초등학교",2016-04-01,"여자",376,299,314,15,62,77,0.0501672240802676,0.197452229299363,0.25752508361204,68452,64915,66421,3537,2031,0.0544866363706385,0.0305776787461797
"1794","2016","충북","진천군","초등학교",2016-04-01,"남자",350,275,283,8,67,75,0.0290909090909091,0.236749116607774,0.272727272727273,68452,64915,66421,3537,2031,0.0544866363706385,0.0305776787461797
"1795","2016","충북","괴산군","초등학교",2016-04-01,"전체",184,182,194,12,-10,2,0.0659340659340659,-0.0515463917525773,0.010989010989011,38101,38089,38165,12,-64,0.000315051589697813,-0.00167692912354251
"1796","2016","충북","괴산군","초등학교",2016-04-01,"여자",107,83,97,14,10,24,0.168674698795181,0.103092783505155,0.289156626506024,38101,38089,38165,12,-64,0.000315051589697813,-0.00167692912354251
"1797","2016","충북","괴산군","초등학교",2016-04-01,"남자",77,99,97,-2,-20,-22,-0.0202020202020202,-0.206185567010309,-0.222222222222222,38101,38089,38165,12,-64,0.000315051589697813,-0.00167692912354251
"1798","2016","충북","음성군","초등학교",2016-04-01,"전체",775,765,801,36,-26,10,0.0470588235294118,-0.0324594257178527,0.0130718954248366,97244,93512,95664,3732,1580,0.0399093164513645,0.0165161398227128
"1799","2016","충북","음성군","초등학교",2016-04-01,"여자",358,350,360,10,-2,8,0.0285714285714286,-0.00555555555555556,0.0228571428571429,97244,93512,95664,3732,1580,0.0399093164513645,0.0165161398227128
"1800","2016","충북","음성군","초등학교",2016-04-01,"남자",417,415,441,26,-24,2,0.0626506024096386,-0.054421768707483,0.00481927710843374,97244,93512,95664,3732,1580,0.0399093164513645,0.0165161398227128
"1801","2016","충북","단양군","초등학교",2016-04-01,"전체",172,158,165,7,7,14,0.0443037974683544,0.0424242424242424,0.0886075949367089,30623,31047,30871,-424,-248,-0.0136567140142365,-0.00803342943215315
"1802","2016","충북","단양군","초등학교",2016-04-01,"여자",74,70,73,3,1,4,0.0428571428571429,0.0136986301369863,0.0571428571428571,30623,31047,30871,-424,-248,-0.0136567140142365,-0.00803342943215315
"1803","2016","충북","단양군","초등학교",2016-04-01,"남자",98,88,92,4,6,10,0.0454545454545455,0.0652173913043478,0.113636363636364,30623,31047,30871,-424,-248,-0.0136567140142365,-0.00803342943215315
"1804","2016","충북","증평군","초등학교",2016-04-01,"전체",343,392,384,-8,-41,-49,-0.0204081632653061,-0.106770833333333,-0.125,36994,34770,35121,2224,1873,0.0639631866551625,0.0533299165741294
"1805","2016","충북","증평군","초등학교",2016-04-01,"여자",148,193,183,-10,-35,-45,-0.0518134715025907,-0.191256830601093,-0.233160621761658,36994,34770,35121,2224,1873,0.0639631866551625,0.0533299165741294
"1806","2016","충북","증평군","초등학교",2016-04-01,"남자",195,199,201,2,-6,-4,0.0100502512562814,-0.0298507462686567,-0.0201005025125628,36994,34770,35121,2224,1873,0.0639631866551625,0.0533299165741294
"1807","2016","충남","천안시","초등학교",2016-04-01,"전체",6320,6332,6330,-2,-10,-12,-0.000315855969677827,-0.00157977883096367,-0.00189513581806696,608044,593884,602048,14160,5996,0.0238430400549602,0.00995933879026257
"1808","2016","충남","천안시","초등학교",2016-04-01,"여자",3052,3030,3033,3,19,22,0.00099009900990099,0.00626442466205077,0.00726072607260726,608044,593884,602048,14160,5996,0.0238430400549602,0.00995933879026257
"1809","2016","충남","천안시","초등학교",2016-04-01,"남자",3268,3302,3297,-5,-29,-34,-0.00151423379769836,-0.00879587503791325,-0.0102967898243489,608044,593884,602048,14160,5996,0.0238430400549602,0.00995933879026257
"1810","2016","충남","공주시","초등학교",2016-04-01,"전체",729,796,753,-43,-24,-67,-0.0540201005025126,-0.0318725099601594,-0.0841708542713568,110306,115862,112480,-5556,-2174,-0.0479535999723809,-0.019327880512091
"1811","2016","충남","공주시","초등학교",2016-04-01,"여자",347,401,373,-28,-26,-54,-0.0698254364089776,-0.0697050938337802,-0.134663341645885,110306,115862,112480,-5556,-2174,-0.0479535999723809,-0.019327880512091
"1812","2016","충남","공주시","초등학교",2016-04-01,"남자",382,395,380,-15,2,-13,-0.0379746835443038,0.00526315789473684,-0.0329113924050633,110306,115862,112480,-5556,-2174,-0.0479535999723809,-0.019327880512091
"1813","2016","충남","보령시","초등학교",2016-04-01,"전체",768,786,787,1,-19,-18,0.00127226463104326,-0.0241423125794155,-0.0229007633587786,104432,104736,104495,-304,-63,-0.00290253589978613,-0.000602899660270826
"1814","2016","충남","보령시","초등학교",2016-04-01,"여자",381,401,405,4,-24,-20,0.00997506234413965,-0.0592592592592593,-0.0498753117206983,104432,104736,104495,-304,-63,-0.00290253589978613,-0.000602899660270826
"1815","2016","충남","보령시","초등학교",2016-04-01,"남자",387,385,382,-3,5,2,-0.00779220779220779,0.0130890052356021,0.00519480519480519,104432,104736,104495,-304,-63,-0.00290253589978613,-0.000602899660270826
"1816","2016","충남","아산시","초등학교",2016-04-01,"전체",3559,3816,3796,-20,-237,-257,-0.00524109014675052,-0.0624341412012645,-0.0673480083857442,301471,290243,294834,11228,6637,0.0386848261629049,0.0225109722759248
"1817","2016","충남","아산시","초등학교",2016-04-01,"여자",1743,1899,1888,-11,-145,-156,-0.00579252238020011,-0.0768008474576271,-0.0821484992101106,301471,290243,294834,11228,6637,0.0386848261629049,0.0225109722759248
"1818","2016","충남","아산시","초등학교",2016-04-01,"남자",1816,1917,1908,-9,-92,-101,-0.00469483568075117,-0.0482180293501048,-0.0526864893062076,301471,290243,294834,11228,6637,0.0386848261629049,0.0225109722759248
"1819","2016","충남","서산시","초등학교",2016-04-01,"전체",1642,1700,1705,5,-63,-58,0.00294117647058824,-0.036950146627566,-0.0341176470588235,170025,166332,168096,3693,1929,0.0222025827862348,0.011475585379783
"1820","2016","충남","서산시","초등학교",2016-04-01,"여자",760,800,809,9,-49,-40,0.01125,-0.0605686032138443,-0.05,170025,166332,168096,3693,1929,0.0222025827862348,0.011475585379783
"1821","2016","충남","서산시","초등학교",2016-04-01,"남자",882,900,896,-4,-14,-18,-0.00444444444444444,-0.015625,-0.02,170025,166332,168096,3693,1929,0.0222025827862348,0.011475585379783
"1822","2016","충남","논산시","초등학교",2016-04-01,"전체",928,901,906,5,22,27,0.00554938956714761,0.0242825607064018,0.0299667036625971,123693,125308,124511,-1615,-818,-0.0128882433683404,-0.0065697006690172
"1823","2016","충남","논산시","초등학교",2016-04-01,"여자",449,448,445,-3,4,1,-0.00669642857142857,0.00898876404494382,0.00223214285714286,123693,125308,124511,-1615,-818,-0.0128882433683404,-0.0065697006690172
"1824","2016","충남","논산시","초등학교",2016-04-01,"남자",479,453,461,8,18,26,0.0176600441501104,0.0390455531453362,0.0573951434878587,123693,125308,124511,-1615,-818,-0.0128882433683404,-0.0065697006690172
"1825","2016","충남","계룡시","초등학교",2016-04-01,"전체",456,481,453,-28,3,-25,-0.0582120582120582,0.00662251655629139,-0.051975051975052,42370,40943,40088,1427,2282,0.0348533326820213,0.0569247655158651
"1826","2016","충남","계룡시","초등학교",2016-04-01,"여자",197,218,202,-16,-5,-21,-0.073394495412844,-0.0247524752475248,-0.0963302752293578,42370,40943,40088,1427,2282,0.0348533326820213,0.0569247655158651
"1827","2016","충남","계룡시","초등학교",2016-04-01,"남자",259,263,251,-12,8,-4,-0.0456273764258555,0.0318725099601594,-0.0152091254752852,42370,40943,40088,1427,2282,0.0348533326820213,0.0569247655158651
"1828","2016","충남","금산군","초등학교",2016-04-01,"전체",376,410,406,-4,-30,-34,-0.00975609756097561,-0.0738916256157636,-0.0829268292682927,54870,55326,55003,-456,-133,-0.00824205617611973,-0.00241804992454957
"1829","2016","충남","금산군","초등학교",2016-04-01,"여자",187,210,205,-5,-18,-23,-0.0238095238095238,-0.0878048780487805,-0.10952380952381,54870,55326,55003,-456,-133,-0.00824205617611973,-0.00241804992454957
"1830","2016","충남","금산군","초등학교",2016-04-01,"남자",189,200,201,1,-12,-11,0.005,-0.0597014925373134,-0.055,54870,55326,55003,-456,-133,-0.00824205617611973,-0.00241804992454957
"1831","2016","충남","부여군","초등학교",2016-04-01,"전체",379,393,406,13,-27,-14,0.0330788804071247,-0.0665024630541872,-0.0356234096692112,70821,72151,71503,-1330,-682,-0.0184335629443805,-0.00953806134008363
"1832","2016","충남","부여군","초등학교",2016-04-01,"여자",185,198,202,4,-17,-13,0.0202020202020202,-0.0841584158415842,-0.0656565656565657,70821,72151,71503,-1330,-682,-0.0184335629443805,-0.00953806134008363
"1833","2016","충남","부여군","초등학교",2016-04-01,"남자",194,195,204,9,-10,-1,0.0461538461538462,-0.0490196078431373,-0.00512820512820513,70821,72151,71503,-1330,-682,-0.0184335629443805,-0.00953806134008363
"1834","2016","충남","서천군","초등학교",2016-04-01,"전체",300,309,312,3,-12,-9,0.00970873786407767,-0.0384615384615385,-0.029126213592233,56479,58117,57262,-1638,-783,-0.0281845243216271,-0.01367398973141
"1835","2016","충남","서천군","초등학교",2016-04-01,"여자",148,153,157,4,-9,-5,0.0261437908496732,-0.0573248407643312,-0.0326797385620915,56479,58117,57262,-1638,-783,-0.0281845243216271,-0.01367398973141
"1836","2016","충남","서천군","초등학교",2016-04-01,"남자",152,156,155,-1,-3,-4,-0.00641025641025641,-0.0193548387096774,-0.0256410256410256,56479,58117,57262,-1638,-783,-0.0281845243216271,-0.01367398973141
"1837","2016","충남","청양군","초등학교",2016-04-01,"전체",142,167,168,1,-26,-25,0.00598802395209581,-0.154761904761905,-0.149700598802395,32227,32202,32221,25,6,0.00077634929507484,0.000186213959839856
"1838","2016","충남","청양군","초등학교",2016-04-01,"여자",79,93,92,-1,-13,-14,-0.010752688172043,-0.141304347826087,-0.150537634408602,32227,32202,32221,25,6,0.00077634929507484,0.000186213959839856
"1839","2016","충남","청양군","초등학교",2016-04-01,"남자",63,74,76,2,-13,-11,0.027027027027027,-0.171052631578947,-0.148648648648649,32227,32202,32221,25,6,0.00077634929507484,0.000186213959839856
"1840","2016","충남","홍성군","초등학교",2016-04-01,"전체",848,655,713,58,135,193,0.0885496183206107,0.189340813464236,0.294656488549618,95802,90243,92598,5559,3204,0.0616003457331871,0.0346011792911294
"1841","2016","충남","홍성군","초등학교",2016-04-01,"여자",416,337,351,14,65,79,0.0415430267062315,0.185185185185185,0.234421364985163,95802,90243,92598,5559,3204,0.0616003457331871,0.0346011792911294
"1842","2016","충남","홍성군","초등학교",2016-04-01,"남자",432,318,362,44,70,114,0.138364779874214,0.193370165745856,0.358490566037736,95802,90243,92598,5559,3204,0.0616003457331871,0.0346011792911294
"1843","2016","충남","예산군","초등학교",2016-04-01,"전체",484,518,510,-8,-26,-34,-0.0154440154440154,-0.0509803921568627,-0.0656370656370656,82820,85027,84167,-2207,-1347,-0.0259564608888941,-0.0160038970142693
"1844","2016","충남","예산군","초등학교",2016-04-01,"여자",221,262,256,-6,-35,-41,-0.0229007633587786,-0.13671875,-0.156488549618321,82820,85027,84167,-2207,-1347,-0.0259564608888941,-0.0160038970142693
"1845","2016","충남","예산군","초등학교",2016-04-01,"남자",263,256,254,-2,9,7,-0.0078125,0.0354330708661417,0.02734375,82820,85027,84167,-2207,-1347,-0.0259564608888941,-0.0160038970142693
"1846","2016","충남","태안군","초등학교",2016-04-01,"전체",431,377,390,13,41,54,0.0344827586206897,0.105128205128205,0.143236074270557,63505,62348,62772,1157,733,0.018557130942452,0.0116771809086854
"1847","2016","충남","태안군","초등학교",2016-04-01,"여자",207,169,176,7,31,38,0.0414201183431953,0.176136363636364,0.224852071005917,63505,62348,62772,1157,733,0.018557130942452,0.0116771809086854
"1848","2016","충남","태안군","초등학교",2016-04-01,"남자",224,208,214,6,10,16,0.0288461538461538,0.0467289719626168,0.0769230769230769,63505,62348,62772,1157,733,0.018557130942452,0.0116771809086854
"1849","2016","충남","당진시","초등학교",2016-04-01,"전체",1694,1778,1756,-22,-62,-84,-0.0123734533183352,-0.0353075170842825,-0.047244094488189,165454,161115,163531,4339,1923,0.0269310740775223,0.011759238309556
"1850","2016","충남","당진시","초등학교",2016-04-01,"여자",850,876,856,-20,-6,-26,-0.0228310502283105,-0.00700934579439252,-0.0296803652968037,165454,161115,163531,4339,1923,0.0269310740775223,0.011759238309556
"1851","2016","충남","당진시","초등학교",2016-04-01,"남자",844,902,900,-2,-56,-58,-0.00221729490022173,-0.0622222222222222,-0.0643015521064302,165454,161115,163531,4339,1923,0.0269310740775223,0.011759238309556
"1852","2016","전북","전주시","초등학교",2016-04-01,"전체",6043,6057,6135,78,-92,-14,0.0128776622090144,-0.0149959250203749,-0.00231137526828463,653005,650945,653663,2060,-658,0.00316462988424521,-0.00100663491738097
"1853","2016","전북","전주시","초등학교",2016-04-01,"여자",2943,2888,2942,54,1,55,0.0186980609418283,0.000339904826648538,0.0190443213296399,653005,650945,653663,2060,-658,0.00316462988424521,-0.00100663491738097
"1854","2016","전북","전주시","초등학교",2016-04-01,"남자",3100,3169,3193,24,-93,-69,0.00757336699274219,-0.029126213592233,-0.0217734301041338,653005,650945,653663,2060,-658,0.00316462988424521,-0.00100663491738097
"1855","2016","전북","군산시","초등학교",2016-04-01,"전체",2604,2703,2687,-16,-83,-99,-0.00591934887162412,-0.0308894678079643,-0.0366259711431743,278435,278132,278457,303,-22,0.00108941078336905,-7.90068125419724e-05
"1856","2016","전북","군산시","초등학교",2016-04-01,"여자",1276,1337,1335,-2,-59,-61,-0.00149588631264024,-0.0441947565543071,-0.0456245325355273,278435,278132,278457,303,-22,0.00108941078336905,-7.90068125419724e-05
"1857","2016","전북","군산시","초등학교",2016-04-01,"남자",1328,1366,1352,-14,-24,-38,-0.0102489019033675,-0.0177514792899408,-0.0278184480234261,278435,278132,278457,303,-22,0.00108941078336905,-7.90068125419724e-05
"1858","2016","전북","익산시","초등학교",2016-04-01,"전체",2535,2537,2548,11,-13,-2,0.0043358297201419,-0.00510204081632653,-0.000788332676389436,301285,305363,303250,-4078,-1965,-0.0133545976428054,-0.006479802143446
"1859","2016","전북","익산시","초등학교",2016-04-01,"여자",1253,1274,1265,-9,-12,-21,-0.00706436420722135,-0.00948616600790514,-0.0164835164835165,301285,305363,303250,-4078,-1965,-0.0133545976428054,-0.006479802143446
"1860","2016","전북","익산시","초등학교",2016-04-01,"남자",1282,1263,1283,20,-1,19,0.0158353127474268,-0.000779423226812159,0.0150435471100554,301285,305363,303250,-4078,-1965,-0.0133545976428054,-0.006479802143446
"1861","2016","전북","정읍시","초등학교",2016-04-01,"전체",813,795,798,3,15,18,0.00377358490566038,0.018796992481203,0.0226415094339623,115489,117848,116711,-2359,-1222,-0.0200173104337791,-0.0104703069976266
"1862","2016","전북","정읍시","초등학교",2016-04-01,"여자",353,372,372,0,-19,-19,0,-0.0510752688172043,-0.0510752688172043,115489,117848,116711,-2359,-1222,-0.0200173104337791,-0.0104703069976266
"1863","2016","전북","정읍시","초등학교",2016-04-01,"남자",460,423,426,3,34,37,0.00709219858156028,0.07981220657277,0.0874704491725768,115489,117848,116711,-2359,-1222,-0.0200173104337791,-0.0104703069976266
"1864","2016","전북","남원시","초등학교",2016-04-01,"전체",609,621,629,8,-20,-12,0.0128824476650564,-0.0317965023847377,-0.0193236714975845,84688,86206,85253,-1518,-565,-0.0176089831334246,-0.00662733276248343
"1865","2016","전북","남원시","초등학교",2016-04-01,"여자",282,290,290,0,-8,-8,0,-0.0275862068965517,-0.0275862068965517,84688,86206,85253,-1518,-565,-0.0176089831334246,-0.00662733276248343
"1866","2016","전북","남원시","초등학교",2016-04-01,"남자",327,331,339,8,-12,-4,0.0241691842900302,-0.0353982300884956,-0.0120845921450151,84688,86206,85253,-1518,-565,-0.0176089831334246,-0.00662733276248343
"1867","2016","전북","김제시","초등학교",2016-04-01,"전체",591,605,614,9,-23,-14,0.0148760330578512,-0.0374592833876222,-0.0231404958677686,88502,90960,89582,-2458,-1080,-0.0270228671943712,-0.0120559933915295
"1868","2016","전북","김제시","초등학교",2016-04-01,"여자",293,297,300,3,-7,-4,0.0101010101010101,-0.0233333333333333,-0.0134680134680135,88502,90960,89582,-2458,-1080,-0.0270228671943712,-0.0120559933915295
"1869","2016","전북","김제시","초등학교",2016-04-01,"남자",298,308,314,6,-16,-10,0.0194805194805195,-0.0509554140127389,-0.0324675324675325,88502,90960,89582,-2458,-1080,-0.0270228671943712,-0.0120559933915295
"1870","2016","전북","완주군","초등학교",2016-04-01,"전체",853,904,938,34,-85,-51,0.0376106194690266,-0.0906183368869936,-0.0564159292035398,95494,87624,91839,7870,3655,0.0898155756413768,0.0397979072071778
"1871","2016","전북","완주군","초등학교",2016-04-01,"여자",411,440,448,8,-37,-29,0.0181818181818182,-0.0825892857142857,-0.0659090909090909,95494,87624,91839,7870,3655,0.0898155756413768,0.0397979072071778
"1872","2016","전북","완주군","초등학교",2016-04-01,"남자",442,464,490,26,-48,-22,0.0560344827586207,-0.0979591836734694,-0.0474137931034483,95494,87624,91839,7870,3655,0.0898155756413768,0.0397979072071778
"1873","2016","전북","진안군","초등학교",2016-04-01,"전체",152,187,174,-13,-22,-35,-0.0695187165775401,-0.126436781609195,-0.18716577540107,26137,27000,26372,-863,-235,-0.031962962962963,-0.00891096617624753
"1874","2016","전북","진안군","초등학교",2016-04-01,"여자",73,94,87,-7,-14,-21,-0.074468085106383,-0.160919540229885,-0.223404255319149,26137,27000,26372,-863,-235,-0.031962962962963,-0.00891096617624753
"1875","2016","전북","진안군","초등학교",2016-04-01,"남자",79,93,87,-6,-8,-14,-0.0645161290322581,-0.0919540229885057,-0.150537634408602,26137,27000,26372,-863,-235,-0.031962962962963,-0.00891096617624753
"1876","2016","전북","무주군","초등학교",2016-04-01,"전체",177,157,158,1,19,20,0.00636942675159236,0.120253164556962,0.127388535031847,25099,25475,25218,-376,-119,-0.0147595682041217,-0.00471885161392656
"1877","2016","전북","무주군","초등학교",2016-04-01,"여자",102,87,90,3,12,15,0.0344827586206897,0.133333333333333,0.172413793103448,25099,25475,25218,-376,-119,-0.0147595682041217,-0.00471885161392656
"1878","2016","전북","무주군","초등학교",2016-04-01,"남자",75,70,68,-2,7,5,-0.0285714285714286,0.102941176470588,0.0714285714285714,25099,25475,25218,-376,-119,-0.0147595682041217,-0.00471885161392656
"1879","2016","전북","장수군","초등학교",2016-04-01,"전체",147,155,167,12,-20,-8,0.0774193548387097,-0.119760479041916,-0.0516129032258065,23251,23427,23289,-176,-38,-0.00751269902249541,-0.00163167160462021
"1880","2016","전북","장수군","초등학교",2016-04-01,"여자",68,78,84,6,-16,-10,0.0769230769230769,-0.19047619047619,-0.128205128205128,23251,23427,23289,-176,-38,-0.00751269902249541,-0.00163167160462021
"1881","2016","전북","장수군","초등학교",2016-04-01,"남자",79,77,83,6,-4,2,0.0779220779220779,-0.0481927710843374,0.025974025974026,23251,23427,23289,-176,-38,-0.00751269902249541,-0.00163167160462021
"1882","2016","전북","임실군","초등학교",2016-04-01,"전체",165,181,182,1,-17,-16,0.00552486187845304,-0.0934065934065934,-0.0883977900552486,29428,29953,29649,-525,-221,-0.0175274596868427,-0.00745387702789301
"1883","2016","전북","임실군","초등학교",2016-04-01,"여자",79,87,89,2,-10,-8,0.0229885057471264,-0.112359550561798,-0.0919540229885057,29428,29953,29649,-525,-221,-0.0175274596868427,-0.00745387702789301
"1884","2016","전북","임실군","초등학교",2016-04-01,"남자",86,94,93,-1,-7,-8,-0.0106382978723404,-0.0752688172043011,-0.0851063829787234,29428,29953,29649,-525,-221,-0.0175274596868427,-0.00745387702789301
"1885","2016","전북","순창군","초등학교",2016-04-01,"전체",181,211,209,-2,-28,-30,-0.00947867298578199,-0.133971291866029,-0.14218009478673,29388,29888,29439,-500,-51,-0.0167291220556745,-0.00173239580148782
"1886","2016","전북","순창군","초등학교",2016-04-01,"여자",85,84,84,0,1,1,0,0.0119047619047619,0.0119047619047619,29388,29888,29439,-500,-51,-0.0167291220556745,-0.00173239580148782
"1887","2016","전북","순창군","초등학교",2016-04-01,"남자",96,127,125,-2,-29,-31,-0.015748031496063,-0.232,-0.244094488188976,29388,29888,29439,-500,-51,-0.0167291220556745,-0.00173239580148782
"1888","2016","전북","고창군","초등학교",2016-04-01,"전체",351,341,343,2,8,10,0.00586510263929619,0.0233236151603499,0.0293255131964809,59343,60148,59762,-805,-419,-0.0133836536543193,-0.00701114420534788
"1889","2016","전북","고창군","초등학교",2016-04-01,"여자",176,168,168,0,8,8,0,0.0476190476190476,0.0476190476190476,59343,60148,59762,-805,-419,-0.0133836536543193,-0.00701114420534788
"1890","2016","전북","고창군","초등학교",2016-04-01,"남자",175,173,175,2,0,2,0.0115606936416185,0,0.0115606936416185,59343,60148,59762,-805,-419,-0.0133836536543193,-0.00701114420534788
"1891","2016","전북","부안군","초등학교",2016-04-01,"전체",319,355,351,-4,-32,-36,-0.0112676056338028,-0.0911680911680912,-0.101408450704225,56640,58205,57416,-1565,-776,-0.0268877244223005,-0.0135153964051832
"1892","2016","전북","부안군","초등학교",2016-04-01,"여자",162,178,175,-3,-13,-16,-0.0168539325842697,-0.0742857142857143,-0.0898876404494382,56640,58205,57416,-1565,-776,-0.0268877244223005,-0.0135153964051832
"1893","2016","전북","부안군","초등학교",2016-04-01,"남자",157,177,176,-1,-19,-20,-0.00564971751412429,-0.107954545454545,-0.112994350282486,56640,58205,57416,-1565,-776,-0.0268877244223005,-0.0135153964051832
"1894","2016","전남","목포시","초등학교",2016-04-01,"전체",2542,2458,2472,14,70,84,0.00569568755085435,0.0283171521035599,0.0341741253051261,238515,239403,238465,-888,50,-0.00370922670141978,0.000209674375694546
"1895","2016","전남","목포시","초등학교",2016-04-01,"여자",1244,1189,1202,13,42,55,0.0109335576114382,0.0349417637271215,0.0462573591253154,238515,239403,238465,-888,50,-0.00370922670141978,0.000209674375694546
"1896","2016","전남","목포시","초등학교",2016-04-01,"남자",1298,1269,1270,1,28,29,0.000788022064617809,0.0220472440944882,0.0228526398739165,238515,239403,238465,-888,50,-0.00370922670141978,0.000209674375694546
"1897","2016","전남","여수시","초등학교",2016-04-01,"전체",2367,2456,2457,1,-90,-89,0.000407166123778502,-0.0366300366300366,-0.0362377850162866,289989,290847,290818,-858,-829,-0.0029500046416157,-0.00285058008789002
"1898","2016","전남","여수시","초등학교",2016-04-01,"여자",1186,1204,1194,-10,-8,-18,-0.00830564784053156,-0.0067001675041876,-0.0149501661129568,289989,290847,290818,-858,-829,-0.0029500046416157,-0.00285058008789002
"1899","2016","전남","여수시","초등학교",2016-04-01,"남자",1181,1252,1263,11,-82,-71,0.00878594249201278,-0.0649247822644497,-0.0567092651757189,289989,290847,290818,-858,-829,-0.0029500046416157,-0.00285058008789002
"1900","2016","전남","순천시","초등학교",2016-04-01,"전체",2701,2522,2587,65,114,179,0.0257731958762887,0.0440664862775416,0.0709754163362411,279298,276828,276897,2470,2401,0.00892250783880243,0.00867109430582491
"1901","2016","전남","순천시","초등학교",2016-04-01,"여자",1314,1198,1226,28,88,116,0.0233722871452421,0.0717781402936378,0.0968280467445743,279298,276828,276897,2470,2401,0.00892250783880243,0.00867109430582491
"1902","2016","전남","순천시","초등학교",2016-04-01,"남자",1387,1324,1361,37,26,63,0.0279456193353474,0.0191036002939015,0.047583081570997,279298,276828,276897,2470,2401,0.00892250783880243,0.00867109430582491
"1903","2016","전남","나주시","초등학교",2016-04-01,"전체",728,565,648,83,80,163,0.146902654867257,0.123456790123457,0.288495575221239,100067,89598,93617,10469,6450,0.116844125984955,0.0688977429313052
"1904","2016","전남","나주시","초등학교",2016-04-01,"여자",361,251,293,42,68,110,0.167330677290837,0.232081911262799,0.438247011952191,100067,89598,93617,10469,6450,0.116844125984955,0.0688977429313052
"1905","2016","전남","나주시","초등학교",2016-04-01,"남자",367,314,355,41,12,53,0.130573248407643,0.0338028169014084,0.168789808917197,100067,89598,93617,10469,6450,0.116844125984955,0.0688977429313052
"1906","2016","전남","광양시","초등학교",2016-04-01,"전체",1455,1582,1566,-16,-111,-127,-0.0101137800252845,-0.0708812260536398,-0.0802781289506953,152318,151691,152324,627,-6,0.00413340277274196,-3.93897219085633e-05
"1907","2016","전남","광양시","초등학교",2016-04-01,"여자",712,750,744,-6,-32,-38,-0.008,-0.043010752688172,-0.0506666666666667,152318,151691,152324,627,-6,0.00413340277274196,-3.93897219085633e-05
"1908","2016","전남","광양시","초등학교",2016-04-01,"남자",743,832,822,-10,-79,-89,-0.0120192307692308,-0.0961070559610706,-0.106971153846154,152318,151691,152324,627,-6,0.00413340277274196,-3.93897219085633e-05
"1909","2016","전남","담양군","초등학교",2016-04-01,"전체",246,271,258,-13,-12,-25,-0.0479704797047971,-0.0465116279069767,-0.0922509225092251,47138,47410,46951,-272,187,-0.00573718624762708,0.00398287576409448
"1910","2016","전남","담양군","초등학교",2016-04-01,"여자",115,147,140,-7,-25,-32,-0.0476190476190476,-0.178571428571429,-0.217687074829932,47138,47410,46951,-272,187,-0.00573718624762708,0.00398287576409448
"1911","2016","전남","담양군","초등학교",2016-04-01,"남자",131,124,118,-6,13,7,-0.0483870967741935,0.110169491525424,0.0564516129032258,47138,47410,46951,-272,187,-0.00573718624762708,0.00398287576409448
"1912","2016","전남","곡성군","초등학교",2016-04-01,"전체",151,173,164,-9,-13,-22,-0.0520231213872832,-0.0792682926829268,-0.127167630057803,30623,31218,30905,-595,-282,-0.019059516945352,-0.00912473709755703
"1913","2016","전남","곡성군","초등학교",2016-04-01,"여자",68,83,76,-7,-8,-15,-0.0843373493975904,-0.105263157894737,-0.180722891566265,30623,31218,30905,-595,-282,-0.019059516945352,-0.00912473709755703
"1914","2016","전남","곡성군","초등학교",2016-04-01,"남자",83,90,88,-2,-5,-7,-0.0222222222222222,-0.0568181818181818,-0.0777777777777778,30623,31218,30905,-595,-282,-0.019059516945352,-0.00912473709755703
"1915","2016","전남","구례군","초등학교",2016-04-01,"전체",171,164,165,1,6,7,0.00609756097560976,0.0363636363636364,0.0426829268292683,27251,27225,27075,26,176,0.000955004591368228,0.00650046168051708
"1916","2016","전남","구례군","초등학교",2016-04-01,"여자",83,72,76,4,7,11,0.0555555555555556,0.0921052631578947,0.152777777777778,27251,27225,27075,26,176,0.000955004591368228,0.00650046168051708
"1917","2016","전남","구례군","초등학교",2016-04-01,"남자",88,92,89,-3,-1,-4,-0.0326086956521739,-0.0112359550561798,-0.0434782608695652,27251,27225,27075,26,176,0.000955004591368228,0.00650046168051708
"1918","2016","전남","고흥군","초등학교",2016-04-01,"전체",319,363,374,11,-55,-44,0.0303030303030303,-0.147058823529412,-0.121212121212121,68287,70393,69153,-2106,-866,-0.0299177475033029,-0.0125229563431811
"1919","2016","전남","고흥군","초등학교",2016-04-01,"여자",153,168,169,1,-16,-15,0.00595238095238095,-0.0946745562130177,-0.0892857142857143,68287,70393,69153,-2106,-866,-0.0299177475033029,-0.0125229563431811
"1920","2016","전남","고흥군","초등학교",2016-04-01,"남자",166,195,205,10,-39,-29,0.0512820512820513,-0.190243902439024,-0.148717948717949,68287,70393,69153,-2106,-866,-0.0299177475033029,-0.0125229563431811
"1921","2016","전남","보성군","초등학교",2016-04-01,"전체",213,278,249,-29,-36,-65,-0.10431654676259,-0.144578313253012,-0.233812949640288,45012,46309,45503,-1297,-491,-0.0280075147379559,-0.0107904973298464
"1922","2016","전남","보성군","초등학교",2016-04-01,"여자",112,137,127,-10,-15,-25,-0.072992700729927,-0.118110236220472,-0.182481751824818,45012,46309,45503,-1297,-491,-0.0280075147379559,-0.0107904973298464
"1923","2016","전남","보성군","초등학교",2016-04-01,"남자",101,141,122,-19,-21,-40,-0.134751773049645,-0.172131147540984,-0.283687943262411,45012,46309,45503,-1297,-491,-0.0280075147379559,-0.0107904973298464
"1924","2016","전남","화순군","초등학교",2016-04-01,"전체",491,551,538,-13,-47,-60,-0.0235934664246824,-0.087360594795539,-0.108892921960073,65898,67526,66224,-1628,-326,-0.0241092319995261,-0.00492268663928485
"1925","2016","전남","화순군","초등학교",2016-04-01,"여자",230,264,254,-10,-24,-34,-0.0378787878787879,-0.094488188976378,-0.128787878787879,65898,67526,66224,-1628,-326,-0.0241092319995261,-0.00492268663928485
"1926","2016","전남","화순군","초등학교",2016-04-01,"남자",261,287,284,-3,-23,-26,-0.0104529616724739,-0.0809859154929577,-0.0905923344947735,65898,67526,66224,-1628,-326,-0.0241092319995261,-0.00492268663928485
"1927","2016","전남","장흥군","초등학교",2016-04-01,"전체",236,231,243,12,-7,5,0.051948051948052,-0.0288065843621399,0.0216450216450216,41149,41729,41272,-580,-123,-0.0138992067866472,-0.00298022872649738
"1928","2016","전남","장흥군","초등학교",2016-04-01,"여자",110,115,122,7,-12,-5,0.0608695652173913,-0.0983606557377049,-0.0434782608695652,41149,41729,41272,-580,-123,-0.0138992067866472,-0.00298022872649738
"1929","2016","전남","장흥군","초등학교",2016-04-01,"남자",126,116,121,5,5,10,0.0431034482758621,0.0413223140495868,0.0862068965517241,41149,41729,41272,-580,-123,-0.0138992067866472,-0.00298022872649738
"1930","2016","전남","강진군","초등학교",2016-04-01,"전체",191,253,239,-14,-48,-62,-0.0553359683794466,-0.200836820083682,-0.245059288537549,38240,39892,39075,-1652,-835,-0.0414118118921087,-0.0213691618682022
"1931","2016","전남","강진군","초등학교",2016-04-01,"여자",97,129,123,-6,-26,-32,-0.0465116279069767,-0.211382113821138,-0.248062015503876,38240,39892,39075,-1652,-835,-0.0414118118921087,-0.0213691618682022
"1932","2016","전남","강진군","초등학교",2016-04-01,"남자",94,124,116,-8,-22,-30,-0.0645161290322581,-0.189655172413793,-0.241935483870968,38240,39892,39075,-1652,-835,-0.0414118118921087,-0.0213691618682022
"1933","2016","전남","해남군","초등학교",2016-04-01,"전체",446,492,468,-24,-22,-46,-0.0487804878048781,-0.047008547008547,-0.0934959349593496,75732,77419,76635,-1687,-903,-0.0217905165398675,-0.0117831278136622
"1934","2016","전남","해남군","초등학교",2016-04-01,"여자",221,239,233,-6,-12,-18,-0.0251046025104603,-0.0515021459227468,-0.0753138075313808,75732,77419,76635,-1687,-903,-0.0217905165398675,-0.0117831278136622
"1935","2016","전남","해남군","초등학교",2016-04-01,"남자",225,253,235,-18,-10,-28,-0.0711462450592885,-0.0425531914893617,-0.110671936758893,75732,77419,76635,-1687,-903,-0.0217905165398675,-0.0117831278136622
"1936","2016","전남","영암군","초등학교",2016-04-01,"전체",451,531,513,-18,-62,-80,-0.0338983050847458,-0.120857699805068,-0.150659133709981,58003,59250,58651,-1247,-648,-0.0210464135021097,-0.0110484049717822
"1937","2016","전남","영암군","초등학교",2016-04-01,"여자",218,256,243,-13,-25,-38,-0.05078125,-0.102880658436214,-0.1484375,58003,59250,58651,-1247,-648,-0.0210464135021097,-0.0110484049717822
"1938","2016","전남","영암군","초등학교",2016-04-01,"남자",233,275,270,-5,-37,-42,-0.0181818181818182,-0.137037037037037,-0.152727272727273,58003,59250,58651,-1247,-648,-0.0210464135021097,-0.0110484049717822
"1939","2016","전남","무안군","초등학교",2016-04-01,"전체",790,850,886,36,-96,-60,0.0423529411764706,-0.108352144469526,-0.0705882352941176,82136,80425,81857,1711,279,0.021274479328567,0.00340838291166302
"1940","2016","전남","무안군","초등학교",2016-04-01,"여자",378,419,432,13,-54,-41,0.0310262529832936,-0.125,-0.0978520286396181,82136,80425,81857,1711,279,0.021274479328567,0.00340838291166302
"1941","2016","전남","무안군","초등학교",2016-04-01,"남자",412,431,454,23,-42,-19,0.0533642691415313,-0.092511013215859,-0.0440835266821346,82136,80425,81857,1711,279,0.021274479328567,0.00340838291166302
"1942","2016","전남","함평군","초등학교",2016-04-01,"전체",165,201,205,4,-40,-36,0.0199004975124378,-0.195121951219512,-0.17910447761194,34673,35489,35006,-816,-333,-0.0229930400969314,-0.00951265497343313
"1943","2016","전남","함평군","초등학교",2016-04-01,"여자",71,78,81,3,-10,-7,0.0384615384615385,-0.123456790123457,-0.0897435897435897,34673,35489,35006,-816,-333,-0.0229930400969314,-0.00951265497343313
"1944","2016","전남","함평군","초등학교",2016-04-01,"남자",94,123,124,1,-30,-29,0.00813008130081301,-0.241935483870968,-0.235772357723577,34673,35489,35006,-816,-333,-0.0229930400969314,-0.00951265497343313
"1945","2016","전남","영광군","초등학교",2016-04-01,"전체",374,397,387,-10,-13,-23,-0.0251889168765743,-0.0335917312661499,-0.0579345088161209,56090,57359,56459,-1269,-369,-0.0221238166634704,-0.00653571618342514
"1946","2016","전남","영광군","초등학교",2016-04-01,"여자",189,190,184,-6,5,-1,-0.0315789473684211,0.0271739130434783,-0.00526315789473684,56090,57359,56459,-1269,-369,-0.0221238166634704,-0.00653571618342514
"1947","2016","전남","영광군","초등학교",2016-04-01,"남자",185,207,203,-4,-18,-22,-0.0193236714975845,-0.0886699507389163,-0.106280193236715,56090,57359,56459,-1269,-369,-0.0221238166634704,-0.00653571618342514
"1948","2016","전남","장성군","초등학교",2016-04-01,"전체",310,333,333,0,-23,-23,0,-0.0690690690690691,-0.0690690690690691,46218,46506,46043,-288,175,-0.00619274932266804,0.0038007949091067
"1949","2016","전남","장성군","초등학교",2016-04-01,"여자",155,159,156,-3,-1,-4,-0.0188679245283019,-0.00641025641025641,-0.0251572327044025,46218,46506,46043,-288,175,-0.00619274932266804,0.0038007949091067
"1950","2016","전남","장성군","초등학교",2016-04-01,"남자",155,174,177,3,-22,-19,0.0172413793103448,-0.124293785310734,-0.109195402298851,46218,46506,46043,-288,175,-0.00619274932266804,0.0038007949091067
"1951","2016","전남","완도군","초등학교",2016-04-01,"전체",323,379,388,9,-65,-56,0.0237467018469657,-0.167525773195876,-0.147757255936675,52815,53454,53079,-639,-264,-0.0119542036143226,-0.00497371841971401
"1952","2016","전남","완도군","초등학교",2016-04-01,"여자",173,193,200,7,-27,-20,0.0362694300518135,-0.135,-0.103626943005181,52815,53454,53079,-639,-264,-0.0119542036143226,-0.00497371841971401
"1953","2016","전남","완도군","초등학교",2016-04-01,"남자",150,186,188,2,-38,-36,0.010752688172043,-0.202127659574468,-0.193548387096774,52815,53454,53079,-639,-264,-0.0119542036143226,-0.00497371841971401
"1954","2016","전남","진도군","초등학교",2016-04-01,"전체",208,205,202,-3,6,3,-0.0146341463414634,0.0297029702970297,0.0146341463414634,32299,32945,32544,-646,-245,-0.019608438306268,-0.00752826941986234
"1955","2016","전남","진도군","초등학교",2016-04-01,"여자",100,101,101,0,-1,-1,0,-0.0099009900990099,-0.0099009900990099,32299,32945,32544,-646,-245,-0.019608438306268,-0.00752826941986234
"1956","2016","전남","진도군","초등학교",2016-04-01,"남자",108,104,101,-3,7,4,-0.0288461538461538,0.0693069306930693,0.0384615384615385,32299,32945,32544,-646,-245,-0.019608438306268,-0.00752826941986234
"1957","2016","전남","신안군","초등학교",2016-04-01,"전체",155,201,195,-6,-40,-46,-0.0298507462686567,-0.205128205128205,-0.228855721393035,43166,44427,43659,-1261,-493,-0.0283836405789272,-0.0112920589111065
"1958","2016","전남","신안군","초등학교",2016-04-01,"여자",80,98,99,1,-19,-18,0.0102040816326531,-0.191919191919192,-0.183673469387755,43166,44427,43659,-1261,-493,-0.0283836405789272,-0.0112920589111065
"1959","2016","전남","신안군","초등학교",2016-04-01,"남자",75,103,96,-7,-21,-28,-0.0679611650485437,-0.21875,-0.271844660194175,43166,44427,43659,-1261,-493,-0.0283836405789272,-0.0112920589111065
"1960","2016","경북","포항시","초등학교",2016-04-01,"전체",4357,4436,4478,42,-121,-79,0.00946798917944094,-0.0270209915140688,-0.0178088367899008,518152,519111,517974,-959,178,-0.00184738909404732,0.0003436465923
"1961","2016","경북","포항시","초등학교",2016-04-01,"여자",2084,2078,2100,22,-16,6,0.0105871029836381,-0.00761904761904762,0.00288739172281039,518152,519111,517974,-959,178,-0.00184738909404732,0.0003436465923
"1962","2016","경북","포항시","초등학교",2016-04-01,"남자",2273,2358,2378,20,-105,-85,0.00848176420695505,-0.0441547518923465,-0.036047497879559,518152,519111,517974,-959,178,-0.00184738909404732,0.0003436465923
"1963","2016","경북","경주시","초등학교",2016-04-01,"전체",1909,1953,1938,-15,-29,-44,-0.00768049155145929,-0.0149638802889577,-0.0225294418842806,260071,262905,260904,-2834,-833,-0.0107795591563493,-0.00319274522429706
"1964","2016","경북","경주시","초등학교",2016-04-01,"여자",919,934,927,-7,-8,-15,-0.00749464668094218,-0.00862998921251348,-0.0160599571734475,260071,262905,260904,-2834,-833,-0.0107795591563493,-0.00319274522429706
"1965","2016","경북","경주시","초등학교",2016-04-01,"남자",990,1019,1011,-8,-21,-29,-0.00785083415112856,-0.0207715133531157,-0.028459273797841,260071,262905,260904,-2834,-833,-0.0107795591563493,-0.00319274522429706
"1966","2016","경북","김천시","초등학교",2016-04-01,"전체",1023,1043,1049,6,-26,-20,0.00575263662511985,-0.0247855100095329,-0.0191754554170662,141054,134737,135293,6317,5761,0.0468839294328952,0.0425816561093331
"1967","2016","경북","김천시","초등학교",2016-04-01,"여자",490,505,504,-1,-14,-15,-0.00198019801980198,-0.0277777777777778,-0.0297029702970297,141054,134737,135293,6317,5761,0.0468839294328952,0.0425816561093331
"1968","2016","경북","김천시","초등학교",2016-04-01,"남자",533,538,545,7,-12,-5,0.0130111524163569,-0.0220183486238532,-0.00929368029739777,141054,134737,135293,6317,5761,0.0468839294328952,0.0425816561093331
"1969","2016","경북","안동시","초등학교",2016-04-01,"전체",1299,1309,1302,-7,-3,-10,-0.0053475935828877,-0.00230414746543779,-0.00763941940412529,168758,167743,168224,1015,534,0.00605092313837239,0.00317433897660263
"1970","2016","경북","안동시","초등학교",2016-04-01,"여자",636,626,615,-11,21,10,-0.0175718849840256,0.0341463414634146,0.0159744408945687,168758,167743,168224,1015,534,0.00605092313837239,0.00317433897660263
"1971","2016","경북","안동시","초등학교",2016-04-01,"남자",663,683,687,4,-24,-20,0.00585651537335286,-0.0349344978165939,-0.0292825768667643,168758,167743,168224,1015,534,0.00605092313837239,0.00317433897660263
"1972","2016","경북","구미시","초등학교",2016-04-01,"전체",4415,4472,4408,-64,7,-57,-0.0143112701252236,0.00158802177858439,-0.0127459749552773,420291,419718,421281,573,-990,0.00136520235014939,-0.00234997543207503
"1973","2016","경북","구미시","초등학교",2016-04-01,"여자",2097,2220,2187,-33,-90,-123,-0.0148648648648649,-0.0411522633744856,-0.0554054054054054,420291,419718,421281,573,-990,0.00136520235014939,-0.00234997543207503
"1974","2016","경북","구미시","초등학교",2016-04-01,"남자",2318,2252,2221,-31,97,66,-0.013765541740675,0.0436740207113913,0.0293072824156306,420291,419718,421281,573,-990,0.00136520235014939,-0.00234997543207503
"1975","2016","경북","영주시","초등학교",2016-04-01,"전체",788,756,764,8,24,32,0.0105820105820106,0.031413612565445,0.0423280423280423,109379,111701,110436,-2322,-1057,-0.0207876384275879,-0.00957115433373175
"1976","2016","경북","영주시","초등학교",2016-04-01,"여자",391,379,383,4,8,12,0.0105540897097625,0.02088772845953,0.0316622691292876,109379,111701,110436,-2322,-1057,-0.0207876384275879,-0.00957115433373175
"1977","2016","경북","영주시","초등학교",2016-04-01,"남자",397,377,381,4,16,20,0.0106100795755968,0.041994750656168,0.0530503978779841,109379,111701,110436,-2322,-1057,-0.0207876384275879,-0.00957115433373175
"1978","2016","경북","영천시","초등학교",2016-04-01,"전체",577,606,613,7,-36,-29,0.0115511551155116,-0.0587275693311582,-0.0478547854785479,100527,100251,100595,276,-68,0.0027530897447407,-0.000675977931308713
"1979","2016","경북","영천시","초등학교",2016-04-01,"여자",252,287,291,4,-39,-35,0.0139372822299652,-0.134020618556701,-0.121951219512195,100527,100251,100595,276,-68,0.0027530897447407,-0.000675977931308713
"1980","2016","경북","영천시","초등학교",2016-04-01,"남자",325,319,322,3,3,6,0.00940438871473354,0.0093167701863354,0.0188087774294671,100527,100251,100595,276,-68,0.0027530897447407,-0.000675977931308713
"1981","2016","경북","상주시","초등학교",2016-04-01,"전체",663,664,658,-6,5,-1,-0.00903614457831325,0.00759878419452888,-0.00150602409638554,102134,103484,102438,-1350,-304,-0.013045494955742,-0.00296764872410629
"1982","2016","경북","상주시","초등학교",2016-04-01,"여자",321,320,314,-6,7,1,-0.01875,0.0222929936305732,0.003125,102134,103484,102438,-1350,-304,-0.013045494955742,-0.00296764872410629
"1983","2016","경북","상주시","초등학교",2016-04-01,"남자",342,344,344,0,-2,-2,0,-0.00581395348837209,-0.00581395348837209,102134,103484,102438,-1350,-304,-0.013045494955742,-0.00296764872410629
"1984","2016","경북","문경시","초등학교",2016-04-01,"전체",456,458,459,1,-3,-2,0.00218340611353712,-0.0065359477124183,-0.00436681222707424,75370,75746,75637,-376,-267,-0.00496395849285771,-0.00353001837724923
"1985","2016","경북","문경시","초등학교",2016-04-01,"여자",207,215,217,2,-10,-8,0.00930232558139535,-0.0460829493087558,-0.0372093023255814,75370,75746,75637,-376,-267,-0.00496395849285771,-0.00353001837724923
"1986","2016","경북","문경시","초등학교",2016-04-01,"남자",249,243,242,-1,7,6,-0.00411522633744856,0.0289256198347107,0.0246913580246914,75370,75746,75637,-376,-267,-0.00496395849285771,-0.00353001837724923
"1987","2016","경북","경산시","초등학교",2016-04-01,"전체",2159,2284,2256,-28,-97,-125,-0.0122591943957968,-0.0429964539007092,-0.0547285464098074,257456,249491,255259,7965,2197,0.0319249992985719,0.00860694431929922
"1988","2016","경북","경산시","초등학교",2016-04-01,"여자",1048,1104,1094,-10,-46,-56,-0.00905797101449275,-0.0420475319926874,-0.0507246376811594,257456,249491,255259,7965,2197,0.0319249992985719,0.00860694431929922
"1989","2016","경북","경산시","초등학교",2016-04-01,"남자",1111,1180,1162,-18,-51,-69,-0.0152542372881356,-0.0438898450946644,-0.0584745762711864,257456,249491,255259,7965,2197,0.0319249992985719,0.00860694431929922
"1990","2016","경북","군위군","초등학교",2016-04-01,"전체",70,72,66,-6,4,-2,-0.0833333333333333,0.0606060606060606,-0.0277777777777778,24099,24435,24018,-336,81,-0.0137507673419276,0.00337247064701474
"1991","2016","경북","군위군","초등학교",2016-04-01,"여자",31,33,31,-2,0,-2,-0.0606060606060606,0,-0.0606060606060606,24099,24435,24018,-336,81,-0.0137507673419276,0.00337247064701474
"1992","2016","경북","군위군","초등학교",2016-04-01,"남자",39,39,35,-4,4,0,-0.102564102564103,0.114285714285714,0,24099,24435,24018,-336,81,-0.0137507673419276,0.00337247064701474
"1993","2016","경북","의성군","초등학교",2016-04-01,"전체",192,209,206,-3,-14,-17,-0.0143540669856459,-0.0679611650485437,-0.0813397129186603,54298,55851,54860,-1553,-562,-0.0278061270165261,-0.0102442581115567
"1994","2016","경북","의성군","초등학교",2016-04-01,"여자",99,110,108,-2,-9,-11,-0.0181818181818182,-0.0833333333333333,-0.1,54298,55851,54860,-1553,-562,-0.0278061270165261,-0.0102442581115567
"1995","2016","경북","의성군","초등학교",2016-04-01,"남자",93,99,98,-1,-5,-6,-0.0101010101010101,-0.0510204081632653,-0.0606060606060606,54298,55851,54860,-1553,-562,-0.0278061270165261,-0.0102442581115567
"1996","2016","경북","청송군","초등학교",2016-04-01,"전체",104,101,105,4,-1,3,0.0396039603960396,-0.00952380952380952,0.0297029702970297,26335,26526,26383,-191,-48,-0.00720048254542713,-0.00181935337148922
"1997","2016","경북","청송군","초등학교",2016-04-01,"여자",57,54,56,2,1,3,0.037037037037037,0.0178571428571429,0.0555555555555556,26335,26526,26383,-191,-48,-0.00720048254542713,-0.00181935337148922
"1998","2016","경북","청송군","초등학교",2016-04-01,"남자",47,47,49,2,-2,0,0.0425531914893617,-0.0408163265306122,0,26335,26526,26383,-191,-48,-0.00720048254542713,-0.00181935337148922
"1999","2016","경북","영양군","초등학교",2016-04-01,"전체",81,89,94,5,-13,-8,0.0561797752808989,-0.138297872340426,-0.0898876404494382,17782,18338,18043,-556,-261,-0.0303195550223579,-0.0144654436623621
"2000","2016","경북","영양군","초등학교",2016-04-01,"여자",36,42,44,2,-8,-6,0.0476190476190476,-0.181818181818182,-0.142857142857143,17782,18338,18043,-556,-261,-0.0303195550223579,-0.0144654436623621
"2001","2016","경북","영양군","초등학교",2016-04-01,"남자",45,47,50,3,-5,-2,0.0638297872340425,-0.1,-0.0425531914893617,17782,18338,18043,-556,-261,-0.0303195550223579,-0.0144654436623621
"2002","2016","경북","영덕군","초등학교",2016-04-01,"전체",194,197,195,-2,-1,-3,-0.0101522842639594,-0.00512820512820513,-0.0152284263959391,39162,40043,39421,-881,-259,-0.0220013485503084,-0.00657010222977601
"2003","2016","경북","영덕군","초등학교",2016-04-01,"여자",92,102,100,-2,-8,-10,-0.0196078431372549,-0.08,-0.0980392156862745,39162,40043,39421,-881,-259,-0.0220013485503084,-0.00657010222977601
"2004","2016","경북","영덕군","초등학교",2016-04-01,"남자",102,95,95,0,7,7,0,0.0736842105263158,0.0736842105263158,39162,40043,39421,-881,-259,-0.0220013485503084,-0.00657010222977601
"2005","2016","경북","청도군","초등학교",2016-04-01,"전체",176,196,193,-3,-17,-20,-0.0153061224489796,-0.0880829015544041,-0.102040816326531,43680,43826,43793,-146,-113,-0.00333135581618218,-0.00258032105587651
"2006","2016","경북","청도군","초등학교",2016-04-01,"여자",89,88,90,2,-1,1,0.0227272727272727,-0.0111111111111111,0.0113636363636364,43680,43826,43793,-146,-113,-0.00333135581618218,-0.00258032105587651
"2007","2016","경북","청도군","초등학교",2016-04-01,"남자",87,108,103,-5,-16,-21,-0.0462962962962963,-0.155339805825243,-0.194444444444444,43680,43826,43793,-146,-113,-0.00333135581618218,-0.00258032105587651
"2008","2016","경북","고령군","초등학교",2016-04-01,"전체",213,256,247,-9,-34,-43,-0.03515625,-0.137651821862348,-0.16796875,34463,35099,34740,-636,-277,-0.018120174363942,-0.00797351755900979
"2009","2016","경북","고령군","초등학교",2016-04-01,"여자",99,130,122,-8,-23,-31,-0.0615384615384615,-0.188524590163934,-0.238461538461538,34463,35099,34740,-636,-277,-0.018120174363942,-0.00797351755900979
"2010","2016","경북","고령군","초등학교",2016-04-01,"남자",114,126,125,-1,-11,-12,-0.00793650793650794,-0.088,-0.0952380952380952,34463,35099,34740,-636,-277,-0.018120174363942,-0.00797351755900979
"2011","2016","경북","성주군","초등학교",2016-04-01,"전체",217,235,226,-9,-9,-18,-0.0382978723404255,-0.0398230088495575,-0.0765957446808511,44961,44961,44845,0,116,0,0.00258668747909466
"2012","2016","경북","성주군","초등학교",2016-04-01,"여자",93,107,106,-1,-13,-14,-0.00934579439252336,-0.122641509433962,-0.130841121495327,44961,44961,44845,0,116,0,0.00258668747909466
"2013","2016","경북","성주군","초등학교",2016-04-01,"남자",124,128,120,-8,4,-4,-0.0625,0.0333333333333333,-0.03125,44961,44961,44845,0,116,0,0.00258668747909466
"2014","2016","경북","칠곡군","초등학교",2016-04-01,"전체",1213,1269,1261,-8,-48,-56,-0.00630417651694247,-0.0380650277557494,-0.0441292356185973,122476,121496,121695,980,781,0.00806610917231843,0.00641768355314516
"2015","2016","경북","칠곡군","초등학교",2016-04-01,"여자",590,596,601,5,-11,-6,0.00838926174496644,-0.0183028286189684,-0.0100671140939597,122476,121496,121695,980,781,0.00806610917231843,0.00641768355314516
"2016","2016","경북","칠곡군","초등학교",2016-04-01,"남자",623,673,660,-13,-37,-50,-0.0193164933135215,-0.0560606060606061,-0.0742942050520059,122476,121496,121695,980,781,0.00806610917231843,0.00641768355314516
"2017","2016","경북","예천군","초등학교",2016-04-01,"전체",242,266,263,-3,-21,-24,-0.0112781954887218,-0.0798479087452472,-0.0902255639097744,45294,45467,44931,-173,363,-0.00380495744166098,0.00807905455031048
"2018","2016","경북","예천군","초등학교",2016-04-01,"여자",105,117,116,-1,-11,-12,-0.00854700854700855,-0.0948275862068965,-0.102564102564103,45294,45467,44931,-173,363,-0.00380495744166098,0.00807905455031048
"2019","2016","경북","예천군","초등학교",2016-04-01,"남자",137,149,147,-2,-10,-12,-0.0134228187919463,-0.0680272108843537,-0.0805369127516778,45294,45467,44931,-173,363,-0.00380495744166098,0.00807905455031048
"2020","2016","경북","봉화군","초등학교",2016-04-01,"전체",157,196,184,-12,-27,-39,-0.0612244897959184,-0.146739130434783,-0.198979591836735,33683,34037,33853,-354,-170,-0.0104004465728472,-0.00502171151744306
"2021","2016","경북","봉화군","초등학교",2016-04-01,"여자",69,78,71,-7,-2,-9,-0.0897435897435897,-0.028169014084507,-0.115384615384615,33683,34037,33853,-354,-170,-0.0104004465728472,-0.00502171151744306
"2022","2016","경북","봉화군","초등학교",2016-04-01,"남자",88,118,113,-5,-25,-30,-0.0423728813559322,-0.221238938053097,-0.254237288135593,33683,34037,33853,-354,-170,-0.0104004465728472,-0.00502171151744306
"2023","2016","경북","울진군","초등학교",2016-04-01,"전체",334,386,374,-12,-40,-52,-0.0310880829015544,-0.106951871657754,-0.134715025906736,51671,51958,51957,-287,-286,-0.00552369221294122,-0.0055045518409454
"2024","2016","경북","울진군","초등학교",2016-04-01,"여자",162,186,174,-12,-12,-24,-0.0645161290322581,-0.0689655172413793,-0.129032258064516,51671,51958,51957,-287,-286,-0.00552369221294122,-0.0055045518409454
"2025","2016","경북","울진군","초등학교",2016-04-01,"남자",172,200,200,0,-28,-28,0,-0.14,-0.14,51671,51958,51957,-287,-286,-0.00552369221294122,-0.0055045518409454
"2026","2016","경북","울릉군","초등학교",2016-04-01,"전체",41,45,45,0,-4,-4,0,-0.0888888888888889,-0.0888888888888889,10142,10514,10257,-372,-115,-0.0353813962335933,-0.0112118553183192
"2027","2016","경북","울릉군","초등학교",2016-04-01,"여자",20,19,19,0,1,1,0,0.0526315789473684,0.0526315789473684,10142,10514,10257,-372,-115,-0.0353813962335933,-0.0112118553183192
"2028","2016","경북","울릉군","초등학교",2016-04-01,"남자",21,26,26,0,-5,-5,0,-0.192307692307692,-0.192307692307692,10142,10514,10257,-372,-115,-0.0353813962335933,-0.0112118553183192
"2029","2016","경남","창원시","초등학교",2016-04-01,"전체",9438,19430,19098,-332,-9660,-9992,-0.0170869788986104,-0.505812126924285,-0.514256304683479,1069043,1078565,1073138,-9522,-4095,-0.00882839699044564,-0.00381591183985657
"2030","2016","경남","창원시","초등학교",2016-04-01,"여자",4559,9292,9146,-146,-4587,-4733,-0.0157124408092983,-0.501530723813689,-0.50936289281102,1069043,1078565,1073138,-9522,-4095,-0.00882839699044564,-0.00381591183985657
"2031","2016","경남","창원시","초등학교",2016-04-01,"남자",4879,10138,9952,-186,-5073,-5259,-0.0183468139672519,-0.509746784565916,-0.518741369106333,1069043,1078565,1073138,-9522,-4095,-0.00882839699044564,-0.00381591183985657
"2032","2016","경남","진주시","초등학교",2016-04-01,"전체",3087,2899,3059,160,28,188,0.0551914453259745,0.0091533180778032,0.06484994825802,346190,337665,341700,8525,4490,0.0252469163223905,0.0131401814457126
"2033","2016","경남","진주시","초등학교",2016-04-01,"여자",1435,1364,1430,66,5,71,0.0483870967741935,0.0034965034965035,0.0520527859237537,346190,337665,341700,8525,4490,0.0252469163223905,0.0131401814457126
"2034","2016","경남","진주시","초등학교",2016-04-01,"남자",1652,1535,1629,94,23,117,0.0612377850162866,0.0141190914671578,0.0762214983713355,346190,337665,341700,8525,4490,0.0252469163223905,0.0131401814457126
"2035","2016","경남","통영시","초등학교",2016-04-01,"전체",1419,1476,1467,-9,-48,-57,-0.00609756097560976,-0.032719836400818,-0.0386178861788618,138883,139395,139344,-512,-461,-0.00367301553140357,-0.00330835916867608
"2036","2016","경남","통영시","초등학교",2016-04-01,"여자",657,698,700,2,-43,-41,0.00286532951289398,-0.0614285714285714,-0.0587392550143266,138883,139395,139344,-512,-461,-0.00367301553140357,-0.00330835916867608
"2037","2016","경남","통영시","초등학교",2016-04-01,"남자",762,778,767,-11,-5,-16,-0.0141388174807198,-0.00651890482398957,-0.0205655526992288,138883,139395,139344,-512,-461,-0.00367301553140357,-0.00330835916867608
"2038","2016","경남","사천시","초등학교",2016-04-01,"전체",1114,1232,1192,-40,-78,-118,-0.0324675324675325,-0.0654362416107383,-0.0957792207792208,115097,116886,116102,-1789,-1005,-0.0153055113529422,-0.00865618163339133
"2039","2016","경남","사천시","초등학교",2016-04-01,"여자",566,629,608,-21,-42,-63,-0.0333863275039746,-0.0690789473684211,-0.100158982511924,115097,116886,116102,-1789,-1005,-0.0153055113529422,-0.00865618163339133
"2040","2016","경남","사천시","초등학교",2016-04-01,"남자",548,603,584,-19,-36,-55,-0.0315091210613599,-0.0616438356164384,-0.0912106135986733,115097,116886,116102,-1789,-1005,-0.0153055113529422,-0.00865618163339133
"2041","2016","경남","김해시","초등학교",2016-04-01,"전체",5702,5774,5754,-20,-52,-72,-0.00346380325597506,-0.00903719151894334,-0.0124696917215102,528749,524709,527275,4040,1474,0.00769950582132191,0.00279550519178797
"2042","2016","경남","김해시","초등학교",2016-04-01,"여자",2763,2781,2762,-19,1,-18,-0.00683207479323984,0.000362056480811006,-0.00647249190938511,528749,524709,527275,4040,1474,0.00769950582132191,0.00279550519178797
"2043","2016","경남","김해시","초등학교",2016-04-01,"남자",2939,2993,2992,-1,-53,-54,-0.000334112930170398,-0.0177139037433155,-0.0180420982292015,528749,524709,527275,4040,1474,0.00769950582132191,0.00279550519178797
"2044","2016","경남","밀양시","초등학교",2016-04-01,"전체",636,614,629,15,7,22,0.0244299674267101,0.0111287758346582,0.0358306188925081,107872,107908,107595,-36,277,-0.000333617526040701,0.00257446907384172
"2045","2016","경남","밀양시","초등학교",2016-04-01,"여자",304,286,298,12,6,18,0.041958041958042,0.0201342281879195,0.0629370629370629,107872,107908,107595,-36,277,-0.000333617526040701,0.00257446907384172
"2046","2016","경남","밀양시","초등학교",2016-04-01,"남자",332,328,331,3,1,4,0.00914634146341463,0.00302114803625378,0.0121951219512195,107872,107908,107595,-36,277,-0.000333617526040701,0.00257446907384172
"2047","2016","경남","거제시","초등학교",2016-04-01,"전체",3054,3135,3163,28,-109,-81,0.00893141945773525,-0.0344609547897566,-0.0258373205741627,257327,243736,251563,13591,5764,0.055761151409722,0.0229127494901873
"2048","2016","경남","거제시","초등학교",2016-04-01,"여자",1459,1498,1531,33,-72,-39,0.0220293724966622,-0.0470280862181581,-0.0260347129506008,257327,243736,251563,13591,5764,0.055761151409722,0.0229127494901873
"2049","2016","경남","거제시","초등학교",2016-04-01,"남자",1595,1637,1632,-5,-37,-42,-0.0030543677458766,-0.022671568627451,-0.0256566890653635,257327,243736,251563,13591,5764,0.055761151409722,0.0229127494901873
"2050","2016","경남","양산시","초등학교",2016-04-01,"전체",3101,2986,3133,147,-32,115,0.0492297387809779,-0.010213852537504,0.0385130609511052,304872,283672,296138,21200,8734,0.0747342000620435,0.0294930066387968
"2051","2016","경남","양산시","초등학교",2016-04-01,"여자",1515,1464,1521,57,-6,51,0.0389344262295082,-0.00394477317554241,0.0348360655737705,304872,283672,296138,21200,8734,0.0747342000620435,0.0294930066387968
"2052","2016","경남","양산시","초등학교",2016-04-01,"남자",1586,1522,1612,90,-26,64,0.0591327201051248,-0.0161290322580645,0.0420499342969777,304872,283672,296138,21200,8734,0.0747342000620435,0.0294930066387968
"2053","2016","경남","의령군","초등학교",2016-04-01,"전체",144,184,172,-12,-28,-40,-0.0652173913043478,-0.162790697674419,-0.217391304347826,28266,29548,28948,-1282,-682,-0.043387031271152,-0.0235594859748515
"2054","2016","경남","의령군","초등학교",2016-04-01,"여자",64,92,84,-8,-20,-28,-0.0869565217391304,-0.238095238095238,-0.304347826086957,28266,29548,28948,-1282,-682,-0.043387031271152,-0.0235594859748515
"2055","2016","경남","의령군","초등학교",2016-04-01,"남자",80,92,88,-4,-8,-12,-0.0434782608695652,-0.0909090909090909,-0.130434782608696,28266,29548,28948,-1282,-682,-0.043387031271152,-0.0235594859748515
"2056","2016","경남","함안군","초등학교",2016-04-01,"전체",649,605,635,30,14,44,0.0495867768595041,0.0220472440944882,0.0727272727272727,68931,68005,68737,926,194,0.0136166458348651,0.00282235186289771
"2057","2016","경남","함안군","초등학교",2016-04-01,"여자",317,284,306,22,11,33,0.0774647887323944,0.0359477124183007,0.116197183098592,68931,68005,68737,926,194,0.0136166458348651,0.00282235186289771
"2058","2016","경남","함안군","초등학교",2016-04-01,"남자",332,321,329,8,3,11,0.0249221183800623,0.00911854103343465,0.0342679127725857,68931,68005,68737,926,194,0.0136166458348651,0.00282235186289771
"2059","2016","경남","창녕군","초등학교",2016-04-01,"전체",355,353,360,7,-5,2,0.0198300283286119,-0.0138888888888889,0.0056657223796034,63740,63539,63635,201,105,0.003163411448087,0.00165003535790053
"2060","2016","경남","창녕군","초등학교",2016-04-01,"여자",162,175,176,1,-14,-13,0.00571428571428571,-0.0795454545454545,-0.0742857142857143,63740,63539,63635,201,105,0.003163411448087,0.00165003535790053
"2061","2016","경남","창녕군","초등학교",2016-04-01,"남자",193,178,184,6,9,15,0.0337078651685393,0.0489130434782609,0.0842696629213483,63740,63539,63635,201,105,0.003163411448087,0.00165003535790053
"2062","2016","경남","고성군","초등학교",2016-04-01,"전체",371,387,394,7,-23,-16,0.0180878552971576,-0.0583756345177665,-0.041343669250646,55013,56350,55591,-1337,-578,-0.0237267080745342,-0.0103973664801856
"2063","2016","경남","고성군","초등학교",2016-04-01,"여자",180,173,180,7,0,7,0.0404624277456647,0,0.0404624277456647,55013,56350,55591,-1337,-578,-0.0237267080745342,-0.0103973664801856
"2064","2016","경남","고성군","초등학교",2016-04-01,"남자",191,214,214,0,-23,-23,0,-0.107476635514019,-0.107476635514019,55013,56350,55591,-1337,-578,-0.0237267080745342,-0.0103973664801856
"2065","2016","경남","남해군","초등학교",2016-04-01,"전체",226,221,222,1,4,5,0.00452488687782805,0.018018018018018,0.0226244343891403,45581,47118,46357,-1537,-776,-0.0326202300606987,-0.0167396509696486
"2066","2016","경남","남해군","초등학교",2016-04-01,"여자",94,106,107,1,-13,-12,0.00943396226415094,-0.121495327102804,-0.113207547169811,45581,47118,46357,-1537,-776,-0.0326202300606987,-0.0167396509696486
"2067","2016","경남","남해군","초등학교",2016-04-01,"남자",132,115,115,0,17,17,0,0.147826086956522,0.147826086956522,45581,47118,46357,-1537,-776,-0.0326202300606987,-0.0167396509696486
"2068","2016","경남","하동군","초등학교",2016-04-01,"전체",220,277,269,-8,-49,-57,-0.0288808664259928,-0.182156133828996,-0.205776173285199,49643,50014,49826,-371,-183,-0.00741792298156516,-0.0036727812788504
"2069","2016","경남","하동군","초등학교",2016-04-01,"여자",129,152,141,-11,-12,-23,-0.0723684210526316,-0.0851063829787234,-0.151315789473684,49643,50014,49826,-371,-183,-0.00741792298156516,-0.0036727812788504
"2070","2016","경남","하동군","초등학교",2016-04-01,"남자",91,125,128,3,-37,-34,0.024,-0.2890625,-0.272,49643,50014,49826,-371,-183,-0.00741792298156516,-0.0036727812788504
"2071","2016","경남","산청군","초등학교",2016-04-01,"전체",163,193,181,-12,-18,-30,-0.0621761658031088,-0.0994475138121547,-0.155440414507772,35974,35960,36141,14,-167,0.000389321468298109,-0.0046207907916217
"2072","2016","경남","산청군","초등학교",2016-04-01,"여자",81,88,80,-8,1,-7,-0.0909090909090909,0.0125,-0.0795454545454545,35974,35960,36141,14,-167,0.000389321468298109,-0.0046207907916217
"2073","2016","경남","산청군","초등학교",2016-04-01,"남자",82,105,101,-4,-19,-23,-0.0380952380952381,-0.188118811881188,-0.219047619047619,35974,35960,36141,14,-167,0.000389321468298109,-0.0046207907916217
"2074","2016","경남","함양군","초등학교",2016-04-01,"전체",242,262,257,-5,-15,-20,-0.0190839694656489,-0.0583657587548638,-0.0763358778625954,40213,40720,40351,-507,-138,-0.012450884086444,-0.00341998959133603
"2075","2016","경남","함양군","초등학교",2016-04-01,"여자",126,129,126,-3,0,-3,-0.0232558139534884,0,-0.0232558139534884,40213,40720,40351,-507,-138,-0.012450884086444,-0.00341998959133603
"2076","2016","경남","함양군","초등학교",2016-04-01,"남자",116,133,131,-2,-15,-17,-0.0150375939849624,-0.114503816793893,-0.12781954887218,40213,40720,40351,-507,-138,-0.012450884086444,-0.00341998959133603
"2077","2016","경남","거창군","초등학교",2016-04-01,"전체",489,446,458,12,31,43,0.0269058295964126,0.0676855895196507,0.0964125560538117,63127,63270,63073,-143,54,-0.00226015489173384,0.000856150809379608
"2078","2016","경남","거창군","초등학교",2016-04-01,"여자",227,210,216,6,11,17,0.0285714285714286,0.0509259259259259,0.080952380952381,63127,63270,63073,-143,54,-0.00226015489173384,0.000856150809379608
"2079","2016","경남","거창군","초등학교",2016-04-01,"남자",262,236,242,6,20,26,0.0254237288135593,0.0826446280991736,0.110169491525424,63127,63270,63073,-143,54,-0.00226015489173384,0.000856150809379608
"2080","2016","경남","합천군","초등학교",2016-04-01,"전체",209,229,231,2,-22,-20,0.00873362445414847,-0.0952380952380952,-0.0873362445414847,48137,49920,49088,-1783,-951,-0.0357171474358974,-0.019373370273794
"2081","2016","경남","합천군","초등학교",2016-04-01,"여자",114,115,109,-6,5,-1,-0.0521739130434783,0.0458715596330275,-0.00869565217391304,48137,49920,49088,-1783,-951,-0.0357171474358974,-0.019373370273794
"2082","2016","경남","합천군","초등학교",2016-04-01,"남자",95,114,122,8,-27,-19,0.0701754385964912,-0.221311475409836,-0.166666666666667,48137,49920,49088,-1783,-951,-0.0357171474358974,-0.019373370273794
"2083","2016","제주","제주시","초등학교",2016-04-01,"전체",4772,4577,4734,157,38,195,0.0343019445051344,0.0080270384452894,0.0426043259777147,463921,441387,452584,22534,11337,0.051052704316167,0.0250494935746734
"2084","2016","제주","제주시","초등학교",2016-04-01,"여자",2270,2178,2249,71,21,92,0.0325987144168962,0.00933748332592263,0.0422405876951331,463921,441387,452584,22534,11337,0.051052704316167,0.0250494935746734
"2085","2016","제주","제주시","초등학교",2016-04-01,"남자",2502,2399,2485,86,17,103,0.0358482701125469,0.006841046277666,0.0429345560650271,463921,441387,452584,22534,11337,0.051052704316167,0.0250494935746734
"2086","2016","제주","서귀포시","초등학교",2016-04-01,"전체",1406,1340,1373,33,33,66,0.0246268656716418,0.0240349599417334,0.0492537313432836,167140,156628,159921,10512,7219,0.0671144367546033,0.0451410383877039
"2087","2016","제주","서귀포시","초등학교",2016-04-01,"여자",695,676,684,8,11,19,0.0118343195266272,0.0160818713450292,0.0281065088757396,167140,156628,159921,10512,7219,0.0671144367546033,0.0451410383877039
"2088","2016","제주","서귀포시","초등학교",2016-04-01,"남자",711,664,689,25,22,47,0.0376506024096386,0.0319303338171263,0.0707831325301205,167140,156628,159921,10512,7219,0.0671144367546033,0.0451410383877039
"2089","2017","서울","종로구","초등학교",2017-04-01,"전체",927,939,947,8,-20,-12,0.00851970181043664,-0.0211193241816262,-0.012779552715655,153937,156410,154919,-2473,-982,-0.0158110095262451,-0.00633879640328172
"2090","2017","서울","종로구","초등학교",2017-04-01,"여자",466,449,443,-6,23,17,-0.0133630289532294,0.0519187358916479,0.0378619153674833,153937,156410,154919,-2473,-982,-0.0158110095262451,-0.00633879640328172
"2091","2017","서울","종로구","초등학교",2017-04-01,"남자",461,490,504,14,-43,-29,0.0285714285714286,-0.0853174603174603,-0.0591836734693878,153937,156410,154919,-2473,-982,-0.0158110095262451,-0.00633879640328172
"2092","2017","서울","중구","초등학교",2017-04-01,"전체",858,870,830,-40,28,-12,-0.0459770114942529,0.0337349397590361,-0.0137931034482759,124072,127628,125786,-3556,-1714,-0.0278622245902153,-0.013626317714213
"2093","2017","서울","중구","초등학교",2017-04-01,"여자",414,426,409,-17,5,-12,-0.039906103286385,0.0122249388753056,-0.028169014084507,124072,127628,125786,-3556,-1714,-0.0278622245902153,-0.013626317714213
"2094","2017","서울","중구","초등학교",2017-04-01,"남자",444,444,421,-23,23,0,-0.0518018018018018,0.0546318289786223,0,124072,127628,125786,-3556,-1714,-0.0278622245902153,-0.013626317714213
"2095","2017","서울","용산구","초등학교",2017-04-01,"전체",1250,1768,1705,-63,-455,-518,-0.0356334841628959,-0.266862170087977,-0.292986425339367,229062,235595,232543,-6533,-3481,-0.0277297905303593,-0.0149692744997699
"2096","2017","서울","용산구","초등학교",2017-04-01,"여자",620,858,816,-42,-196,-238,-0.048951048951049,-0.240196078431373,-0.277389277389277,229062,235595,232543,-6533,-3481,-0.0277297905303593,-0.0149692744997699
"2097","2017","서울","용산구","초등학교",2017-04-01,"남자",630,910,889,-21,-259,-280,-0.0230769230769231,-0.291338582677165,-0.307692307692308,229062,235595,232543,-6533,-3481,-0.0277297905303593,-0.0149692744997699
"2098","2017","서울","성동구","초등학교",2017-04-01,"전체",2105,2397,2329,-68,-224,-292,-0.0283687943262411,-0.0961786174323744,-0.121818940342094,303576,296184,296594,7392,6982,0.0249574588769144,0.0235405975845769
"2099","2017","서울","성동구","초등학교",2017-04-01,"여자",1014,1183,1150,-33,-136,-169,-0.0278951817413356,-0.118260869565217,-0.142857142857143,303576,296184,296594,7392,6982,0.0249574588769144,0.0235405975845769
"2100","2017","서울","성동구","초등학교",2017-04-01,"남자",1091,1214,1179,-35,-88,-123,-0.028830313014827,-0.0746395250212044,-0.101317957166392,303576,296184,296594,7392,6982,0.0249574588769144,0.0235405975845769
"2101","2017","서울","광진구","초등학교",2017-04-01,"전체",2560,2688,2597,-91,-37,-128,-0.0338541666666667,-0.0142472083172892,-0.0476190476190476,357261,362884,359899,-5623,-2638,-0.0154953097959679,-0.00732983420348487
"2102","2017","서울","광진구","초등학교",2017-04-01,"여자",1200,1348,1301,-47,-101,-148,-0.03486646884273,-0.0776325903151422,-0.109792284866469,357261,362884,359899,-5623,-2638,-0.0154953097959679,-0.00732983420348487
"2103","2017","서울","광진구","초등학교",2017-04-01,"남자",1360,1340,1296,-44,64,20,-0.0328358208955224,0.0493827160493827,0.0149253731343284,357261,362884,359899,-5623,-2638,-0.0154953097959679,-0.00732983420348487
"2104","2017","서울","동대문구","초등학교",2017-04-01,"전체",2394,2788,2665,-123,-271,-394,-0.0441176470588235,-0.101688555347092,-0.141319942611191,353898,363641,359488,-9743,-5590,-0.026792908390418,-0.0155498931814136
"2105","2017","서울","동대문구","초등학교",2017-04-01,"여자",1179,1392,1329,-63,-150,-213,-0.0452586206896552,-0.112866817155756,-0.15301724137931,353898,363641,359488,-9743,-5590,-0.026792908390418,-0.0155498931814136
"2106","2017","서울","동대문구","초등학교",2017-04-01,"남자",1215,1396,1336,-60,-121,-181,-0.0429799426934097,-0.0905688622754491,-0.129656160458453,353898,363641,359488,-9743,-5590,-0.026792908390418,-0.0155498931814136
"2107","2017","서울","중랑구","초등학교",2017-04-01,"전체",2654,3102,2966,-136,-312,-448,-0.0438426821405545,-0.105192178017532,-0.144422952933591,409740,418530,413648,-8790,-3908,-0.0210020787040356,-0.009447646307972
"2108","2017","서울","중랑구","초등학교",2017-04-01,"여자",1301,1529,1472,-57,-171,-228,-0.0372792674950948,-0.11616847826087,-0.149117069980379,409740,418530,413648,-8790,-3908,-0.0210020787040356,-0.009447646307972
"2109","2017","서울","중랑구","초등학교",2017-04-01,"남자",1353,1573,1494,-79,-141,-220,-0.0502225047679593,-0.0943775100401606,-0.13986013986014,409740,418530,413648,-8790,-3908,-0.0210020787040356,-0.009447646307972
"2110","2017","서울","성북구","초등학교",2017-04-01,"전체",3727,3917,3885,-32,-158,-190,-0.00816951748787337,-0.0406692406692407,-0.0485065100842481,449280,465465,458028,-16185,-8748,-0.0347716799329703,-0.0190992690403207
"2111","2017","서울","성북구","초등학교",2017-04-01,"여자",1841,1904,1898,-6,-57,-63,-0.00315126050420168,-0.030031612223393,-0.0330882352941176,449280,465465,458028,-16185,-8748,-0.0347716799329703,-0.0190992690403207
"2112","2017","서울","성북구","초등학교",2017-04-01,"남자",1886,2013,1987,-26,-101,-127,-0.0129160457029309,-0.0508303975842979,-0.0630899155489319,449280,465465,458028,-16185,-8748,-0.0347716799329703,-0.0190992690403207
"2113","2017","서울","강북구","초등학교",2017-04-01,"전체",1792,2589,2461,-128,-669,-797,-0.0494399382000772,-0.27184071515644,-0.307840865198919,326713,334260,329863,-7547,-3150,-0.0225782325136122,-0.00954941900122172
"2114","2017","서울","강북구","초등학교",2017-04-01,"여자",881,1286,1207,-79,-326,-405,-0.0614307931570762,-0.270091135045568,-0.3149300155521,326713,334260,329863,-7547,-3150,-0.0225782325136122,-0.00954941900122172
"2115","2017","서울","강북구","초등학교",2017-04-01,"남자",911,1303,1254,-49,-343,-392,-0.0376055257099002,-0.273524720893142,-0.300844205679202,326713,334260,329863,-7547,-3150,-0.0225782325136122,-0.00954941900122172
"2116","2017","서울","도봉구","초등학교",2017-04-01,"전체",2740,2727,2699,-28,41,13,-0.0102676934360103,0.0151908114116339,0.00476714338100477,346161,353447,350316,-7286,-4155,-0.0206141231924447,-0.011860720035625
"2117","2017","서울","도봉구","초등학교",2017-04-01,"여자",1326,1302,1291,-11,35,24,-0.00844854070660522,0.0271107668474051,0.0184331797235023,346161,353447,350316,-7286,-4155,-0.0206141231924447,-0.011860720035625
"2118","2017","서울","도봉구","초등학교",2017-04-01,"남자",1414,1425,1408,-17,6,-11,-0.0119298245614035,0.00426136363636364,-0.00771929824561404,346161,353447,350316,-7286,-4155,-0.0206141231924447,-0.011860720035625
"2119","2017","서울","노원구","초등학교",2017-04-01,"전체",4474,4625,4555,-70,-81,-151,-0.0151351351351351,-0.0177826564215148,-0.0326486486486487,565076,580650,574055,-15574,-8979,-0.0268216653750108,-0.0156413584064245
"2120","2017","서울","노원구","초등학교",2017-04-01,"여자",2205,2233,2194,-39,11,-28,-0.0174652933273623,0.00501367365542388,-0.0125391849529781,565076,580650,574055,-15574,-8979,-0.0268216653750108,-0.0156413584064245
"2121","2017","서울","노원구","초등학교",2017-04-01,"남자",2269,2392,2361,-31,-92,-123,-0.0129598662207358,-0.0389665396018636,-0.0514214046822742,565076,580650,574055,-15574,-8979,-0.0268216653750108,-0.0156413584064245
"2122","2017","서울","은평구","초등학교",2017-04-01,"전체",3801,4103,3974,-129,-173,-302,-0.0314404094564952,-0.0435329642677403,-0.0736046795028028,489741,499559,496070,-9818,-6329,-0.0196533342408004,-0.0127582800814401
"2123","2017","서울","은평구","초등학교",2017-04-01,"여자",1860,1993,1940,-53,-80,-133,-0.0265930757651781,-0.0412371134020619,-0.0667335674862017,489741,499559,496070,-9818,-6329,-0.0196533342408004,-0.0127582800814401
"2124","2017","서울","은평구","초등학교",2017-04-01,"남자",1941,2110,2034,-76,-93,-169,-0.0360189573459716,-0.0457227138643068,-0.0800947867298578,489741,499559,496070,-9818,-6329,-0.0196533342408004,-0.0127582800814401
"2125","2017","서울","서대문구","초등학교",2017-04-01,"전체",2286,2213,2295,82,-9,73,0.0370537731586082,-0.00392156862745098,0.0329868956168098,314910,309048,316275,5862,-1365,0.0189679273122622,-0.00431586435854873
"2126","2017","서울","서대문구","초등학교",2017-04-01,"여자",1066,1065,1094,29,-28,1,0.0272300469483568,-0.0255941499085923,0.000938967136150235,314910,309048,316275,5862,-1365,0.0189679273122622,-0.00431586435854873
"2127","2017","서울","서대문구","초등학교",2017-04-01,"남자",1220,1148,1201,53,19,72,0.0461672473867596,0.0158201498751041,0.0627177700348432,314910,309048,316275,5862,-1365,0.0189679273122622,-0.00431586435854873
"2128","2017","서울","마포구","초등학교",2017-04-01,"전체",2712,3282,3199,-83,-487,-570,-0.0252894576477757,-0.152235073460456,-0.173674588665448,378366,388607,386208,-10241,-7842,-0.026353102234391,-0.0203051205567984
"2129","2017","서울","마포구","초등학교",2017-04-01,"여자",1331,1616,1579,-37,-248,-285,-0.0228960396039604,-0.157061431285624,-0.176361386138614,378366,388607,386208,-10241,-7842,-0.026353102234391,-0.0203051205567984
"2130","2017","서울","마포구","초등학교",2017-04-01,"남자",1381,1666,1620,-46,-239,-285,-0.0276110444177671,-0.147530864197531,-0.171068427370948,378366,388607,386208,-10241,-7842,-0.026353102234391,-0.0203051205567984
"2131","2017","서울","양천구","초등학교",2017-04-01,"전체",3819,3854,3963,109,-144,-35,0.0282823040996367,-0.036336109008327,-0.00908147379346134,475545,486213,482339,-10668,-6794,-0.0219410011661556,-0.0140855290573642
"2132","2017","서울","양천구","초등학교",2017-04-01,"여자",1880,1876,1921,45,-41,4,0.0239872068230277,-0.0213430504945341,0.00213219616204691,475545,486213,482339,-10668,-6794,-0.0219410011661556,-0.0140855290573642
"2133","2017","서울","양천구","초등학교",2017-04-01,"남자",1939,1978,2042,64,-103,-39,0.032355915065723,-0.0504407443682664,-0.0197168857431749,475545,486213,482339,-10668,-6794,-0.0219410011661556,-0.0140855290573642
"2134","2017","서울","강서구","초등학교",2017-04-01,"전체",4541,5111,4968,-143,-427,-570,-0.0279788691058501,-0.0859500805152979,-0.111524163568773,597936,587683,591205,10253,6731,0.017446480500542,0.0113852217082061
"2135","2017","서울","강서구","초등학교",2017-04-01,"여자",2183,2493,2455,-38,-272,-310,-0.0152426795026073,-0.110794297352342,-0.124348174889691,597936,587683,591205,10253,6731,0.017446480500542,0.0113852217082061
"2136","2017","서울","강서구","초등학교",2017-04-01,"남자",2358,2618,2513,-105,-155,-260,-0.0401069518716578,-0.0616792678074015,-0.0993124522536287,597936,587683,591205,10253,6731,0.017446480500542,0.0113852217082061
"2137","2017","서울","구로구","초등학교",2017-04-01,"전체",3469,4154,4016,-138,-547,-685,-0.033220991815118,-0.136205179282869,-0.164901299951854,416096,425792,421537,-9696,-5441,-0.0227716819479934,-0.0129075265041977
"2138","2017","서울","구로구","초등학교",2017-04-01,"여자",1704,2050,1979,-71,-275,-346,-0.0346341463414634,-0.138959070237494,-0.168780487804878,416096,425792,421537,-9696,-5441,-0.0227716819479934,-0.0129075265041977
"2139","2017","서울","구로구","초등학교",2017-04-01,"남자",1765,2104,2037,-67,-272,-339,-0.0318441064638783,-0.13352970054001,-0.161121673003802,416096,425792,421537,-9696,-5441,-0.0227716819479934,-0.0129075265041977
"2140","2017","서울","금천구","초등학교",2017-04-01,"전체",1612,1718,1635,-83,-23,-106,-0.0483119906868452,-0.0140672782874618,-0.0616996507566938,236405,238560,235647,-2155,758,-0.00903336686787391,0.00321667579048322
"2141","2017","서울","금천구","초등학교",2017-04-01,"여자",781,823,792,-31,-11,-42,-0.0376670716889429,-0.0138888888888889,-0.0510328068043742,236405,238560,235647,-2155,758,-0.00903336686787391,0.00321667579048322
"2142","2017","서울","금천구","초등학교",2017-04-01,"남자",831,895,843,-52,-12,-64,-0.0581005586592179,-0.0142348754448399,-0.0715083798882682,236405,238560,235647,-2155,758,-0.00903336686787391,0.00321667579048322
"2143","2017","서울","영등포구","초등학교",2017-04-01,"전체",2369,3176,3028,-148,-659,-807,-0.0465994962216625,-0.217635402906209,-0.254093198992443,368037,382553,378314,-14516,-10277,-0.0379450690492559,-0.0271652648329166
"2144","2017","서울","영등포구","초등학교",2017-04-01,"여자",1192,1569,1521,-48,-329,-377,-0.0305927342256214,-0.216305062458909,-0.240280433397068,368037,382553,378314,-14516,-10277,-0.0379450690492559,-0.0271652648329166
"2145","2017","서울","영등포구","초등학교",2017-04-01,"남자",1177,1607,1507,-100,-330,-430,-0.0622277535780958,-0.218978102189781,-0.267579340385812,368037,382553,378314,-14516,-10277,-0.0379450690492559,-0.0271652648329166
"2146","2017","서울","동작구","초등학교",2017-04-01,"전체",2957,3229,3117,-112,-160,-272,-0.0346856611954165,-0.0513314084055181,-0.0842366057602973,400101,407520,401501,-7419,-1400,-0.0182052414605418,-0.00348691535014857
"2147","2017","서울","동작구","초등학교",2017-04-01,"여자",1393,1529,1481,-48,-88,-136,-0.0313930673642904,-0.0594193112761648,-0.0889470241988228,400101,407520,401501,-7419,-1400,-0.0182052414605418,-0.00348691535014857
"2148","2017","서울","동작구","초등학교",2017-04-01,"남자",1564,1700,1636,-64,-72,-136,-0.0376470588235294,-0.0440097799511002,-0.08,400101,407520,401501,-7419,-1400,-0.0182052414605418,-0.00348691535014857
"2149","2017","서울","관악구","초등학교",2017-04-01,"전체",2779,3448,3276,-172,-497,-669,-0.0498839907192575,-0.151709401709402,-0.194025522041763,506905,514243,510794,-7338,-3889,-0.0142695184961195,-0.00761363680857645
"2150","2017","서울","관악구","초등학교",2017-04-01,"여자",1364,1700,1599,-101,-235,-336,-0.0594117647058824,-0.146966854283927,-0.197647058823529,506905,514243,510794,-7338,-3889,-0.0142695184961195,-0.00761363680857645
"2151","2017","서울","관악구","초등학교",2017-04-01,"남자",1415,1748,1677,-71,-262,-333,-0.0406178489702517,-0.156231365533691,-0.190503432494279,506905,514243,510794,-7338,-3889,-0.0142695184961195,-0.00761363680857645
"2152","2017","서울","서초구","초등학교",2017-04-01,"전체",4038,4499,4467,-32,-429,-461,-0.00711269170926873,-0.0960376091336467,-0.102467214936653,445474,447750,445351,-2276,123,-0.00508319374651033,0.000276186648284162
"2153","2017","서울","서초구","초등학교",2017-04-01,"여자",1970,2207,2171,-36,-201,-237,-0.0163117353874037,-0.0925840626439429,-0.107385591300408,445474,447750,445351,-2276,123,-0.00508319374651033,0.000276186648284162
"2154","2017","서울","서초구","초등학교",2017-04-01,"남자",2068,2292,2296,4,-228,-224,0.00174520069808028,-0.0993031358885017,-0.0977312390924956,445474,447750,445351,-2276,123,-0.00508319374651033,0.000276186648284162
"2155","2017","서울","강남구","초등학교",2017-04-01,"전체",3953,4571,4685,114,-732,-618,0.0249398381098228,-0.15624332977588,-0.135200175016408,564885,577417,572375,-12532,-7490,-0.0217035521988442,-0.0130858265996943
"2156","2017","서울","강남구","초등학교",2017-04-01,"여자",1891,2231,2279,48,-388,-340,0.0215150156880323,-0.170250109697236,-0.152398027790229,564885,577417,572375,-12532,-7490,-0.0217035521988442,-0.0130858265996943
"2157","2017","서울","강남구","초등학교",2017-04-01,"남자",2062,2340,2406,66,-344,-278,0.0282051282051282,-0.142975893599335,-0.118803418803419,564885,577417,572375,-12532,-7490,-0.0217035521988442,-0.0130858265996943
"2158","2017","서울","송파구","초등학교",2017-04-01,"전체",5301,5921,5774,-147,-473,-620,-0.0248268873501098,-0.0819189470038102,-0.104712041884817,660315,665141,656223,-4826,4092,-0.00725560445078562,0.00623568512533087
"2159","2017","서울","송파구","초등학교",2017-04-01,"여자",2602,2818,2769,-49,-167,-216,-0.017388218594748,-0.060310581437342,-0.0766501064584812,660315,665141,656223,-4826,4092,-0.00725560445078562,0.00623568512533087
"2160","2017","서울","송파구","초등학교",2017-04-01,"남자",2699,3103,3005,-98,-306,-404,-0.0315823396712859,-0.101830282861897,-0.130196583951015,660315,665141,656223,-4826,4092,-0.00725560445078562,0.00623568512533087
"2161","2017","서울","강동구","초등학교",2017-04-01,"전체",3411,4039,3823,-216,-412,-628,-0.0534785838078732,-0.107768767983259,-0.155484030700668,449253,470109,454001,-20856,-4748,-0.0443641793711671,-0.0104581267442142
"2162","2017","서울","강동구","초등학교",2017-04-01,"여자",1659,1923,1809,-114,-150,-264,-0.0592823712948518,-0.0829187396351575,-0.137285491419657,449253,470109,454001,-20856,-4748,-0.0443641793711671,-0.0104581267442142
"2163","2017","서울","강동구","초등학교",2017-04-01,"남자",1752,2116,2014,-102,-262,-364,-0.0482041587901701,-0.130089374379345,-0.172022684310019,449253,470109,454001,-20856,-4748,-0.0443641793711671,-0.0104581267442142
"2164","2017","부산","중구","초등학교",2017-04-01,"전체",270,247,234,-13,36,23,-0.0526315789473684,0.153846153846154,0.0931174089068826,44946,46634,45601,-1688,-655,-0.0361967663078441,-0.0143637200938576
"2165","2017","부산","중구","초등학교",2017-04-01,"여자",141,116,110,-6,31,25,-0.0517241379310345,0.281818181818182,0.21551724137931,44946,46634,45601,-1688,-655,-0.0361967663078441,-0.0143637200938576
"2166","2017","부산","중구","초등학교",2017-04-01,"남자",129,131,124,-7,5,-2,-0.0534351145038168,0.0403225806451613,-0.0152671755725191,44946,46634,45601,-1688,-655,-0.0361967663078441,-0.0143637200938576
"2167","2017","부산","서구","초등학교",2017-04-01,"전체",646,694,674,-20,-28,-48,-0.0288184438040346,-0.0415430267062315,-0.069164265129683,111865,117389,115210,-5524,-3345,-0.0470572200120965,-0.029033938026213
"2168","2017","부산","서구","초등학교",2017-04-01,"여자",330,354,334,-20,-4,-24,-0.0564971751412429,-0.0119760479041916,-0.0677966101694915,111865,117389,115210,-5524,-3345,-0.0470572200120965,-0.029033938026213
"2169","2017","부산","서구","초등학교",2017-04-01,"남자",316,340,340,0,-24,-24,0,-0.0705882352941176,-0.0705882352941176,111865,117389,115210,-5524,-3345,-0.0470572200120965,-0.029033938026213
"2170","2017","부산","동구","초등학교",2017-04-01,"전체",402,477,453,-24,-51,-75,-0.050314465408805,-0.112582781456954,-0.157232704402516,89239,93802,91230,-4563,-1991,-0.0486450182298885,-0.0218239614162008
"2171","2017","부산","동구","초등학교",2017-04-01,"여자",199,227,218,-9,-19,-28,-0.039647577092511,-0.0871559633027523,-0.123348017621145,89239,93802,91230,-4563,-1991,-0.0486450182298885,-0.0218239614162008
"2172","2017","부산","동구","초등학교",2017-04-01,"남자",203,250,235,-15,-32,-47,-0.06,-0.136170212765957,-0.188,89239,93802,91230,-4563,-1991,-0.0486450182298885,-0.0218239614162008
"2173","2017","부산","영도구","초등학교",2017-04-01,"전체",715,847,842,-5,-127,-132,-0.00590318772136954,-0.15083135391924,-0.155844155844156,125040,131247,128689,-6207,-3649,-0.0472925095430753,-0.0283551818725765
"2174","2017","부산","영도구","초등학교",2017-04-01,"여자",351,415,405,-10,-54,-64,-0.0240963855421687,-0.133333333333333,-0.15421686746988,125040,131247,128689,-6207,-3649,-0.0472925095430753,-0.0283551818725765
"2175","2017","부산","영도구","초등학교",2017-04-01,"남자",364,432,437,5,-73,-68,0.0115740740740741,-0.167048054919908,-0.157407407407407,125040,131247,128689,-6207,-3649,-0.0472925095430753,-0.0283551818725765
"2176","2017","부산","부산진구","초등학교",2017-04-01,"전체",2671,2881,2788,-93,-117,-210,-0.0322804581742451,-0.0419655667144907,-0.0728913571676501,375508,386484,380314,-10976,-4806,-0.0283996232703036,-0.0126369263292963
"2177","2017","부산","부산진구","초등학교",2017-04-01,"여자",1282,1427,1385,-42,-103,-145,-0.0294323756131745,-0.0743682310469314,-0.101611772950245,375508,386484,380314,-10976,-4806,-0.0283996232703036,-0.0126369263292963
"2178","2017","부산","부산진구","초등학교",2017-04-01,"남자",1389,1454,1403,-51,-14,-65,-0.0350756533700138,-0.00997861724875267,-0.0447042640990371,375508,386484,380314,-10976,-4806,-0.0283996232703036,-0.0126369263292963
"2179","2017","부산","동래구","초등학교",2017-04-01,"전체",2221,2108,2175,67,46,113,0.0317836812144213,0.0211494252873563,0.0536053130929791,274541,274277,272527,264,2014,0.000962530580398648,0.00739009345862979
"2180","2017","부산","동래구","초등학교",2017-04-01,"여자",1049,1028,1063,35,-14,21,0.0340466926070039,-0.013170272812794,0.0204280155642023,274541,274277,272527,264,2014,0.000962530580398648,0.00739009345862979
"2181","2017","부산","동래구","초등학교",2017-04-01,"남자",1172,1080,1112,32,60,92,0.0296296296296296,0.0539568345323741,0.0851851851851852,274541,274277,272527,264,2014,0.000962530580398648,0.00739009345862979
"2182","2017","부산","남구","초등학교",2017-04-01,"전체",2117,2335,2291,-44,-174,-218,-0.0188436830835118,-0.0759493670886076,-0.0933618843683083,277022,286537,281225,-9515,-4203,-0.0332068807867745,-0.0149453284736421
"2183","2017","부산","남구","초등학교",2017-04-01,"여자",1052,1144,1138,-6,-86,-92,-0.00524475524475524,-0.0755711775043937,-0.0804195804195804,277022,286537,281225,-9515,-4203,-0.0332068807867745,-0.0149453284736421
"2184","2017","부산","남구","초등학교",2017-04-01,"남자",1065,1191,1153,-38,-88,-126,-0.0319059613769941,-0.0763226366001735,-0.105793450881612,277022,286537,281225,-9515,-4203,-0.0332068807867745,-0.0149453284736421
"2185","2017","부산","북구","초등학교",2017-04-01,"전체",2241,2338,2414,76,-173,-97,0.0325064157399487,-0.0716652858326429,-0.0414884516680924,308548,306047,312080,2501,-3532,0.00817194744598052,-0.0113176108690079
"2186","2017","부산","북구","초등학교",2017-04-01,"여자",1053,1139,1184,45,-131,-86,0.0395083406496927,-0.110641891891892,-0.0755048287971905,308548,306047,312080,2501,-3532,0.00817194744598052,-0.0113176108690079
"2187","2017","부산","북구","초등학교",2017-04-01,"남자",1188,1199,1230,31,-42,-11,0.0258548790658882,-0.0341463414634146,-0.00917431192660551,308548,306047,312080,2501,-3532,0.00817194744598052,-0.0113176108690079
"2188","2017","부산","해운대구","초등학교",2017-04-01,"전체",3292,3644,3649,5,-357,-352,0.00137211855104281,-0.0978350232940532,-0.0965971459934138,417626,423090,422803,-5464,-5177,-0.0129145099151481,-0.0122444731943718
"2189","2017","부산","해운대구","초등학교",2017-04-01,"여자",1580,1744,1734,-10,-154,-164,-0.00573394495412844,-0.0888119953863899,-0.0940366972477064,417626,423090,422803,-5464,-5177,-0.0129145099151481,-0.0122444731943718
"2190","2017","부산","해운대구","초등학교",2017-04-01,"남자",1712,1900,1915,15,-203,-188,0.00789473684210526,-0.106005221932115,-0.0989473684210526,417626,423090,422803,-5464,-5177,-0.0129145099151481,-0.0122444731943718
"2191","2017","부산","사하구","초등학교",2017-04-01,"전체",2505,2961,2809,-152,-304,-456,-0.0513340087808173,-0.108223567105732,-0.154002026342452,333761,341772,335464,-8011,-1703,-0.0234396030101939,-0.00507655068800229
"2192","2017","부산","사하구","초등학교",2017-04-01,"여자",1253,1454,1394,-60,-141,-201,-0.0412654745529574,-0.101147776183644,-0.138239339752407,333761,341772,335464,-8011,-1703,-0.0234396030101939,-0.00507655068800229
"2193","2017","부산","사하구","초등학교",2017-04-01,"남자",1252,1507,1415,-92,-163,-255,-0.0610484406104844,-0.115194346289753,-0.169210351692104,333761,341772,335464,-8011,-1703,-0.0234396030101939,-0.00507655068800229
"2194","2017","부산","금정구","초등학교",2017-04-01,"전체",1657,1663,1640,-23,17,-6,-0.0138304269392664,0.0103658536585366,-0.00360793746241732,243951,248270,245315,-4319,-1364,-0.0173963829701535,-0.0055601981126307
"2195","2017","부산","금정구","초등학교",2017-04-01,"여자",782,810,788,-22,-6,-28,-0.0271604938271605,-0.00761421319796954,-0.0345679012345679,243951,248270,245315,-4319,-1364,-0.0173963829701535,-0.0055601981126307
"2196","2017","부산","금정구","초등학교",2017-04-01,"남자",875,853,852,-1,23,22,-0.00117233294255569,0.0269953051643192,0.0257913247362251,243951,248270,245315,-4319,-1364,-0.0173963829701535,-0.0055601981126307
"2197","2017","부산","강서구","초등학교",2017-04-01,"전체",1552,1141,1454,313,98,411,0.274320771253287,0.0674002751031637,0.360210341805434,113353,83291,100308,30062,13045,0.360927351094356,0.130049447701081
"2198","2017","부산","강서구","초등학교",2017-04-01,"여자",763,549,702,153,61,214,0.278688524590164,0.0868945868945869,0.389799635701275,113353,83291,100308,30062,13045,0.360927351094356,0.130049447701081
"2199","2017","부산","강서구","초등학교",2017-04-01,"남자",789,592,752,160,37,197,0.27027027027027,0.0492021276595745,0.33277027027027,113353,83291,100308,30062,13045,0.360927351094356,0.130049447701081
"2200","2017","부산","연제구","초등학교",2017-04-01,"전체",1652,1628,1675,47,-23,24,0.0288697788697789,-0.0137313432835821,0.0147420147420147,207358,207773,210592,-415,-3234,-0.00199737213208646,-0.0153567087068835
"2201","2017","부산","연제구","초등학교",2017-04-01,"여자",825,797,818,21,7,28,0.0263488080301129,0.00855745721271394,0.0351317440401506,207358,207773,210592,-415,-3234,-0.00199737213208646,-0.0153567087068835
"2202","2017","부산","연제구","초등학교",2017-04-01,"남자",827,831,857,26,-30,-4,0.0312876052948255,-0.0350058343057176,-0.00481347773766546,207358,207773,210592,-415,-3234,-0.00199737213208646,-0.0153567087068835
"2203","2017","부산","수영구","초등학교",2017-04-01,"전체",986,1188,1160,-28,-174,-202,-0.0235690235690236,-0.15,-0.17003367003367,178366,179325,179851,-959,-1485,-0.00534783214833403,-0.00825683482438241
"2204","2017","부산","수영구","초등학교",2017-04-01,"여자",460,596,578,-18,-118,-136,-0.0302013422818792,-0.204152249134948,-0.228187919463087,178366,179325,179851,-959,-1485,-0.00534783214833403,-0.00825683482438241
"2205","2017","부산","수영구","초등학교",2017-04-01,"남자",526,592,582,-10,-56,-66,-0.0168918918918919,-0.0962199312714777,-0.111486486486486,178366,179325,179851,-959,-1485,-0.00534783214833403,-0.00825683482438241
"2206","2017","부산","사상구","초등학교",2017-04-01,"전체",1458,1866,1768,-98,-310,-408,-0.052518756698821,-0.175339366515837,-0.218649517684887,231348,241378,236014,-10030,-4666,-0.0415530827167347,-0.0197700136432584
"2207","2017","부산","사상구","초등학교",2017-04-01,"여자",715,903,862,-41,-147,-188,-0.0454042081949059,-0.170533642691415,-0.208194905869324,231348,241378,236014,-10030,-4666,-0.0415530827167347,-0.0197700136432584
"2208","2017","부산","사상구","초등학교",2017-04-01,"남자",743,963,906,-57,-163,-220,-0.059190031152648,-0.179911699779249,-0.228452751817238,231348,241378,236014,-10030,-4666,-0.0415530827167347,-0.0197700136432584
"2209","2017","부산","기장군","초등학교",2017-04-01,"전체",1982,2144,2223,79,-241,-162,0.0368470149253731,-0.108412055780477,-0.0755597014925373,158810,148123,154751,10687,4059,0.0721494973771798,0.0262292327674781
"2210","2017","부산","기장군","초등학교",2017-04-01,"여자",989,1066,1109,43,-120,-77,0.0403377110694184,-0.108205590622182,-0.0722326454033771,158810,148123,154751,10687,4059,0.0721494973771798,0.0262292327674781
"2211","2017","부산","기장군","초등학교",2017-04-01,"남자",993,1078,1114,36,-121,-85,0.0333951762523191,-0.108617594254937,-0.0788497217068646,158810,148123,154751,10687,4059,0.0721494973771798,0.0262292327674781
"2212","2017","대구","중구","초등학교",2017-04-01,"전체",735,613,613,0,122,122,0,0.199021207177814,0.199021207177814,79208,79476,81034,-268,-1826,-0.00337208717096985,-0.0225337512649012
"2213","2017","대구","중구","초등학교",2017-04-01,"여자",350,311,310,-1,40,39,-0.00321543408360129,0.129032258064516,0.12540192926045,79208,79476,81034,-268,-1826,-0.00337208717096985,-0.0225337512649012
"2214","2017","대구","중구","초등학교",2017-04-01,"남자",385,302,303,1,82,83,0.0033112582781457,0.270627062706271,0.274834437086093,79208,79476,81034,-268,-1826,-0.00337208717096985,-0.0225337512649012
"2215","2017","대구","동구","초등학교",2017-04-01,"전체",3092,3251,3215,-36,-123,-159,-0.0110735158412796,-0.0382581648522551,-0.0489080282989849,351334,349321,351266,2013,68,0.00576260803100873,0.000193585487920835
"2216","2017","대구","동구","초등학교",2017-04-01,"여자",1500,1557,1550,-7,-50,-57,-0.00449582530507386,-0.032258064516129,-0.0366088631984586,351334,349321,351266,2013,68,0.00576260803100873,0.000193585487920835
"2217","2017","대구","동구","초등학교",2017-04-01,"남자",1592,1694,1665,-29,-73,-102,-0.0171192443919717,-0.0438438438438438,-0.0602125147579693,351334,349321,351266,2013,68,0.00576260803100873,0.000193585487920835
"2218","2017","대구","서구","초등학교",2017-04-01,"전체",1005,1359,1269,-90,-264,-354,-0.0662251655629139,-0.208037825059102,-0.260485651214128,197445,208887,204119,-11442,-6674,-0.0547760272300335,-0.0326966132501139
"2219","2017","대구","서구","초등학교",2017-04-01,"여자",496,660,621,-39,-125,-164,-0.0590909090909091,-0.201288244766506,-0.248484848484848,197445,208887,204119,-11442,-6674,-0.0547760272300335,-0.0326966132501139
"2220","2017","대구","서구","초등학교",2017-04-01,"남자",509,699,648,-51,-139,-190,-0.0729613733905579,-0.214506172839506,-0.271816881258941,197445,208887,204119,-11442,-6674,-0.0547760272300335,-0.0326966132501139
"2221","2017","대구","남구","초등학교",2017-04-01,"전체",734,965,941,-24,-207,-231,-0.0248704663212435,-0.219978746014878,-0.239378238341969,154982,162828,159395,-7846,-4413,-0.0481858157073722,-0.0276859374509865
"2222","2017","대구","남구","초등학교",2017-04-01,"여자",345,463,446,-17,-101,-118,-0.0367170626349892,-0.226457399103139,-0.254859611231102,154982,162828,159395,-7846,-4413,-0.0481858157073722,-0.0276859374509865
"2223","2017","대구","남구","초등학교",2017-04-01,"남자",389,502,495,-7,-106,-113,-0.0139442231075697,-0.214141414141414,-0.225099601593625,154982,162828,159395,-7846,-4413,-0.0481858157073722,-0.0276859374509865
"2224","2017","대구","북구","초등학교",2017-04-01,"전체",3811,4307,4248,-59,-437,-496,-0.0136986301369863,-0.102871939736347,-0.11516136521941,439540,443386,440531,-3846,-991,-0.00867415750610078,-0.00224955791987397
"2225","2017","대구","북구","초등학교",2017-04-01,"여자",1830,2071,2051,-20,-221,-241,-0.00965717044905843,-0.107752315943442,-0.116368903911154,439540,443386,440531,-3846,-991,-0.00867415750610078,-0.00224955791987397
"2226","2017","대구","북구","초등학교",2017-04-01,"남자",1981,2236,2197,-39,-216,-255,-0.0174418604651163,-0.0983158852981338,-0.114042933810376,439540,443386,440531,-3846,-991,-0.00867415750610078,-0.00224955791987397
"2227","2017","대구","수성구","초등학교",2017-04-01,"전체",3561,3539,3750,211,-189,22,0.0596213619666572,-0.0504,0.00621644532353772,444973,453187,450091,-8214,-5118,-0.0181249682802022,-0.0113710338575977
"2228","2017","대구","수성구","초등학교",2017-04-01,"여자",1713,1727,1835,108,-122,-14,0.062536189924725,-0.0664850136239782,-0.00810654313839027,444973,453187,450091,-8214,-5118,-0.0181249682802022,-0.0113710338575977
"2229","2017","대구","수성구","초등학교",2017-04-01,"남자",1848,1812,1915,103,-67,36,0.0568432671081678,-0.0349869451697128,0.0198675496688742,444973,453187,450091,-8214,-5118,-0.0181249682802022,-0.0113710338575977
"2230","2017","대구","달서구","초등학교",2017-04-01,"전체",5436,5634,5501,-133,-65,-198,-0.0236066737664182,-0.0118160334484639,-0.0351437699680511,588536,607589,597236,-19053,-8700,-0.0313583688973961,-0.014567105800722
"2231","2017","대구","달서구","초등학교",2017-04-01,"여자",2625,2723,2659,-64,-34,-98,-0.0235034887991186,-0.0127867619405792,-0.0359897172236504,588536,607589,597236,-19053,-8700,-0.0313583688973961,-0.014567105800722
"2232","2017","대구","달서구","초등학교",2017-04-01,"남자",2811,2911,2842,-69,-31,-100,-0.0237031947784267,-0.0109078114004222,-0.0343524562006183,588536,607589,597236,-19053,-8700,-0.0313583688973961,-0.014567105800722
"2233","2017","대구","달성군","초등학교",2017-04-01,"전체",2682,2162,2420,258,262,520,0.119333950046253,0.108264462809917,0.240518038852914,227087,186871,201991,40216,25096,0.215207282028779,0.124243159348684
"2234","2017","대구","달성군","초등학교",2017-04-01,"여자",1305,1054,1182,128,123,251,0.121442125237192,0.104060913705584,0.238140417457305,227087,186871,201991,40216,25096,0.215207282028779,0.124243159348684
"2235","2017","대구","달성군","초등학교",2017-04-01,"남자",1377,1108,1238,130,139,269,0.117328519855596,0.112277867528271,0.242779783393502,227087,186871,201991,40216,25096,0.215207282028779,0.124243159348684
"2236","2017","인천","중구","초등학교",2017-04-01,"전체",1249,1207,1210,3,39,42,0.00248550124275062,0.0322314049586777,0.0347970173985087,115824,113718,114572,2106,1252,0.018519495594365,0.0109276262961282
"2237","2017","인천","중구","초등학교",2017-04-01,"여자",603,575,571,-4,32,28,-0.00695652173913044,0.0560420315236427,0.048695652173913,115824,113718,114572,2106,1252,0.018519495594365,0.0109276262961282
"2238","2017","인천","중구","초등학교",2017-04-01,"남자",646,632,639,7,7,14,0.0110759493670886,0.0109546165884194,0.0221518987341772,115824,113718,114572,2106,1252,0.018519495594365,0.0109276262961282
"2239","2017","인천","동구","초등학교",2017-04-01,"전체",714,696,654,-42,60,18,-0.0603448275862069,0.0917431192660551,0.0258620689655172,70570,73755,72129,-3185,-1559,-0.0431835129821707,-0.0216140526002024
"2240","2017","인천","동구","초등학교",2017-04-01,"여자",354,329,314,-15,40,25,-0.0455927051671733,0.127388535031847,0.0759878419452888,70570,73755,72129,-3185,-1559,-0.0431835129821707,-0.0216140526002024
"2241","2017","인천","동구","초등학교",2017-04-01,"남자",360,367,340,-27,20,-7,-0.0735694822888283,0.0588235294117647,-0.0190735694822888,70570,73755,72129,-3185,-1559,-0.0431835129821707,-0.0216140526002024
"2242","2017","인천","남구","초등학교",2017-04-01,"전체",3084,3516,3409,-107,-325,-432,-0.0304323094425483,-0.09533587562335,-0.122866894197952,418707,407290,405490,11417,13217,0.028031623658818,0.0325951318158278
"2243","2017","인천","남구","초등학교",2017-04-01,"여자",1518,1677,1641,-36,-123,-159,-0.0214669051878354,-0.0749542961608775,-0.0948121645796064,418707,407290,405490,11417,13217,0.028031623658818,0.0325951318158278
"2244","2017","인천","남구","초등학교",2017-04-01,"남자",1566,1839,1768,-71,-202,-273,-0.0386079390973355,-0.114253393665158,-0.148450244698206,418707,407290,405490,11417,13217,0.028031623658818,0.0325951318158278
"2245","2017","인천","연수구","초등학교",2017-04-01,"전체",3520,3205,3485,280,35,315,0.0873634945397816,0.0100430416068867,0.0982839313572543,332333,311725,322436,20608,9897,0.0661095516881867,0.0306944633973874
"2246","2017","인천","연수구","초등학교",2017-04-01,"여자",1689,1548,1649,101,40,141,0.0652454780361757,0.0242571255306246,0.0910852713178295,332333,311725,322436,20608,9897,0.0661095516881867,0.0306944633973874
"2247","2017","인천","연수구","초등학교",2017-04-01,"남자",1831,1657,1836,179,-5,174,0.108026554013277,-0.00272331154684096,0.105009052504526,332333,311725,322436,20608,9897,0.0661095516881867,0.0306944633973874
"2248","2017","인천","남동구","초등학교",2017-04-01,"전체",5265,5478,5642,164,-377,-213,0.0299379335523914,-0.0668202764976959,-0.0388828039430449,531490,519172,532714,12318,-1224,0.0237262410145385,-0.00229766816715911
"2249","2017","인천","남동구","초등학교",2017-04-01,"여자",2558,2636,2712,76,-154,-78,0.0288315629742033,-0.0567846607669617,-0.0295902883156297,531490,519172,532714,12318,-1224,0.0237262410145385,-0.00229766816715911
"2250","2017","인천","남동구","초등학교",2017-04-01,"남자",2707,2842,2930,88,-223,-135,0.0309641097818438,-0.0761092150170648,-0.0475017593244194,531490,519172,532714,12318,-1224,0.0237262410145385,-0.00229766816715911
"2251","2017","인천","부평구","초등학교",2017-04-01,"전체",4281,4962,4785,-177,-504,-681,-0.035671100362757,-0.105329153605016,-0.137243047158404,548043,557715,555631,-9672,-7588,-0.0173421909039563,-0.0136565454411291
"2252","2017","인천","부평구","초등학교",2017-04-01,"여자",2057,2445,2349,-96,-292,-388,-0.0392638036809816,-0.124308216262239,-0.158691206543967,548043,557715,555631,-9672,-7588,-0.0173421909039563,-0.0136565454411291
"2253","2017","인천","부평구","초등학교",2017-04-01,"남자",2224,2517,2436,-81,-212,-293,-0.032181168057211,-0.0870279146141215,-0.116408422725467,548043,557715,555631,-9672,-7588,-0.0173421909039563,-0.0136565454411291
"2254","2017","인천","계양구","초등학교",2017-04-01,"전체",2837,3146,3039,-107,-202,-309,-0.0340114431023522,-0.0664692333004278,-0.0982199618563255,327826,338461,333222,-10635,-5396,-0.0314216408980651,-0.0161934085984719
"2255","2017","인천","계양구","초등학교",2017-04-01,"여자",1408,1555,1507,-48,-99,-147,-0.0308681672025723,-0.0656934306569343,-0.0945337620578778,327826,338461,333222,-10635,-5396,-0.0314216408980651,-0.0161934085984719
"2256","2017","인천","계양구","초등학교",2017-04-01,"남자",1429,1591,1532,-59,-103,-162,-0.0370835952231301,-0.0672323759791123,-0.101822752985544,327826,338461,333222,-10635,-5396,-0.0314216408980651,-0.0161934085984719
"2257","2017","인천","서구","초등학교",2017-04-01,"전체",5562,5964,5966,2,-404,-402,0.000335345405767941,-0.0677170633590345,-0.0674044265593561,511127,500546,507313,10581,3814,0.0211389163033967,0.00751804113042638
"2258","2017","인천","서구","초등학교",2017-04-01,"여자",2691,2921,2925,4,-234,-230,0.00136939404313591,-0.08,-0.078740157480315,511127,500546,507313,10581,3814,0.0211389163033967,0.00751804113042638
"2259","2017","인천","서구","초등학교",2017-04-01,"남자",2871,3043,3041,-2,-170,-172,-0.000657246138678935,-0.0559026635975008,-0.0565231679263884,511127,500546,507313,10581,3814,0.0211389163033967,0.00751804113042638
"2260","2017","인천","강화군","초등학교",2017-04-01,"전체",402,347,376,29,26,55,0.0835734870317003,0.0691489361702128,0.15850144092219,68097,67186,67623,911,474,0.013559372488316,0.00700944944767313
"2261","2017","인천","강화군","초등학교",2017-04-01,"여자",188,165,180,15,8,23,0.0909090909090909,0.0444444444444444,0.139393939393939,68097,67186,67623,911,474,0.013559372488316,0.00700944944767313
"2262","2017","인천","강화군","초등학교",2017-04-01,"남자",214,182,196,14,18,32,0.0769230769230769,0.0918367346938776,0.175824175824176,68097,67186,67623,911,474,0.013559372488316,0.00700944944767313
"2263","2017","인천","옹진군","초등학교",2017-04-01,"전체",112,140,143,3,-31,-28,0.0214285714285714,-0.216783216783217,-0.2,21288,20739,21011,549,277,0.026471864602922,0.0131835705106849
"2264","2017","인천","옹진군","초등학교",2017-04-01,"여자",54,66,68,2,-14,-12,0.0303030303030303,-0.205882352941176,-0.181818181818182,21288,20739,21011,549,277,0.026471864602922,0.0131835705106849
"2265","2017","인천","옹진군","초등학교",2017-04-01,"남자",58,74,75,1,-17,-16,0.0135135135135135,-0.226666666666667,-0.216216216216216,21288,20739,21011,549,277,0.026471864602922,0.0131835705106849
"2266","2017","광주","동구","초등학교",2017-04-01,"전체",559,710,691,-19,-132,-151,-0.0267605633802817,-0.191027496382055,-0.212676056338028,96830,100584,97446,-3754,-616,-0.0373220392905432,-0.00632144982862303
"2267","2017","광주","동구","초등학교",2017-04-01,"여자",261,351,347,-4,-86,-90,-0.0113960113960114,-0.247838616714697,-0.256410256410256,96830,100584,97446,-3754,-616,-0.0373220392905432,-0.00632144982862303
"2268","2017","광주","동구","초등학교",2017-04-01,"남자",298,359,344,-15,-46,-61,-0.0417827298050139,-0.133720930232558,-0.16991643454039,96830,100584,97446,-3754,-616,-0.0373220392905432,-0.00632144982862303
"2269","2017","광주","서구","초등학교",2017-04-01,"전체",2814,2868,2852,-16,-38,-54,-0.00557880055788006,-0.0133239831697055,-0.0188284518828452,309119,309074,306887,45,2232,0.00014559620026272,0.00727303535177443
"2270","2017","광주","서구","초등학교",2017-04-01,"여자",1347,1411,1394,-17,-47,-64,-0.0120481927710843,-0.0337159253945481,-0.0453579021970234,309119,309074,306887,45,2232,0.00014559620026272,0.00727303535177443
"2271","2017","광주","서구","초등학교",2017-04-01,"남자",1467,1457,1458,1,9,10,0.000686341798215511,0.00617283950617284,0.00686341798215511,309119,309074,306887,45,2232,0.00014559620026272,0.00727303535177443
"2272","2017","광주","남구","초등학교",2017-04-01,"전체",2240,2002,2047,45,193,238,0.0224775224775225,0.0942843185148999,0.118881118881119,218692,220734,220766,-2042,-2074,-0.00925095363650367,-0.00939456256851146
"2273","2017","광주","남구","초등학교",2017-04-01,"여자",1096,977,997,20,99,119,0.0204708290685773,0.0992978936810431,0.121801432958035,218692,220734,220766,-2042,-2074,-0.00925095363650367,-0.00939456256851146
"2274","2017","광주","남구","초등학교",2017-04-01,"남자",1144,1025,1050,25,94,119,0.024390243902439,0.0895238095238095,0.11609756097561,218692,220734,220766,-2042,-2074,-0.00925095363650367,-0.00939456256851146
"2275","2017","광주","북구","초등학교",2017-04-01,"전체",3953,4117,4079,-38,-126,-164,-0.00923002186057809,-0.0308899240009806,-0.0398348311877581,439200,448696,444795,-9496,-5595,-0.0211635494856206,-0.0125788284490608
"2276","2017","광주","북구","초등학교",2017-04-01,"여자",1939,2040,2017,-23,-78,-101,-0.0112745098039216,-0.0386712940009916,-0.0495098039215686,439200,448696,444795,-9496,-5595,-0.0211635494856206,-0.0125788284490608
"2277","2017","광주","북구","초등학교",2017-04-01,"남자",2014,2077,2062,-15,-48,-63,-0.00722195474241695,-0.023278370514064,-0.0303322099181512,439200,448696,444795,-9496,-5595,-0.0211635494856206,-0.0125788284490608
"2278","2017","광주","광산구","초등학교",2017-04-01,"전체",5327,5543,5515,-28,-188,-216,-0.00505141620061339,-0.0340888485947416,-0.0389680678333033,403161,398521,401925,4640,1236,0.0116430501780333,0.00307520059712633
"2279","2017","광주","광산구","초등학교",2017-04-01,"여자",2584,2697,2675,-22,-91,-113,-0.00815721171672228,-0.034018691588785,-0.0418984056358917,403161,398521,401925,4640,1236,0.0116430501780333,0.00307520059712633
"2280","2017","광주","광산구","초등학교",2017-04-01,"남자",2743,2846,2840,-6,-97,-103,-0.00210822206605762,-0.0341549295774648,-0.0361911454673226,403161,398521,401925,4640,1236,0.0116430501780333,0.00307520059712633
"2281","2017","대전","동구","초등학교",2017-04-01,"전체",1958,2297,2195,-102,-237,-339,-0.044405746626034,-0.107972665148064,-0.147583804962995,233878,243646,238050,-9768,-4172,-0.0400909516265401,-0.0175257298886788
"2282","2017","대전","동구","초등학교",2017-04-01,"여자",959,1120,1089,-31,-130,-161,-0.0276785714285714,-0.119375573921028,-0.14375,233878,243646,238050,-9768,-4172,-0.0400909516265401,-0.0175257298886788
"2283","2017","대전","동구","초등학교",2017-04-01,"남자",999,1177,1106,-71,-107,-178,-0.0603228547153781,-0.096745027124774,-0.151231945624469,233878,243646,238050,-9768,-4172,-0.0400909516265401,-0.0175257298886788
"2284","2017","대전","중구","초등학교",2017-04-01,"전체",2169,2231,2183,-48,-14,-62,-0.0215150156880323,-0.00641319285387082,-0.0277902285970417,251717,259061,254880,-7344,-3163,-0.0283485356730654,-0.0124097614563716
"2285","2017","대전","중구","초등학교",2017-04-01,"여자",1078,1126,1076,-50,2,-48,-0.044404973357016,0.00185873605947955,-0.0426287744227353,251717,259061,254880,-7344,-3163,-0.0283485356730654,-0.0124097614563716
"2286","2017","대전","중구","초등학교",2017-04-01,"남자",1091,1105,1107,2,-16,-14,0.00180995475113122,-0.014453477868112,-0.0126696832579186,251717,259061,254880,-7344,-3163,-0.0283485356730654,-0.0124097614563716
"2287","2017","대전","서구","초등학교",2017-04-01,"전체",4454,4762,4714,-48,-260,-308,-0.0100797984040319,-0.0551548578701739,-0.0646787064258715,490217,495601,491253,-5384,-1036,-0.010863577757107,-0.00210889297368159
"2288","2017","대전","서구","초등학교",2017-04-01,"여자",2155,2272,2253,-19,-98,-117,-0.00836267605633803,-0.0434975588104749,-0.0514964788732394,490217,495601,491253,-5384,-1036,-0.010863577757107,-0.00210889297368159
"2289","2017","대전","서구","초등학교",2017-04-01,"남자",2299,2490,2461,-29,-162,-191,-0.0116465863453815,-0.065826899634295,-0.0767068273092369,490217,495601,491253,-5384,-1036,-0.010863577757107,-0.00210889297368159
"2290","2017","대전","유성구","초등학교",2017-04-01,"전체",4064,4187,4189,2,-125,-123,0.000477668975400048,-0.02984005729291,-0.0293766419871029,344412,329022,337267,15390,7145,0.0467749876907927,0.0211849958638112
"2291","2017","대전","유성구","초등학교",2017-04-01,"여자",1956,2050,2061,11,-105,-94,0.00536585365853659,-0.0509461426491994,-0.0458536585365854,344412,329022,337267,15390,7145,0.0467749876907927,0.0211849958638112
"2292","2017","대전","유성구","초등학교",2017-04-01,"남자",2108,2137,2128,-9,-20,-29,-0.0042115114646701,-0.0093984962406015,-0.0135704258306037,344412,329022,337267,15390,7145,0.0467749876907927,0.0211849958638112
"2293","2017","대전","대덕구","초등학교",2017-04-01,"전체",1539,1762,1652,-110,-113,-223,-0.0624290578887628,-0.0684019370460048,-0.126560726447219,191172,199984,195454,-8812,-4282,-0.0440635250820066,-0.0219079681152599
"2294","2017","대전","대덕구","초등학교",2017-04-01,"여자",721,835,778,-57,-57,-114,-0.0682634730538922,-0.0732647814910026,-0.136526946107784,191172,199984,195454,-8812,-4282,-0.0440635250820066,-0.0219079681152599
"2295","2017","대전","대덕구","초등학교",2017-04-01,"남자",818,927,874,-53,-56,-109,-0.0571736785329018,-0.0640732265446224,-0.117583603020496,191172,199984,195454,-8812,-4282,-0.0440635250820066,-0.0219079681152599
"2296","2017","울산","중구","초등학교",2017-04-01,"전체",2186,2255,2328,73,-142,-69,0.0323725055432372,-0.0609965635738832,-0.0305986696230599,241498,241759,244117,-261,-2619,-0.00107958752311186,-0.0107284621718274
"2297","2017","울산","중구","초등학교",2017-04-01,"여자",1032,1083,1115,32,-83,-51,0.0295475530932595,-0.0744394618834081,-0.0470914127423823,241498,241759,244117,-261,-2619,-0.00107958752311186,-0.0107284621718274
"2298","2017","울산","중구","초등학교",2017-04-01,"남자",1154,1172,1213,41,-59,-18,0.0349829351535836,-0.0486397361912613,-0.015358361774744,241498,241759,244117,-261,-2619,-0.00107958752311186,-0.0107284621718274
"2299","2017","울산","남구","초등학교",2017-04-01,"전체",2649,2972,2898,-74,-249,-323,-0.0248990578734859,-0.0859213250517598,-0.108681022880215,338848,347250,342322,-8402,-3474,-0.0241958243340533,-0.0101483398671426
"2300","2017","울산","남구","초등학교",2017-04-01,"여자",1239,1432,1379,-53,-140,-193,-0.0370111731843575,-0.101522842639594,-0.134776536312849,338848,347250,342322,-8402,-3474,-0.0241958243340533,-0.0101483398671426
"2301","2017","울산","남구","초등학교",2017-04-01,"남자",1410,1540,1519,-21,-109,-130,-0.0136363636363636,-0.0717577353522054,-0.0844155844155844,338848,347250,342322,-8402,-3474,-0.0241958243340533,-0.0101483398671426
"2302","2017","울산","동구","초등학교",2017-04-01,"전체",1900,2082,2040,-42,-140,-182,-0.0201729106628242,-0.0686274509803922,-0.0874159462055716,172466,175972,175727,-3506,-3261,-0.019923624212943,-0.0185571938290644
"2303","2017","울산","동구","초등학교",2017-04-01,"여자",895,980,956,-24,-61,-85,-0.0244897959183673,-0.0638075313807531,-0.086734693877551,172466,175972,175727,-3506,-3261,-0.019923624212943,-0.0185571938290644
"2304","2017","울산","동구","초등학교",2017-04-01,"남자",1005,1102,1084,-18,-79,-97,-0.0163339382940109,-0.0728782287822878,-0.088021778584392,172466,175972,175727,-3506,-3261,-0.019923624212943,-0.0185571938290644
"2305","2017","울산","북구","초등학교",2017-04-01,"전체",2445,2535,2524,-11,-79,-90,-0.00433925049309665,-0.0312995245641838,-0.0355029585798817,196900,188754,191310,8146,5590,0.043156701314939,0.0292195912393497
"2306","2017","울산","북구","초등학교",2017-04-01,"여자",1218,1238,1230,-8,-12,-20,-0.00646203554119548,-0.00975609756097561,-0.0161550888529887,196900,188754,191310,8146,5590,0.043156701314939,0.0292195912393497
"2307","2017","울산","북구","초등학교",2017-04-01,"남자",1227,1297,1294,-3,-67,-70,-0.0023130300693909,-0.0517774343122102,-0.053970701619121,196900,188754,191310,8146,5590,0.043156701314939,0.0292195912393497
"2308","2017","울산","울주군","초등학교",2017-04-01,"전체",2326,2316,2323,7,3,10,0.00302245250431779,0.0012914334911752,0.00431778929188256,218789,215698,219449,3091,-660,0.0143302209570789,-0.00300753250185692
"2309","2017","울산","울주군","초등학교",2017-04-01,"여자",1136,1157,1172,15,-36,-21,0.0129645635263613,-0.0307167235494881,-0.0181503889369058,218789,215698,219449,3091,-660,0.0143302209570789,-0.00300753250185692
"2310","2017","울산","울주군","초등학교",2017-04-01,"남자",1190,1159,1151,-8,39,31,-0.00690250215703192,0.0338835794960904,0.0267471958584987,218789,215698,219449,3091,-660,0.0143302209570789,-0.00300753250185692
"2311","2017","세종","세종시","초등학교",2017-04-01,"전체",3846,2680,3550,870,296,1166,0.324626865671642,0.0833802816901408,0.435074626865672,254112,178656,225488,75456,28624,0.422353573347663,0.126942453700419
"2312","2017","세종","세종시","초등학교",2017-04-01,"전체",3846,2680,3550,870,296,1166,0.324626865671642,0.0833802816901408,0.435074626865672,254112,178656,225488,75456,28624,0.422353573347663,0.126942453700419
"2313","2017","세종","세종시","초등학교",2017-04-01,"전체",3846,2680,3550,870,296,1166,0.324626865671642,0.0833802816901408,0.435074626865672,254112,178656,225488,75456,28624,0.422353573347663,0.126942453700419
"2314","2017","세종","세종시","초등학교",2017-04-01,"전체",3846,2680,3550,870,296,1166,0.324626865671642,0.0833802816901408,0.435074626865672,254112,178656,225488,75456,28624,0.422353573347663,0.126942453700419
"2315","2017","세종","세종시","초등학교",2017-04-01,"여자",1883,1332,1735,403,148,551,0.302552552552553,0.0853025936599424,0.413663663663664,254112,178656,225488,75456,28624,0.422353573347663,0.126942453700419
"2316","2017","세종","세종시","초등학교",2017-04-01,"여자",1883,1332,1735,403,148,551,0.302552552552553,0.0853025936599424,0.413663663663664,254112,178656,225488,75456,28624,0.422353573347663,0.126942453700419
"2317","2017","세종","세종시","초등학교",2017-04-01,"여자",1883,1332,1735,403,148,551,0.302552552552553,0.0853025936599424,0.413663663663664,254112,178656,225488,75456,28624,0.422353573347663,0.126942453700419
"2318","2017","세종","세종시","초등학교",2017-04-01,"여자",1883,1332,1735,403,148,551,0.302552552552553,0.0853025936599424,0.413663663663664,254112,178656,225488,75456,28624,0.422353573347663,0.126942453700419
"2319","2017","세종","세종시","초등학교",2017-04-01,"남자",1963,1348,1815,467,148,615,0.346439169139466,0.0815426997245179,0.456231454005935,254112,178656,225488,75456,28624,0.422353573347663,0.126942453700419
"2320","2017","세종","세종시","초등학교",2017-04-01,"남자",1963,1348,1815,467,148,615,0.346439169139466,0.0815426997245179,0.456231454005935,254112,178656,225488,75456,28624,0.422353573347663,0.126942453700419
"2321","2017","세종","세종시","초등학교",2017-04-01,"남자",1963,1348,1815,467,148,615,0.346439169139466,0.0815426997245179,0.456231454005935,254112,178656,225488,75456,28624,0.422353573347663,0.126942453700419
"2322","2017","세종","세종시","초등학교",2017-04-01,"남자",1963,1348,1815,467,148,615,0.346439169139466,0.0815426997245179,0.456231454005935,254112,178656,225488,75456,28624,0.422353573347663,0.126942453700419
"2323","2017","경기","수원시","초등학교",2017-04-01,"전체",11612,12475,12332,-143,-720,-863,-0.0114629258517034,-0.0583846902367824,-0.0691783567134269,1196330,1176736,1188841,19594,7489,0.0166511435020259,0.00629941262119998
"2324","2017","경기","수원시","초등학교",2017-04-01,"여자",5602,6014,5960,-54,-358,-412,-0.00897904888593282,-0.0600671140939597,-0.068506817426006,1196330,1176736,1188841,19594,7489,0.0166511435020259,0.00629941262119998
"2325","2017","경기","수원시","초등학교",2017-04-01,"남자",6010,6461,6372,-89,-362,-451,-0.0137749574369293,-0.0568110483364721,-0.0698034360006191,1196330,1176736,1188841,19594,7489,0.0166511435020259,0.00629941262119998
"2326","2017","경기","성남시","초등학교",2017-04-01,"전체",8126,8780,8662,-118,-536,-654,-0.0134396355353075,-0.0618794735626876,-0.0744874715261959,974035,973604,977094,431,-3059,0.000442685116330664,-0.00313071209116011
"2327","2017","경기","성남시","초등학교",2017-04-01,"여자",3969,4206,4159,-47,-190,-237,-0.0111745126010461,-0.045684058667949,-0.0563480741797432,974035,973604,977094,431,-3059,0.000442685116330664,-0.00313071209116011
"2328","2017","경기","성남시","초등학교",2017-04-01,"남자",4157,4574,4503,-71,-346,-417,-0.0155225185832969,-0.0768376637797024,-0.0911674682990818,974035,973604,977094,431,-3059,0.000442685116330664,-0.00313071209116011
"2329","2017","경기","부천시","초등학교",2017-04-01,"전체",6958,7467,7310,-157,-352,-509,-0.0210258470603991,-0.0481532147742818,-0.0681665997053703,849842,853162,848142,-3320,1700,-0.00389140632142547,0.00200438134180361
"2330","2017","경기","부천시","초등학교",2017-04-01,"여자",3400,3648,3582,-66,-182,-248,-0.0180921052631579,-0.0508096035734227,-0.0679824561403509,849842,853162,848142,-3320,1700,-0.00389140632142547,0.00200438134180361
"2331","2017","경기","부천시","초등학교",2017-04-01,"남자",3558,3819,3728,-91,-170,-261,-0.0238282272846295,-0.0456008583690987,-0.0683424980361351,849842,853162,848142,-3320,1700,-0.00389140632142547,0.00200438134180361
"2332","2017","경기","안양시","초등학교",2017-04-01,"전체",5007,5356,5257,-99,-250,-349,-0.0184839432412248,-0.0475556400989157,-0.0651605675877521,598166,599543,596485,-1377,1681,-0.00229674935742724,0.00281817648390152
"2333","2017","경기","안양시","초등학교",2017-04-01,"여자",2397,2575,2538,-37,-141,-178,-0.014368932038835,-0.0555555555555556,-0.069126213592233,598166,599543,596485,-1377,1681,-0.00229674935742724,0.00281817648390152
"2334","2017","경기","안양시","초등학교",2017-04-01,"남자",2610,2781,2719,-62,-109,-171,-0.0222941387989932,-0.0400882677454947,-0.0614886731391586,598166,599543,596485,-1377,1681,-0.00229674935742724,0.00281817648390152
"2335","2017","경기","과천시","초등학교",2017-04-01,"전체",448,582,568,-14,-120,-134,-0.0240549828178694,-0.211267605633803,-0.230240549828179,59811,70016,68239,-10205,-8428,-0.145752399451554,-0.123507085391052
"2336","2017","경기","과천시","초등학교",2017-04-01,"여자",214,265,266,1,-52,-51,0.00377358490566038,-0.195488721804511,-0.192452830188679,59811,70016,68239,-10205,-8428,-0.145752399451554,-0.123507085391052
"2337","2017","경기","과천시","초등학교",2017-04-01,"남자",234,317,302,-15,-68,-83,-0.0473186119873817,-0.225165562913907,-0.261829652996845,59811,70016,68239,-10205,-8428,-0.145752399451554,-0.123507085391052
"2338","2017","경기","안산시","초등학교",2017-04-01,"전체",6081,6595,6394,-201,-313,-514,-0.0304776345716452,-0.0489521426337191,-0.0779378316906748,686802,705337,695027,-18535,-8225,-0.0262782187805262,-0.0118340726331495
"2339","2017","경기","안산시","초등학교",2017-04-01,"여자",2939,3222,3130,-92,-191,-283,-0.0285536933581626,-0.0610223642172524,-0.0878336436995655,686802,705337,695027,-18535,-8225,-0.0262782187805262,-0.0118340726331495
"2340","2017","경기","안산시","초등학교",2017-04-01,"남자",3142,3373,3264,-109,-122,-231,-0.032315446190335,-0.0373774509803922,-0.0684850281648384,686802,705337,695027,-18535,-8225,-0.0262782187805262,-0.0118340726331495
"2341","2017","경기","용인시","초등학교",2017-04-01,"전체",11475,12248,12297,49,-822,-773,0.00400065316786414,-0.0668455720907538,-0.0631123448726323,994592,966869,978619,27723,15973,0.0286729639692657,0.0163219802599377
"2342","2017","경기","용인시","초등학교",2017-04-01,"여자",5567,6038,6053,15,-486,-471,0.00248426631334879,-0.080290764909962,-0.078005962239152,994592,966869,978619,27723,15973,0.0286729639692657,0.0163219802599377
"2343","2017","경기","용인시","초등학교",2017-04-01,"남자",5908,6210,6244,34,-336,-302,0.00547504025764895,-0.0538116591928251,-0.0486312399355878,994592,966869,978619,27723,15973,0.0286729639692657,0.0163219802599377
"2344","2017","경기","군포시","초등학교",2017-04-01,"전체",2672,3073,2974,-99,-302,-401,-0.0322160754962577,-0.101546738399462,-0.130491376505044,283660,288314,287122,-4654,-3462,-0.0161421228244206,-0.0120575922430186
"2345","2017","경기","군포시","초등학교",2017-04-01,"여자",1267,1475,1431,-44,-164,-208,-0.0298305084745763,-0.114605171208945,-0.141016949152542,283660,288314,287122,-4654,-3462,-0.0161421228244206,-0.0120575922430186
"2346","2017","경기","군포시","초등학교",2017-04-01,"남자",1405,1598,1543,-55,-138,-193,-0.0344180225281602,-0.0894361633182113,-0.120775969962453,283660,288314,287122,-4654,-3462,-0.0161421228244206,-0.0120575922430186
"2347","2017","경기","의왕시","초등학교",2017-04-01,"전체",1336,1654,1578,-76,-242,-318,-0.0459492140266022,-0.153358681875792,-0.192261185006046,155599,158044,157655,-2445,-2056,-0.0154703753385133,-0.0130411341219752
"2348","2017","경기","의왕시","초등학교",2017-04-01,"여자",628,791,761,-30,-133,-163,-0.0379266750948167,-0.174770039421813,-0.206068268015171,155599,158044,157655,-2445,-2056,-0.0154703753385133,-0.0130411341219752
"2349","2017","경기","의왕시","초등학교",2017-04-01,"남자",708,863,817,-46,-109,-155,-0.0533024333719583,-0.133414932680539,-0.179606025492468,155599,158044,157655,-2445,-2056,-0.0154703753385133,-0.0130411341219752
"2350","2017","경기","시흥시","초등학교",2017-04-01,"전체",4218,4172,4201,29,17,46,0.00695110258868648,0.00404665555820043,0.011025886864813,405712,393535,398188,12177,7524,0.0309426099330428,0.0188955970546576
"2351","2017","경기","시흥시","초등학교",2017-04-01,"여자",2068,2080,2071,-9,-3,-12,-0.00432692307692308,-0.00144857556735876,-0.00576923076923077,405712,393535,398188,12177,7524,0.0309426099330428,0.0188955970546576
"2352","2017","경기","시흥시","초등학교",2017-04-01,"남자",2150,2092,2130,38,20,58,0.0181644359464627,0.00938967136150235,0.0277246653919694,405712,393535,398188,12177,7524,0.0309426099330428,0.0188955970546576
"2353","2017","경기","평택시","초등학교",2017-04-01,"전체",4920,4936,5046,110,-126,-16,0.0222852512155592,-0.0249702734839477,-0.00324149108589951,475157,452310,463834,22847,11323,0.0505118171165793,0.0244117507556583
"2354","2017","경기","평택시","초등학교",2017-04-01,"여자",2345,2385,2433,48,-88,-40,0.020125786163522,-0.0361693382655158,-0.0167714884696017,475157,452310,463834,22847,11323,0.0505118171165793,0.0244117507556583
"2355","2017","경기","평택시","초등학교",2017-04-01,"남자",2575,2551,2613,62,-38,24,0.0243041944335555,-0.0145426712590892,0.00940807526460212,475157,452310,463834,22847,11323,0.0505118171165793,0.0244117507556583
"2356","2017","경기","화성시","초등학교",2017-04-01,"전체",9698,8730,9574,844,124,968,0.0966781214203895,0.0129517443074995,0.110882016036655,658730,561565,613091,97165,45639,0.173025384416764,0.0744408252608503
"2357","2017","경기","화성시","초등학교",2017-04-01,"여자",4721,4256,4651,395,70,465,0.0928101503759398,0.0150505267684369,0.109257518796992,658730,561565,613091,97165,45639,0.173025384416764,0.0744408252608503
"2358","2017","경기","화성시","초등학교",2017-04-01,"남자",4977,4474,4923,449,54,503,0.100357621814931,0.0109689213893967,0.112427358068842,658730,561565,613091,97165,45639,0.173025384416764,0.0744408252608503
"2359","2017","경기","오산시","초등학교",2017-04-01,"전체",2842,3081,2975,-106,-133,-239,-0.0344044141512496,-0.0447058823529412,-0.0775722168127231,210222,207481,207421,2741,2801,0.0132108482222469,0.0135039364384513
"2360","2017","경기","오산시","초등학교",2017-04-01,"여자",1401,1514,1472,-42,-71,-113,-0.0277410832232497,-0.0482336956521739,-0.0746367239101717,210222,207481,207421,2741,2801,0.0132108482222469,0.0135039364384513
"2361","2017","경기","오산시","초등학교",2017-04-01,"남자",1441,1567,1503,-64,-62,-126,-0.0408423739629866,-0.0412508316699933,-0.0804084237396299,210222,207481,207421,2741,2801,0.0132108482222469,0.0135039364384513
"2362","2017","경기","광명시","초등학교",2017-04-01,"전체",3277,3732,3615,-117,-338,-455,-0.0313504823151125,-0.0934993084370678,-0.121918542336549,335872,347178,343687,-11306,-7815,-0.0325654275328506,-0.0227387128404624
"2363","2017","경기","광명시","초등학교",2017-04-01,"여자",1633,1825,1767,-58,-134,-192,-0.0317808219178082,-0.0758347481607244,-0.105205479452055,335872,347178,343687,-11306,-7815,-0.0325654275328506,-0.0227387128404624
"2364","2017","경기","광명시","초등학교",2017-04-01,"남자",1644,1907,1848,-59,-204,-263,-0.0309386470896696,-0.11038961038961,-0.13791295228107,335872,347178,343687,-11306,-7815,-0.0325654275328506,-0.0227387128404624
"2365","2017","경기","광주시","초등학교",2017-04-01,"전체",3162,3559,3579,20,-417,-397,0.00561955605507165,-0.116512992455993,-0.111548187693172,332845,302747,315547,30098,17298,0.0994163443403238,0.0548190919260839
"2366","2017","경기","광주시","초등학교",2017-04-01,"여자",1534,1691,1720,29,-186,-157,0.0171496156120639,-0.108139534883721,-0.0928444707273803,332845,302747,315547,30098,17298,0.0994163443403238,0.0548190919260839
"2367","2017","경기","광주시","초등학교",2017-04-01,"남자",1628,1868,1859,-9,-231,-240,-0.00481798715203426,-0.124260355029586,-0.12847965738758,332845,302747,315547,30098,17298,0.0994163443403238,0.0548190919260839
"2368","2017","경기","하남시","초등학교",2017-04-01,"전체",2466,1610,2032,422,434,856,0.262111801242236,0.213582677165354,0.53167701863354,219326,154784,177547,64542,41779,0.416981083316105,0.235312339831143
"2369","2017","경기","하남시","초등학교",2017-04-01,"여자",1205,806,985,179,220,399,0.222084367245658,0.223350253807107,0.495037220843672,219326,154784,177547,64542,41779,0.416981083316105,0.235312339831143
"2370","2017","경기","하남시","초등학교",2017-04-01,"남자",1261,804,1047,243,214,457,0.302238805970149,0.204393505253104,0.568407960199005,219326,154784,177547,64542,41779,0.416981083316105,0.235312339831143
"2371","2017","경기","김포시","초등학교",2017-04-01,"전체",4865,4626,4712,86,153,239,0.0185905750108085,0.0324702886247878,0.051664504971898,373617,343940,352090,29677,21527,0.0862853986160377,0.0611406174557641
"2372","2017","경기","김포시","초등학교",2017-04-01,"여자",2274,2195,2232,37,42,79,0.0168564920273349,0.0188172043010753,0.0359908883826879,373617,343940,352090,29677,21527,0.0862853986160377,0.0611406174557641
"2373","2017","경기","김포시","초등학교",2017-04-01,"남자",2591,2431,2480,49,111,160,0.0201563142739613,0.044758064516129,0.0658165364047717,373617,343940,352090,29677,21527,0.0862853986160377,0.0611406174557641
"2374","2017","경기","이천시","초등학교",2017-04-01,"전체",2272,2285,2303,18,-31,-13,0.00787746170678337,-0.0134607034303083,-0.00568927789934354,211066,204438,207161,6628,3905,0.0324205871706826,0.0188500731315257
"2375","2017","경기","이천시","초등학교",2017-04-01,"여자",1069,1088,1097,9,-28,-19,0.00827205882352941,-0.0255241567912489,-0.0174632352941176,211066,204438,207161,6628,3905,0.0324205871706826,0.0188500731315257
"2376","2017","경기","이천시","초등학교",2017-04-01,"남자",1203,1197,1206,9,-3,6,0.0075187969924812,-0.00248756218905473,0.0050125313283208,211066,204438,207161,6628,3905,0.0324205871706826,0.0188500731315257
"2377","2017","경기","안성시","초등학교",2017-04-01,"전체",1811,1959,1898,-61,-87,-148,-0.0311383358856559,-0.0458377239199157,-0.0755487493619193,182761,181501,181279,1260,1482,0.00694211051178781,0.00817524368514831
"2378","2017","경기","안성시","초등학교",2017-04-01,"여자",872,984,938,-46,-66,-112,-0.0467479674796748,-0.070362473347548,-0.113821138211382,182761,181501,181279,1260,1482,0.00694211051178781,0.00817524368514831
"2379","2017","경기","안성시","초등학교",2017-04-01,"남자",939,975,960,-15,-21,-36,-0.0153846153846154,-0.021875,-0.0369230769230769,182761,181501,181279,1260,1482,0.00694211051178781,0.00817524368514831
"2380","2017","경기","여주시","초등학교",2017-04-01,"전체",942,992,984,-8,-42,-50,-0.00806451612903226,-0.0426829268292683,-0.0504032258064516,111970,110514,111250,1456,720,0.0131748013826303,0.00647191011235955
"2381","2017","경기","여주시","초등학교",2017-04-01,"여자",478,509,510,1,-32,-31,0.00196463654223969,-0.0627450980392157,-0.0609037328094303,111970,110514,111250,1456,720,0.0131748013826303,0.00647191011235955
"2382","2017","경기","여주시","초등학교",2017-04-01,"남자",464,483,474,-9,-10,-19,-0.0186335403726708,-0.0210970464135021,-0.0393374741200828,111970,110514,111250,1456,720,0.0131748013826303,0.00647191011235955
"2383","2017","경기","양평군","초등학교",2017-04-01,"전체",827,825,866,41,-39,2,0.0496969696969697,-0.0450346420323326,0.00242424242424242,112408,106204,108849,6204,3559,0.0584158788746187,0.0326966715357973
"2384","2017","경기","양평군","초등학교",2017-04-01,"여자",412,400,415,15,-3,12,0.0375,-0.0072289156626506,0.03,112408,106204,108849,6204,3559,0.0584158788746187,0.0326966715357973
"2385","2017","경기","양평군","초등학교",2017-04-01,"남자",415,425,451,26,-36,-10,0.0611764705882353,-0.0798226164079823,-0.0235294117647059,112408,106204,108849,6204,3559,0.0584158788746187,0.0326966715357973
"2386","2017","경기","고양시","초등학교",2017-04-01,"전체",9170,9638,9865,227,-695,-468,0.0235526042747458,-0.0704510897110999,-0.0485577920730442,1040608,1011427,1030193,29181,10415,0.0288513160119317,0.0101097561330741
"2387","2017","경기","고양시","초등학교",2017-04-01,"여자",4439,4685,4830,145,-391,-246,0.0309498399146211,-0.080952380952381,-0.0525080042689434,1040608,1011427,1030193,29181,10415,0.0288513160119317,0.0101097561330741
"2388","2017","경기","고양시","초등학교",2017-04-01,"남자",4731,4953,5035,82,-304,-222,0.0165556228548355,-0.060377358490566,-0.0448213204118716,1040608,1011427,1030193,29181,10415,0.0288513160119317,0.0101097561330741
"2389","2017","경기","남양주시","초등학교",2017-04-01,"전체",7197,7605,7756,151,-559,-408,0.0198553583168968,-0.0720732336255802,-0.0536489151873767,662870,639658,659445,23212,3425,0.036288141475601,0.00519376142058852
"2390","2017","경기","남양주시","초등학교",2017-04-01,"여자",3495,3716,3782,66,-287,-221,0.0177610333692142,-0.0758857747223691,-0.0594725511302476,662870,639658,659445,23212,3425,0.036288141475601,0.00519376142058852
"2391","2017","경기","남양주시","초등학교",2017-04-01,"남자",3702,3889,3974,85,-272,-187,0.021856518385189,-0.0684448917966784,-0.0480843404474158,662870,639658,659445,23212,3425,0.036288141475601,0.00519376142058852
"2392","2017","경기","구리시","초등학교",2017-04-01,"전체",1595,1742,1706,-36,-111,-147,-0.0206659012629162,-0.0650644783118406,-0.0843857634902411,194818,186669,185635,8149,9183,0.0436548114577139,0.0494680421256767
"2393","2017","경기","구리시","초등학교",2017-04-01,"여자",756,855,845,-10,-89,-99,-0.0116959064327485,-0.105325443786982,-0.115789473684211,194818,186669,185635,8149,9183,0.0436548114577139,0.0494680421256767
"2394","2017","경기","구리시","초등학교",2017-04-01,"남자",839,887,861,-26,-22,-48,-0.0293122886133033,-0.0255516840882695,-0.0541149943630214,194818,186669,185635,8149,9183,0.0436548114577139,0.0494680421256767
"2395","2017","경기","의정부시","초등학교",2017-04-01,"전체",3760,3916,3915,-1,-155,-156,-0.000255362614913177,-0.0395913154533844,-0.0398365679264556,438321,431196,434384,7125,3937,0.0165238081985918,0.00906340933367712
"2396","2017","경기","의정부시","초등학교",2017-04-01,"여자",1861,1884,1892,8,-31,-23,0.00424628450106157,-0.016384778012685,-0.012208067940552,438321,431196,434384,7125,3937,0.0165238081985918,0.00906340933367712
"2397","2017","경기","의정부시","초등학교",2017-04-01,"남자",1899,2032,2023,-9,-124,-133,-0.00442913385826772,-0.0612951062778052,-0.0654527559055118,438321,431196,434384,7125,3937,0.0165238081985918,0.00906340933367712
"2398","2017","경기","파주시","초등학교",2017-04-01,"전체",5013,5159,5236,77,-223,-146,0.0149253731343284,-0.0425897631779985,-0.0283000581508044,431712,415869,425919,15843,5793,0.0380961312336337,0.0136011776887155
"2399","2017","경기","파주시","초등학교",2017-04-01,"여자",2517,2603,2644,41,-127,-86,0.0157510564733,-0.0480332829046899,-0.0330388013830196,431712,415869,425919,15843,5793,0.0380961312336337,0.0136011776887155
"2400","2017","경기","파주시","초등학교",2017-04-01,"남자",2496,2556,2592,36,-96,-60,0.0140845070422535,-0.037037037037037,-0.0234741784037559,431712,415869,425919,15843,5793,0.0380961312336337,0.0136011776887155
"2401","2017","경기","동두천시","초등학교",2017-04-01,"전체",929,982,976,-6,-47,-53,-0.00610997963340122,-0.048155737704918,-0.0539714867617108,97755,97387,98018,368,-263,0.00377873843531477,-0.00268318064029056
"2402","2017","경기","동두천시","초등학교",2017-04-01,"여자",441,460,460,0,-19,-19,0,-0.041304347826087,-0.041304347826087,97755,97387,98018,368,-263,0.00377873843531477,-0.00268318064029056
"2403","2017","경기","동두천시","초등학교",2017-04-01,"남자",488,522,516,-6,-28,-34,-0.0114942528735632,-0.0542635658914729,-0.0651340996168582,97755,97387,98018,368,-263,0.00377873843531477,-0.00268318064029056
"2404","2017","경기","양주시","초등학교",2017-04-01,"전체",2158,2303,2292,-11,-134,-145,-0.00477637863656101,-0.0584642233856894,-0.0629613547546678,207327,203193,205252,4134,2075,0.0203451890567096,0.0101095239023249
"2405","2017","경기","양주시","초등학교",2017-04-01,"여자",1071,1153,1140,-13,-69,-82,-0.0112749349522984,-0.0605263157894737,-0.0711188204683434,207327,203193,205252,4134,2075,0.0203451890567096,0.0101095239023249
"2406","2017","경기","양주시","초등학교",2017-04-01,"남자",1087,1150,1152,2,-65,-63,0.00173913043478261,-0.0564236111111111,-0.0547826086956522,207327,203193,205252,4134,2075,0.0203451890567096,0.0101095239023249
"2407","2017","경기","포천시","초등학교",2017-04-01,"전체",1167,1255,1235,-20,-68,-88,-0.0159362549800797,-0.0550607287449393,-0.0701195219123506,153903,155537,154630,-1634,-727,-0.0105055388749944,-0.00470154562504042
"2408","2017","경기","포천시","초등학교",2017-04-01,"여자",564,600,598,-2,-34,-36,-0.00333333333333333,-0.0568561872909699,-0.06,153903,155537,154630,-1634,-727,-0.0105055388749944,-0.00470154562504042
"2409","2017","경기","포천시","초등학교",2017-04-01,"남자",603,655,637,-18,-34,-52,-0.0274809160305344,-0.0533751962323391,-0.0793893129770992,153903,155537,154630,-1634,-727,-0.0105055388749944,-0.00470154562504042
"2410","2017","경기","가평군","초등학교",2017-04-01,"전체",460,457,471,14,-11,3,0.0306345733041575,-0.0233545647558386,0.00656455142231947,62369,61163,62119,1206,250,0.0197178032470611,0.00402453355656079
"2411","2017","경기","가평군","초등학교",2017-04-01,"여자",222,238,241,3,-19,-16,0.0126050420168067,-0.0788381742738589,-0.0672268907563025,62369,61163,62119,1206,250,0.0197178032470611,0.00402453355656079
"2412","2017","경기","가평군","초등학교",2017-04-01,"남자",238,219,230,11,8,19,0.0502283105022831,0.0347826086956522,0.0867579908675799,62369,61163,62119,1206,250,0.0197178032470611,0.00402453355656079
"2413","2017","경기","연천군","초등학교",2017-04-01,"전체",333,377,366,-11,-33,-44,-0.0291777188328912,-0.0901639344262295,-0.116710875331565,45755,45358,45834,397,-79,0.00875259050222673,-0.00172361129292665
"2414","2017","경기","연천군","초등학교",2017-04-01,"여자",169,188,184,-4,-15,-19,-0.0212765957446809,-0.0815217391304348,-0.101063829787234,45755,45358,45834,397,-79,0.00875259050222673,-0.00172361129292665
"2415","2017","경기","연천군","초등학교",2017-04-01,"남자",164,189,182,-7,-18,-25,-0.037037037037037,-0.0989010989010989,-0.132275132275132,45755,45358,45834,397,-79,0.00875259050222673,-0.00172361129292665
"2416","2017","강원","춘천시","초등학교",2017-04-01,"전체",2482,2527,2558,31,-76,-45,0.0122675108824693,-0.0297107114933542,-0.0178076770874555,279981,276652,278682,3329,1299,0.0120331680233651,0.00466122677460331
"2417","2017","강원","춘천시","초등학교",2017-04-01,"여자",1191,1228,1231,3,-40,-37,0.00244299674267101,-0.0324939073923639,-0.0301302931596091,279981,276652,278682,3329,1299,0.0120331680233651,0.00466122677460331
"2418","2017","강원","춘천시","초등학교",2017-04-01,"남자",1291,1299,1327,28,-36,-8,0.0215550423402617,-0.027128862094951,-0.00615858352578907,279981,276652,278682,3329,1299,0.0120331680233651,0.00466122677460331
"2419","2017","강원","원주시","초등학교",2017-04-01,"전체",3392,3256,3391,135,1,136,0.0414619164619165,0.000294898260100265,0.0417690417690418,339146,328405,335450,10741,3696,0.0327065665869886,0.0110180354747354
"2420","2017","강원","원주시","초등학교",2017-04-01,"여자",1691,1609,1675,66,16,82,0.0410192666252331,0.00955223880597015,0.0509633312616532,339146,328405,335450,10741,3696,0.0327065665869886,0.0110180354747354
"2421","2017","강원","원주시","초등학교",2017-04-01,"남자",1701,1647,1716,69,-15,54,0.0418943533697632,-0.00874125874125874,0.0327868852459016,339146,328405,335450,10741,3696,0.0327065665869886,0.0110180354747354
"2422","2017","강원","강릉시","초등학교",2017-04-01,"전체",1629,1651,1685,34,-56,-22,0.0205935796486978,-0.0332344213649852,-0.0133252574197456,213727,215201,214281,-1474,-554,-0.00684941055106621,-0.002585390211918
"2423","2017","강원","강릉시","초등학교",2017-04-01,"여자",760,804,815,11,-55,-44,0.013681592039801,-0.0674846625766871,-0.054726368159204,213727,215201,214281,-1474,-554,-0.00684941055106621,-0.002585390211918
"2424","2017","강원","강릉시","초등학교",2017-04-01,"남자",869,847,870,23,-1,22,0.0271546635182999,-0.00114942528735632,0.025974025974026,213727,215201,214281,-1474,-554,-0.00684941055106621,-0.002585390211918
"2425","2017","강원","동해시","초등학교",2017-04-01,"전체",828,826,819,-7,9,2,-0.00847457627118644,0.010989010989011,0.00242130750605327,92883,94125,93462,-1242,-579,-0.013195219123506,-0.00619503113564871
"2426","2017","강원","동해시","초등학교",2017-04-01,"여자",387,399,401,2,-14,-12,0.0050125313283208,-0.0349127182044888,-0.0300751879699248,92883,94125,93462,-1242,-579,-0.013195219123506,-0.00619503113564871
"2427","2017","강원","동해시","초등학교",2017-04-01,"남자",441,427,418,-9,23,14,-0.0210772833723653,0.0550239234449761,0.0327868852459016,92883,94125,93462,-1242,-579,-0.013195219123506,-0.00619503113564871
"2428","2017","강원","태백시","초등학교",2017-04-01,"전체",398,415,418,3,-20,-17,0.0072289156626506,-0.0478468899521531,-0.0409638554216867,46480,48085,47464,-1605,-984,-0.0333783924300717,-0.0207315017697623
"2429","2017","강원","태백시","초등학교",2017-04-01,"여자",202,210,217,7,-15,-8,0.0333333333333333,-0.0691244239631336,-0.0380952380952381,46480,48085,47464,-1605,-984,-0.0333783924300717,-0.0207315017697623
"2430","2017","강원","태백시","초등학교",2017-04-01,"남자",196,205,201,-4,-5,-9,-0.0195121951219512,-0.0248756218905473,-0.0439024390243902,46480,48085,47464,-1605,-984,-0.0333783924300717,-0.0207315017697623
"2431","2017","강원","속초시","초등학교",2017-04-01,"전체",664,694,692,-2,-28,-30,-0.00288184438040346,-0.0404624277456647,-0.0432276657060519,81635,82157,82069,-522,-434,-0.00635368866925521,-0.00528823307217098
"2432","2017","강원","속초시","초등학교",2017-04-01,"여자",350,343,344,1,6,7,0.00291545189504373,0.0174418604651163,0.0204081632653061,81635,82157,82069,-522,-434,-0.00635368866925521,-0.00528823307217098
"2433","2017","강원","속초시","초등학교",2017-04-01,"남자",314,351,348,-3,-34,-37,-0.00854700854700855,-0.0977011494252874,-0.105413105413105,81635,82157,82069,-522,-434,-0.00635368866925521,-0.00528823307217098
"2434","2017","강원","삼척시","초등학교",2017-04-01,"전체",465,506,507,1,-42,-41,0.00197628458498024,-0.0828402366863905,-0.0810276679841897,69268,71797,69990,-2529,-722,-0.0352243129935791,-0.0103157593941992
"2435","2017","강원","삼척시","초등학교",2017-04-01,"여자",228,248,250,2,-22,-20,0.00806451612903226,-0.088,-0.0806451612903226,69268,71797,69990,-2529,-722,-0.0352243129935791,-0.0103157593941992
"2436","2017","강원","삼척시","초등학교",2017-04-01,"남자",237,258,257,-1,-20,-21,-0.00387596899224806,-0.0778210116731518,-0.0813953488372093,69268,71797,69990,-2529,-722,-0.0352243129935791,-0.0103157593941992
"2437","2017","강원","홍천군","초등학교",2017-04-01,"전체",488,506,497,-9,-9,-18,-0.0177865612648221,-0.0181086519114688,-0.0355731225296443,70226,70322,70045,-96,181,-0.00136514888655044,0.00258405310871583
"2438","2017","강원","홍천군","초등학교",2017-04-01,"여자",250,248,250,2,0,2,0.00806451612903226,0,0.00806451612903226,70226,70322,70045,-96,181,-0.00136514888655044,0.00258405310871583
"2439","2017","강원","홍천군","초등학교",2017-04-01,"남자",238,258,247,-11,-9,-20,-0.0426356589147287,-0.0364372469635627,-0.0775193798449612,70226,70322,70045,-96,181,-0.00136514888655044,0.00258405310871583
"2440","2017","강원","횡성군","초등학교",2017-04-01,"전체",258,269,266,-3,-8,-11,-0.0111524163568773,-0.0300751879699248,-0.0408921933085502,46068,45445,45878,623,190,0.0137088788645616,0.0041414185448363
"2441","2017","강원","횡성군","초등학교",2017-04-01,"여자",131,134,129,-5,2,-3,-0.0373134328358209,0.0155038759689922,-0.0223880597014925,46068,45445,45878,623,190,0.0137088788645616,0.0041414185448363
"2442","2017","강원","횡성군","초등학교",2017-04-01,"남자",127,135,137,2,-10,-8,0.0148148148148148,-0.072992700729927,-0.0592592592592593,46068,45445,45878,623,190,0.0137088788645616,0.0041414185448363
"2443","2017","강원","영월군","초등학교",2017-04-01,"전체",220,230,239,9,-19,-10,0.0391304347826087,-0.0794979079497908,-0.0434782608695652,40040,40099,40057,-59,-17,-0.00147135838798973,-0.000424395236787578
"2444","2017","강원","영월군","초등학교",2017-04-01,"여자",99,103,104,1,-5,-4,0.00970873786407767,-0.0480769230769231,-0.0388349514563107,40040,40099,40057,-59,-17,-0.00147135838798973,-0.000424395236787578
"2445","2017","강원","영월군","초등학교",2017-04-01,"남자",121,127,135,8,-14,-6,0.062992125984252,-0.103703703703704,-0.047244094488189,40040,40099,40057,-59,-17,-0.00147135838798973,-0.000424395236787578
"2446","2017","강원","평창군","초등학교",2017-04-01,"전체",278,283,271,-12,7,-5,-0.0424028268551237,0.025830258302583,-0.0176678445229682,43142,43590,43278,-448,-136,-0.0102775866024318,-0.00314247423633255
"2447","2017","강원","평창군","초등학교",2017-04-01,"여자",120,132,126,-6,-6,-12,-0.0454545454545455,-0.0476190476190476,-0.0909090909090909,43142,43590,43278,-448,-136,-0.0102775866024318,-0.00314247423633255
"2448","2017","강원","평창군","초등학교",2017-04-01,"남자",158,151,145,-6,13,7,-0.0397350993377483,0.0896551724137931,0.0463576158940397,43142,43590,43278,-448,-136,-0.0102775866024318,-0.00314247423633255
"2449","2017","강원","정선군","초등학교",2017-04-01,"전체",262,260,247,-13,15,2,-0.05,0.0607287449392713,0.00769230769230769,38397,39264,38923,-867,-526,-0.0220812958435208,-0.0135138606993294
"2450","2017","강원","정선군","초등학교",2017-04-01,"여자",128,123,122,-1,6,5,-0.00813008130081301,0.0491803278688525,0.040650406504065,38397,39264,38923,-867,-526,-0.0220812958435208,-0.0135138606993294
"2451","2017","강원","정선군","초등학교",2017-04-01,"남자",134,137,125,-12,9,-3,-0.0875912408759124,0.072,-0.0218978102189781,38397,39264,38923,-867,-526,-0.0220812958435208,-0.0135138606993294
"2452","2017","강원","철원군","초등학교",2017-04-01,"전체",374,408,399,-9,-25,-34,-0.0220588235294118,-0.06265664160401,-0.0833333333333333,47735,47728,48354,7,-619,0.000146664431780087,-0.0128014228398892
"2453","2017","강원","철원군","초등학교",2017-04-01,"여자",173,186,172,-14,1,-13,-0.0752688172043011,0.00581395348837209,-0.0698924731182796,47735,47728,48354,7,-619,0.000146664431780087,-0.0128014228398892
"2454","2017","강원","철원군","초등학교",2017-04-01,"남자",201,222,227,5,-26,-21,0.0225225225225225,-0.114537444933921,-0.0945945945945946,47735,47728,48354,7,-619,0.000146664431780087,-0.0128014228398892
"2455","2017","강원","화천군","초등학교",2017-04-01,"전체",200,256,234,-22,-34,-56,-0.0859375,-0.145299145299145,-0.21875,26204,26607,26628,-403,-424,-0.0151463900477318,-0.0159230884782935
"2456","2017","강원","화천군","초등학교",2017-04-01,"여자",99,133,121,-12,-22,-34,-0.0902255639097744,-0.181818181818182,-0.255639097744361,26204,26607,26628,-403,-424,-0.0151463900477318,-0.0159230884782935
"2457","2017","강원","화천군","초등학교",2017-04-01,"남자",101,123,113,-10,-12,-22,-0.0813008130081301,-0.106194690265487,-0.178861788617886,26204,26607,26628,-403,-424,-0.0151463900477318,-0.0159230884782935
"2458","2017","강원","양구군","초등학교",2017-04-01,"전체",200,227,220,-7,-20,-27,-0.0308370044052863,-0.0909090909090909,-0.118942731277533,23866,23840,24006,26,-140,0.00109060402684564,-0.00583187536449221
"2459","2017","강원","양구군","초등학교",2017-04-01,"여자",104,114,109,-5,-5,-10,-0.043859649122807,-0.0458715596330275,-0.087719298245614,23866,23840,24006,26,-140,0.00109060402684564,-0.00583187536449221
"2460","2017","강원","양구군","초등학교",2017-04-01,"남자",96,113,111,-2,-15,-17,-0.0176991150442478,-0.135135135135135,-0.150442477876106,23866,23840,24006,26,-140,0.00109060402684564,-0.00583187536449221
"2461","2017","강원","인제군","초등학교",2017-04-01,"전체",301,333,322,-11,-21,-32,-0.033033033033033,-0.0652173913043478,-0.0960960960960961,32473,33091,32986,-618,-513,-0.0186757728687559,-0.0155520523858607
"2462","2017","강원","인제군","초등학교",2017-04-01,"여자",138,153,152,-1,-14,-15,-0.0065359477124183,-0.0921052631578947,-0.0980392156862745,32473,33091,32986,-618,-513,-0.0186757728687559,-0.0155520523858607
"2463","2017","강원","인제군","초등학교",2017-04-01,"남자",163,180,170,-10,-7,-17,-0.0555555555555556,-0.0411764705882353,-0.0944444444444444,32473,33091,32986,-618,-513,-0.0186757728687559,-0.0155520523858607
"2464","2017","강원","고성군","초등학교",2017-04-01,"전체",155,161,165,4,-10,-6,0.0248447204968944,-0.0606060606060606,-0.0372670807453416,28989,29873,29288,-884,-299,-0.0295919392093195,-0.0102089593007375
"2465","2017","강원","고성군","초등학교",2017-04-01,"여자",72,66,66,0,6,6,0,0.0909090909090909,0.0909090909090909,28989,29873,29288,-884,-299,-0.0295919392093195,-0.0102089593007375
"2466","2017","강원","고성군","초등학교",2017-04-01,"남자",83,95,99,4,-16,-12,0.0421052631578947,-0.161616161616162,-0.126315789473684,28989,29873,29288,-884,-299,-0.0295919392093195,-0.0102089593007375
"2467","2017","강원","양양군","초등학교",2017-04-01,"전체",150,180,168,-12,-18,-30,-0.0666666666666667,-0.107142857142857,-0.166666666666667,27319,27530,27329,-211,-10,-0.00766436614602252,-0.000365911668923122
"2468","2017","강원","양양군","초등학교",2017-04-01,"여자",68,85,76,-9,-8,-17,-0.105882352941176,-0.105263157894737,-0.2,27319,27530,27329,-211,-10,-0.00766436614602252,-0.000365911668923122
"2469","2017","강원","양양군","초등학교",2017-04-01,"남자",82,95,92,-3,-10,-13,-0.0315789473684211,-0.108695652173913,-0.136842105263158,27319,27530,27329,-211,-10,-0.00766436614602252,-0.000365911668923122
"2470","2017","충북","청주시","초등학교",2017-04-01,"전체",8548,8935,8868,-67,-320,-387,-0.00749860100727476,-0.036084799278304,-0.0433128147733632,836298,830626,833095,5672,3203,0.00682858470599283,0.00384469958408105
"2471","2017","충북","청주시","초등학교",2017-04-01,"여자",4149,4390,4361,-29,-212,-241,-0.00660592255125285,-0.0486127035083696,-0.0548974943052392,836298,830626,833095,5672,3203,0.00682858470599283,0.00384469958408105
"2472","2017","충북","청주시","초등학교",2017-04-01,"남자",4399,4545,4507,-38,-108,-146,-0.00836083608360836,-0.0239627246505436,-0.0321232123212321,836298,830626,833095,5672,3203,0.00682858470599283,0.00384469958408105
"2473","2017","충북","충주시","초등학교",2017-04-01,"전체",1751,1759,1781,22,-30,-8,0.0125071063104036,-0.0168444693992139,-0.0045480386583286,208158,208096,207835,62,323,0.00029793941257881,0.00155411744893786
"2474","2017","충북","충주시","초등학교",2017-04-01,"여자",868,840,850,10,18,28,0.0119047619047619,0.0211764705882353,0.0333333333333333,208158,208096,207835,62,323,0.00029793941257881,0.00155411744893786
"2475","2017","충북","충주시","초등학교",2017-04-01,"남자",883,919,931,12,-48,-36,0.0130576713819369,-0.0515574650912997,-0.0391730141458107,208158,208096,207835,62,323,0.00029793941257881,0.00155411744893786
"2476","2017","충북","제천시","초등학교",2017-04-01,"전체",1061,1098,1071,-27,-10,-37,-0.0245901639344262,-0.00933706816059757,-0.0336976320582878,136534,136399,136134,135,400,0.000989743326563978,0.0029382813992096
"2477","2017","충북","제천시","초등학교",2017-04-01,"여자",551,547,540,-7,11,4,-0.0127970749542962,0.0203703703703704,0.00731261425959781,136534,136399,136134,135,400,0.000989743326563978,0.0029382813992096
"2478","2017","충북","제천시","초등학교",2017-04-01,"남자",510,551,531,-20,-21,-41,-0.0362976406533575,-0.0395480225988701,-0.0744101633393829,136534,136399,136134,135,400,0.000989743326563978,0.0029382813992096
"2479","2017","충북","보은군","초등학교",2017-04-01,"전체",182,185,201,16,-19,-3,0.0864864864864865,-0.0945273631840796,-0.0162162162162162,34208,34191,34199,17,9,0.000497206867304261,0.000263165589637124
"2480","2017","충북","보은군","초등학교",2017-04-01,"여자",77,81,87,6,-10,-4,0.0740740740740741,-0.114942528735632,-0.0493827160493827,34208,34191,34199,17,9,0.000497206867304261,0.000263165589637124
"2481","2017","충북","보은군","초등학교",2017-04-01,"남자",105,104,114,10,-9,1,0.0961538461538462,-0.0789473684210526,0.00961538461538462,34208,34191,34199,17,9,0.000497206867304261,0.000263165589637124
"2482","2017","충북","옥천군","초등학교",2017-04-01,"전체",359,392,395,3,-36,-33,0.0076530612244898,-0.0911392405063291,-0.0841836734693878,51961,52680,52324,-719,-363,-0.0136484434320425,-0.00693754300129959
"2483","2017","충북","옥천군","초등학교",2017-04-01,"여자",165,181,181,0,-16,-16,0,-0.0883977900552486,-0.0883977900552486,51961,52680,52324,-719,-363,-0.0136484434320425,-0.00693754300129959
"2484","2017","충북","옥천군","초등학교",2017-04-01,"남자",194,211,214,3,-20,-17,0.014218009478673,-0.0934579439252336,-0.0805687203791469,51961,52680,52324,-719,-363,-0.0136484434320425,-0.00693754300129959
"2485","2017","충북","영동군","초등학교",2017-04-01,"전체",298,322,317,-5,-19,-24,-0.015527950310559,-0.0599369085173502,-0.0745341614906832,50397,51057,50311,-660,86,-0.0129267289499971,0.00170936773270259
"2486","2017","충북","영동군","초등학교",2017-04-01,"여자",116,131,125,-6,-9,-15,-0.0458015267175573,-0.072,-0.114503816793893,50397,51057,50311,-660,86,-0.0129267289499971,0.00170936773270259
"2487","2017","충북","영동군","초등학교",2017-04-01,"남자",182,191,192,1,-10,-9,0.00523560209424084,-0.0520833333333333,-0.0471204188481675,50397,51057,50311,-660,86,-0.0129267289499971,0.00170936773270259
"2488","2017","충북","진천군","초등학교",2017-04-01,"전체",767,661,697,36,70,106,0.0544629349470499,0.100430416068867,0.16036308623298,70698,66421,68452,4277,2246,0.064392285572334,0.0328113130368726
"2489","2017","충북","진천군","초등학교",2017-04-01,"여자",376,322,341,19,35,54,0.0590062111801242,0.102639296187683,0.167701863354037,70698,66421,68452,4277,2246,0.064392285572334,0.0328113130368726
"2490","2017","충북","진천군","초등학교",2017-04-01,"남자",391,339,356,17,35,52,0.0501474926253687,0.098314606741573,0.153392330383481,70698,66421,68452,4277,2246,0.064392285572334,0.0328113130368726
"2491","2017","충북","괴산군","초등학교",2017-04-01,"전체",190,171,165,-6,25,19,-0.0350877192982456,0.151515151515152,0.111111111111111,38425,38165,38101,260,324,0.00681252456439146,0.00850371381328574
"2492","2017","충북","괴산군","초등학교",2017-04-01,"여자",87,77,73,-4,14,10,-0.051948051948052,0.191780821917808,0.12987012987013,38425,38165,38101,260,324,0.00681252456439146,0.00850371381328574
"2493","2017","충북","괴산군","초등학교",2017-04-01,"남자",103,94,92,-2,11,9,-0.0212765957446809,0.119565217391304,0.0957446808510638,38425,38165,38101,260,324,0.00681252456439146,0.00850371381328574
"2494","2017","충북","음성군","초등학교",2017-04-01,"전체",825,859,871,12,-46,-34,0.0139697322467986,-0.052812858783008,-0.039580908032596,97909,95664,97244,2245,665,0.0234675531025255,0.00683846818312698
"2495","2017","충북","음성군","초등학교",2017-04-01,"여자",370,412,412,0,-42,-42,0,-0.101941747572816,-0.101941747572816,97909,95664,97244,2245,665,0.0234675531025255,0.00683846818312698
"2496","2017","충북","음성군","초등학교",2017-04-01,"남자",455,447,459,12,-4,8,0.0268456375838926,-0.00871459694989107,0.0178970917225951,97909,95664,97244,2245,665,0.0234675531025255,0.00683846818312698
"2497","2017","충북","단양군","초등학교",2017-04-01,"전체",156,185,184,-1,-28,-29,-0.00540540540540541,-0.152173913043478,-0.156756756756757,30425,30871,30623,-446,-198,-0.0144472158336303,-0.0064657283740979
"2498","2017","충북","단양군","초등학교",2017-04-01,"여자",66,79,78,-1,-12,-13,-0.0126582278481013,-0.153846153846154,-0.164556962025316,30425,30871,30623,-446,-198,-0.0144472158336303,-0.0064657283740979
"2499","2017","충북","단양군","초등학교",2017-04-01,"남자",90,106,106,0,-16,-16,0,-0.150943396226415,-0.150943396226415,30425,30871,30623,-446,-198,-0.0144472158336303,-0.0064657283740979
"2500","2017","충북","증평군","초등학교",2017-04-01,"전체",398,413,424,11,-26,-15,0.026634382566586,-0.0613207547169811,-0.036319612590799,37479,35121,36994,2358,485,0.0671393183565388,0.0131102340920149
"2501","2017","충북","증평군","초등학교",2017-04-01,"여자",182,204,210,6,-28,-22,0.0294117647058824,-0.133333333333333,-0.107843137254902,37479,35121,36994,2358,485,0.0671393183565388,0.0131102340920149
"2502","2017","충북","증평군","초등학교",2017-04-01,"남자",216,209,214,5,2,7,0.0239234449760766,0.00934579439252336,0.0334928229665072,37479,35121,36994,2358,485,0.0671393183565388,0.0131102340920149
"2503","2017","충남","천안시","초등학교",2017-04-01,"전체",7047,6681,6635,-46,412,366,-0.00688519682682233,0.0620949510173323,0.0547822182308038,624053,602048,608044,22005,16009,0.0365502418411821,0.0263286867397754
"2504","2017","충남","천안시","초등학교",2017-04-01,"여자",3439,3268,3245,-23,194,171,-0.00703794369645043,0.0597842835130971,0.0523255813953488,624053,602048,608044,22005,16009,0.0365502418411821,0.0263286867397754
"2505","2017","충남","천안시","초등학교",2017-04-01,"남자",3608,3413,3390,-23,218,195,-0.00673893934954585,0.064306784660767,0.0571344857896279,624053,602048,608044,22005,16009,0.0365502418411821,0.0263286867397754
"2506","2017","충남","공주시","초등학교",2017-04-01,"전체",751,807,789,-18,-38,-56,-0.0223048327137546,-0.0481622306717364,-0.0693928128872367,109234,112480,110306,-3246,-1072,-0.0288584637268848,-0.009718419668921
"2507","2017","충남","공주시","초등학교",2017-04-01,"여자",362,366,359,-7,3,-4,-0.0191256830601093,0.00835654596100279,-0.0109289617486339,109234,112480,110306,-3246,-1072,-0.0288584637268848,-0.009718419668921
"2508","2017","충남","공주시","초등학교",2017-04-01,"남자",389,441,430,-11,-41,-52,-0.0249433106575964,-0.0953488372093023,-0.117913832199546,109234,112480,110306,-3246,-1072,-0.0288584637268848,-0.009718419668921
"2509","2017","충남","보령시","초등학교",2017-04-01,"전체",797,842,860,18,-63,-45,0.0213776722090261,-0.0732558139534884,-0.0534441805225653,103487,104495,104432,-1008,-945,-0.00964639456433322,-0.00904895051325264
"2510","2017","충남","보령시","초등학교",2017-04-01,"여자",388,407,410,3,-22,-19,0.00737100737100737,-0.0536585365853659,-0.0466830466830467,103487,104495,104432,-1008,-945,-0.00964639456433322,-0.00904895051325264
"2511","2017","충남","보령시","초등학교",2017-04-01,"남자",409,435,450,15,-41,-26,0.0344827586206897,-0.0911111111111111,-0.0597701149425287,103487,104495,104432,-1008,-945,-0.00964639456433322,-0.00904895051325264
"2512","2017","충남","아산시","초등학교",2017-04-01,"전체",3821,4168,4195,27,-374,-347,0.00647792706333973,-0.0891537544696067,-0.0832533589251439,305494,294834,301471,10660,4023,0.0361559385959557,0.0133445671391278
"2513","2017","충남","아산시","초등학교",2017-04-01,"여자",1825,1953,1972,19,-147,-128,0.00972862263184844,-0.0745436105476673,-0.0655401945724526,305494,294834,301471,10660,4023,0.0361559385959557,0.0133445671391278
"2514","2017","충남","아산시","초등학교",2017-04-01,"남자",1996,2215,2223,8,-227,-219,0.0036117381489842,-0.102114260008997,-0.0988713318284424,305494,294834,301471,10660,4023,0.0361559385959557,0.0133445671391278
"2515","2017","충남","서산시","초등학교",2017-04-01,"전체",1720,1849,1840,-9,-120,-129,-0.00486749594375338,-0.0652173913043478,-0.0697674418604651,171102,168096,170025,3006,1077,0.0178826384922901,0.00633436259373622
"2516","2017","충남","서산시","초등학교",2017-04-01,"여자",830,891,892,1,-62,-61,0.00112233445566779,-0.0695067264573991,-0.0684624017957351,171102,168096,170025,3006,1077,0.0178826384922901,0.00633436259373622
"2517","2017","충남","서산시","초등학교",2017-04-01,"남자",890,958,948,-10,-58,-68,-0.0104384133611691,-0.0611814345991561,-0.0709812108559499,171102,168096,170025,3006,1077,0.0178826384922901,0.00633436259373622
"2518","2017","충남","논산시","초등학교",2017-04-01,"전체",929,911,909,-2,20,18,-0.0021953896816685,0.022002200220022,0.0197585071350165,122411,124511,123693,-2100,-1282,-0.0168659797126358,-0.0103643698511638
"2519","2017","충남","논산시","초등학교",2017-04-01,"여자",428,444,439,-5,-11,-16,-0.0112612612612613,-0.0250569476082005,-0.036036036036036,122411,124511,123693,-2100,-1282,-0.0168659797126358,-0.0103643698511638
"2520","2017","충남","논산시","초등학교",2017-04-01,"남자",501,467,470,3,31,34,0.00642398286937901,0.0659574468085106,0.0728051391862955,122411,124511,123693,-2100,-1282,-0.0168659797126358,-0.0103643698511638
"2521","2017","충남","계룡시","초등학교",2017-04-01,"전체",478,459,501,42,-23,19,0.0915032679738562,-0.0459081836327345,0.0413943355119826,43931,40088,42370,3843,1561,0.0958640989822391,0.0368421052631579
"2522","2017","충남","계룡시","초등학교",2017-04-01,"여자",231,225,241,16,-10,6,0.0711111111111111,-0.04149377593361,0.0266666666666667,43931,40088,42370,3843,1561,0.0958640989822391,0.0368421052631579
"2523","2017","충남","계룡시","초등학교",2017-04-01,"남자",247,234,260,26,-13,13,0.111111111111111,-0.05,0.0555555555555556,43931,40088,42370,3843,1561,0.0958640989822391,0.0368421052631579
"2524","2017","충남","금산군","초등학교",2017-04-01,"전체",402,432,424,-8,-22,-30,-0.0185185185185185,-0.0518867924528302,-0.0694444444444444,54250,55003,54870,-753,-620,-0.0136901623547806,-0.0112994350282486
"2525","2017","충남","금산군","초등학교",2017-04-01,"여자",182,193,189,-4,-7,-11,-0.0207253886010363,-0.037037037037037,-0.0569948186528497,54250,55003,54870,-753,-620,-0.0136901623547806,-0.0112994350282486
"2526","2017","충남","금산군","초등학교",2017-04-01,"남자",220,239,235,-4,-15,-19,-0.0167364016736402,-0.0638297872340425,-0.0794979079497908,54250,55003,54870,-753,-620,-0.0136901623547806,-0.0112994350282486
"2527","2017","충남","부여군","초등학교",2017-04-01,"전체",388,396,396,0,-8,-8,0,-0.0202020202020202,-0.0202020202020202,69836,71503,70821,-1667,-985,-0.0233137071171839,-0.0139083040341142
"2528","2017","충남","부여군","초등학교",2017-04-01,"여자",173,174,174,0,-1,-1,0,-0.00574712643678161,-0.00574712643678161,69836,71503,70821,-1667,-985,-0.0233137071171839,-0.0139083040341142
"2529","2017","충남","부여군","초등학교",2017-04-01,"남자",215,222,222,0,-7,-7,0,-0.0315315315315315,-0.0315315315315315,69836,71503,70821,-1667,-985,-0.0233137071171839,-0.0139083040341142
"2530","2017","충남","서천군","초등학교",2017-04-01,"전체",318,345,347,2,-29,-27,0.00579710144927536,-0.0835734870317003,-0.0782608695652174,55691,57262,56479,-1571,-788,-0.0274352974049108,-0.013952088386834
"2531","2017","충남","서천군","초등학교",2017-04-01,"여자",163,168,176,8,-13,-5,0.0476190476190476,-0.0738636363636364,-0.0297619047619048,55691,57262,56479,-1571,-788,-0.0274352974049108,-0.013952088386834
"2532","2017","충남","서천군","초등학교",2017-04-01,"남자",155,177,171,-6,-16,-22,-0.0338983050847458,-0.0935672514619883,-0.124293785310734,55691,57262,56479,-1571,-788,-0.0274352974049108,-0.013952088386834
"2533","2017","충남","청양군","초등학교",2017-04-01,"전체",166,207,208,1,-42,-41,0.00483091787439614,-0.201923076923077,-0.198067632850242,32298,32221,32227,77,71,0.00238974581794482,0.00220312160610668
"2534","2017","충남","청양군","초등학교",2017-04-01,"여자",77,101,102,1,-25,-24,0.0099009900990099,-0.245098039215686,-0.237623762376238,32298,32221,32227,77,71,0.00238974581794482,0.00220312160610668
"2535","2017","충남","청양군","초등학교",2017-04-01,"남자",89,106,106,0,-17,-17,0,-0.160377358490566,-0.160377358490566,32298,32221,32227,77,71,0.00238974581794482,0.00220312160610668
"2536","2017","충남","홍성군","초등학교",2017-04-01,"전체",954,795,876,81,78,159,0.10188679245283,0.089041095890411,0.2,101020,92598,95802,8422,5218,0.0909522883863582,0.0544665038308177
"2537","2017","충남","홍성군","초등학교",2017-04-01,"여자",474,387,421,34,53,87,0.0878552971576227,0.125890736342043,0.224806201550388,101020,92598,95802,8422,5218,0.0909522883863582,0.0544665038308177
"2538","2017","충남","홍성군","초등학교",2017-04-01,"남자",480,408,455,47,25,72,0.115196078431373,0.0549450549450549,0.176470588235294,101020,92598,95802,8422,5218,0.0909522883863582,0.0544665038308177
"2539","2017","충남","예산군","초등학교",2017-04-01,"전체",494,526,509,-17,-15,-32,-0.032319391634981,-0.0294695481335953,-0.0608365019011407,80782,84167,82820,-3385,-2038,-0.0402176625043069,-0.0246075827094905
"2540","2017","충남","예산군","초등학교",2017-04-01,"여자",236,238,238,0,-2,-2,0,-0.00840336134453781,-0.00840336134453781,80782,84167,82820,-3385,-2038,-0.0402176625043069,-0.0246075827094905
"2541","2017","충남","예산군","초등학교",2017-04-01,"남자",258,288,271,-17,-13,-30,-0.0590277777777778,-0.0479704797047971,-0.104166666666667,80782,84167,82820,-3385,-2038,-0.0402176625043069,-0.0246075827094905
"2542","2017","충남","태안군","초등학교",2017-04-01,"전체",354,379,400,21,-46,-25,0.0554089709762533,-0.115,-0.0659630606860158,63812,62772,63505,1040,307,0.0165678965143695,0.00483426501850248
"2543","2017","충남","태안군","초등학교",2017-04-01,"여자",162,181,194,13,-32,-19,0.0718232044198895,-0.164948453608247,-0.104972375690608,63812,62772,63505,1040,307,0.0165678965143695,0.00483426501850248
"2544","2017","충남","태안군","초등학교",2017-04-01,"남자",192,198,206,8,-14,-6,0.0404040404040404,-0.0679611650485437,-0.0303030303030303,63812,62772,63505,1040,307,0.0165678965143695,0.00483426501850248
"2545","2017","충남","당진시","초등학교",2017-04-01,"전체",1870,1954,1944,-10,-74,-84,-0.00511770726714432,-0.0380658436213992,-0.0429887410440123,167062,163531,165454,3531,1608,0.0215922363343953,0.00971871335839569
"2546","2017","충남","당진시","초등학교",2017-04-01,"여자",883,935,937,2,-54,-52,0.00213903743315508,-0.0576307363927428,-0.0556149732620321,167062,163531,165454,3531,1608,0.0215922363343953,0.00971871335839569
"2547","2017","충남","당진시","초등학교",2017-04-01,"남자",987,1019,1007,-12,-20,-32,-0.0117762512266928,-0.0198609731876862,-0.0314033366045142,167062,163531,165454,3531,1608,0.0215922363343953,0.00971871335839569
"2548","2017","전북","전주시","초등학교",2017-04-01,"전체",6516,6428,6474,46,42,88,0.00715619166148102,0.00648748841519926,0.0136901057871811,652031,653663,653005,-1632,-974,-0.00249669936955281,-0.00149156591450295
"2549","2017","전북","전주시","초등학교",2017-04-01,"여자",3163,3106,3140,34,23,57,0.0109465550547328,0.00732484076433121,0.0183515775917579,652031,653663,653005,-1632,-974,-0.00249669936955281,-0.00149156591450295
"2550","2017","전북","전주시","초등학교",2017-04-01,"남자",3353,3322,3334,12,19,31,0.00361228175797712,0.00569886022795441,0.00933172787477423,652031,653663,653005,-1632,-974,-0.00249669936955281,-0.00149156591450295
"2551","2017","전북","군산시","초등학교",2017-04-01,"전체",2710,2857,2847,-10,-137,-147,-0.00350017500875044,-0.0481208289427468,-0.0514525726286314,276446,278457,278435,-2011,-1989,-0.00722194091008666,-0.00714349848259019
"2552","2017","전북","군산시","초등학교",2017-04-01,"여자",1342,1399,1396,-3,-54,-57,-0.00214438884917798,-0.0386819484240688,-0.0407433881343817,276446,278457,278435,-2011,-1989,-0.00722194091008666,-0.00714349848259019
"2553","2017","전북","군산시","초등학교",2017-04-01,"남자",1368,1458,1451,-7,-83,-90,-0.00480109739368999,-0.0572019297036527,-0.0617283950617284,276446,278457,278435,-2011,-1989,-0.00722194091008666,-0.00714349848259019
"2554","2017","전북","익산시","초등학교",2017-04-01,"전체",2650,2733,2748,15,-98,-83,0.00548847420417124,-0.0356622998544396,-0.0303695572630809,301269,303250,301285,-1981,-16,-0.0065325638911789,-5.3105863219211e-05
"2555","2017","전북","익산시","초등학교",2017-04-01,"여자",1309,1385,1402,17,-93,-76,0.0122743682310469,-0.0663338088445078,-0.0548736462093863,301269,303250,301285,-1981,-16,-0.0065325638911789,-5.3105863219211e-05
"2556","2017","전북","익산시","초등학교",2017-04-01,"남자",1341,1348,1346,-2,-5,-7,-0.00148367952522255,-0.0037147102526003,-0.00519287833827893,301269,303250,301285,-1981,-16,-0.0065325638911789,-5.3105863219211e-05
"2557","2017","전북","정읍시","초등학교",2017-04-01,"전체",838,917,904,-13,-66,-79,-0.0141766630316249,-0.0730088495575221,-0.0861504907306434,114504,116711,115489,-2207,-985,-0.0189099570734549,-0.00852895080916797
"2558","2017","전북","정읍시","초등학교",2017-04-01,"여자",407,461,449,-12,-42,-54,-0.0260303687635575,-0.0935412026726058,-0.117136659436009,114504,116711,115489,-2207,-985,-0.0189099570734549,-0.00852895080916797
"2559","2017","전북","정읍시","초등학교",2017-04-01,"남자",431,456,455,-1,-24,-25,-0.00219298245614035,-0.0527472527472527,-0.0548245614035088,114504,116711,115489,-2207,-985,-0.0189099570734549,-0.00852895080916797
"2560","2017","전북","남원시","초등학교",2017-04-01,"전체",686,681,702,21,-16,5,0.0308370044052863,-0.0227920227920228,0.00734214390602056,83884,85253,84688,-1369,-804,-0.0160580859324599,-0.00949367088607595
"2561","2017","전북","남원시","초등학교",2017-04-01,"여자",337,345,359,14,-22,-8,0.0405797101449275,-0.0612813370473538,-0.0231884057971014,83884,85253,84688,-1369,-804,-0.0160580859324599,-0.00949367088607595
"2562","2017","전북","남원시","초등학교",2017-04-01,"남자",349,336,343,7,6,13,0.0208333333333333,0.0174927113702624,0.0386904761904762,83884,85253,84688,-1369,-804,-0.0160580859324599,-0.00949367088607595
"2563","2017","전북","김제시","초등학교",2017-04-01,"전체",597,618,622,4,-25,-21,0.00647249190938511,-0.0401929260450161,-0.0339805825242718,87453,89582,88502,-2129,-1049,-0.0237659351208948,-0.0118528394838535
"2564","2017","전북","김제시","초등학교",2017-04-01,"여자",300,321,327,6,-27,-21,0.0186915887850467,-0.0825688073394495,-0.0654205607476635,87453,89582,88502,-2129,-1049,-0.0237659351208948,-0.0118528394838535
"2565","2017","전북","김제시","초등학교",2017-04-01,"남자",297,297,295,-2,2,0,-0.00673400673400673,0.00677966101694915,0,87453,89582,88502,-2129,-1049,-0.0237659351208948,-0.0118528394838535
"2566","2017","전북","완주군","초등학교",2017-04-01,"전체",900,1015,1043,28,-143,-115,0.0275862068965517,-0.137104506232023,-0.113300492610837,95838,91839,95494,3999,344,0.0435435925913827,0.0036023205646428
"2567","2017","전북","완주군","초등학교",2017-04-01,"여자",397,476,473,-3,-76,-79,-0.00630252100840336,-0.160676532769556,-0.165966386554622,95838,91839,95494,3999,344,0.0435435925913827,0.0036023205646428
"2568","2017","전북","완주군","초등학교",2017-04-01,"남자",503,539,570,31,-67,-36,0.0575139146567718,-0.117543859649123,-0.0667903525046382,95838,91839,95494,3999,344,0.0435435925913827,0.0036023205646428
"2569","2017","전북","진안군","초등학교",2017-04-01,"전체",166,191,181,-10,-15,-25,-0.0523560209424084,-0.0828729281767956,-0.130890052356021,26058,26372,26137,-314,-79,-0.0119065675716669,-0.00302253510349313
"2570","2017","전북","진안군","초등학교",2017-04-01,"여자",81,90,85,-5,-4,-9,-0.0555555555555556,-0.0470588235294118,-0.1,26058,26372,26137,-314,-79,-0.0119065675716669,-0.00302253510349313
"2571","2017","전북","진안군","초등학교",2017-04-01,"남자",85,101,96,-5,-11,-16,-0.0495049504950495,-0.114583333333333,-0.158415841584158,26058,26372,26137,-314,-79,-0.0119065675716669,-0.00302253510349313
"2572","2017","전북","무주군","초등학교",2017-04-01,"전체",163,205,204,-1,-41,-42,-0.0048780487804878,-0.200980392156863,-0.204878048780488,24883,25218,25099,-335,-216,-0.0132841621064319,-0.00860592055460377
"2573","2017","전북","무주군","초등학교",2017-04-01,"여자",74,85,93,8,-19,-11,0.0941176470588235,-0.204301075268817,-0.129411764705882,24883,25218,25099,-335,-216,-0.0132841621064319,-0.00860592055460377
"2574","2017","전북","무주군","초등학교",2017-04-01,"남자",89,120,111,-9,-22,-31,-0.075,-0.198198198198198,-0.258333333333333,24883,25218,25099,-335,-216,-0.0132841621064319,-0.00860592055460377
"2575","2017","전북","장수군","초등학교",2017-04-01,"전체",165,206,205,-1,-40,-41,-0.00485436893203883,-0.195121951219512,-0.199029126213592,23257,23289,23251,-32,6,-0.00137403924599596,0.000258053417057331
"2576","2017","전북","장수군","초등학교",2017-04-01,"여자",75,93,93,0,-18,-18,0,-0.193548387096774,-0.193548387096774,23257,23289,23251,-32,6,-0.00137403924599596,0.000258053417057331
"2577","2017","전북","장수군","초등학교",2017-04-01,"남자",90,113,112,-1,-22,-23,-0.00884955752212389,-0.196428571428571,-0.20353982300885,23257,23289,23251,-32,6,-0.00137403924599596,0.000258053417057331
"2578","2017","전북","임실군","초등학교",2017-04-01,"전체",164,175,170,-5,-6,-11,-0.0285714285714286,-0.0352941176470588,-0.0628571428571429,29440,29649,29428,-209,12,-0.00704914162366353,0.000407774908250646
"2579","2017","전북","임실군","초등학교",2017-04-01,"여자",86,99,97,-2,-11,-13,-0.0202020202020202,-0.11340206185567,-0.131313131313131,29440,29649,29428,-209,12,-0.00704914162366353,0.000407774908250646
"2580","2017","전북","임실군","초등학교",2017-04-01,"남자",78,76,73,-3,5,2,-0.0394736842105263,0.0684931506849315,0.0263157894736842,29440,29649,29428,-209,12,-0.00704914162366353,0.000407774908250646
"2581","2017","전북","순창군","초등학교",2017-04-01,"전체",192,187,199,12,-7,5,0.0641711229946524,-0.0351758793969849,0.0267379679144385,29411,29439,29388,-28,23,-0.000951119263561942,0.000782632366952498
"2582","2017","전북","순창군","초등학교",2017-04-01,"여자",88,95,103,8,-15,-7,0.0842105263157895,-0.145631067961165,-0.0736842105263158,29411,29439,29388,-28,23,-0.000951119263561942,0.000782632366952498
"2583","2017","전북","순창군","초등학교",2017-04-01,"남자",104,92,96,4,8,12,0.0434782608695652,0.0833333333333333,0.130434782608696,29411,29439,29388,-28,23,-0.000951119263561942,0.000782632366952498
"2584","2017","전북","고창군","초등학교",2017-04-01,"전체",353,393,392,-1,-39,-40,-0.00254452926208651,-0.0994897959183673,-0.101781170483461,58735,59762,59343,-1027,-608,-0.0171848331715806,-0.0102455217970106
"2585","2017","전북","고창군","초등학교",2017-04-01,"여자",158,173,171,-2,-13,-15,-0.0115606936416185,-0.0760233918128655,-0.0867052023121387,58735,59762,59343,-1027,-608,-0.0171848331715806,-0.0102455217970106
"2586","2017","전북","고창군","초등학교",2017-04-01,"남자",195,220,221,1,-26,-25,0.00454545454545455,-0.117647058823529,-0.113636363636364,58735,59762,59343,-1027,-608,-0.0171848331715806,-0.0102455217970106
"2587","2017","전북","부안군","초등학교",2017-04-01,"전체",338,377,378,1,-40,-39,0.0026525198938992,-0.105820105820106,-0.103448275862069,56494,57416,56640,-922,-146,-0.0160582416051275,-0.00257768361581921
"2588","2017","전북","부안군","초등학교",2017-04-01,"여자",157,177,179,2,-22,-20,0.0112994350282486,-0.122905027932961,-0.112994350282486,56494,57416,56640,-922,-146,-0.0160582416051275,-0.00257768361581921
"2589","2017","전북","부안군","초등학교",2017-04-01,"남자",181,200,199,-1,-18,-19,-0.005,-0.0904522613065327,-0.095,56494,57416,56640,-922,-146,-0.0160582416051275,-0.00257768361581921
"2590","2017","전남","목포시","초등학교",2017-04-01,"전체",2758,2548,2632,84,126,210,0.032967032967033,0.0478723404255319,0.0824175824175824,236293,238465,238515,-2172,-2222,-0.00910825488017109,-0.0093159759344276
"2591","2017","전남","목포시","초등학교",2017-04-01,"여자",1325,1244,1304,60,21,81,0.0482315112540193,0.0161042944785276,0.065112540192926,236293,238465,238515,-2172,-2222,-0.00910825488017109,-0.0093159759344276
"2592","2017","전남","목포시","초등학교",2017-04-01,"남자",1433,1304,1328,24,105,129,0.0184049079754601,0.079066265060241,0.0989263803680982,236293,238465,238515,-2172,-2222,-0.00910825488017109,-0.0093159759344276
"2593","2017","전남","여수시","초등학교",2017-04-01,"전체",2486,2724,2689,-35,-203,-238,-0.012848751835536,-0.0754927482335441,-0.0873715124816446,287969,290818,289989,-2849,-2020,-0.00979650503063772,-0.00696578146067609
"2594","2017","전남","여수시","초등학교",2017-04-01,"여자",1194,1305,1289,-16,-95,-111,-0.0122605363984674,-0.0737005430566331,-0.0850574712643678,287969,290818,289989,-2849,-2020,-0.00979650503063772,-0.00696578146067609
"2595","2017","전남","여수시","초등학교",2017-04-01,"남자",1292,1419,1400,-19,-108,-127,-0.0133897110641297,-0.0771428571428571,-0.0894996476391825,287969,290818,289989,-2849,-2020,-0.00979650503063772,-0.00696578146067609
"2596","2017","전남","순천시","초등학교",2017-04-01,"전체",2769,2679,2795,116,-26,90,0.0432997387084733,-0.00930232558139535,0.0335946248600224,280189,276897,279298,3292,891,0.0118888973156083,0.00319014099635515
"2597","2017","전남","순천시","초등학교",2017-04-01,"여자",1289,1294,1360,66,-71,-5,0.0510046367851623,-0.0522058823529412,-0.00386398763523957,280189,276897,279298,3292,891,0.0118888973156083,0.00319014099635515
"2598","2017","전남","순천시","초등학교",2017-04-01,"남자",1480,1385,1435,50,45,95,0.036101083032491,0.0313588850174216,0.0685920577617329,280189,276897,279298,3292,891,0.0118888973156083,0.00319014099635515
"2599","2017","전남","나주시","초등학교",2017-04-01,"전체",914,670,797,127,117,244,0.18955223880597,0.146800501882058,0.364179104477612,107348,93617,100067,13731,7281,0.146672078789109,0.0727612499625251
"2600","2017","전남","나주시","초등학교",2017-04-01,"여자",435,325,394,69,41,110,0.212307692307692,0.104060913705584,0.338461538461538,107348,93617,100067,13731,7281,0.146672078789109,0.0727612499625251
"2601","2017","전남","나주시","초등학교",2017-04-01,"남자",479,345,403,58,76,134,0.168115942028985,0.188585607940447,0.388405797101449,107348,93617,100067,13731,7281,0.146672078789109,0.0727612499625251
"2602","2017","전남","광양시","초등학교",2017-04-01,"전체",1650,1738,1706,-32,-56,-88,-0.0184119677790564,-0.0328253223915592,-0.0506329113924051,152798,152324,152318,474,480,0.0031117880307765,0.00315130188158983
"2603","2017","전남","광양시","초등학교",2017-04-01,"여자",783,863,842,-21,-59,-80,-0.0243337195828505,-0.0700712589073634,-0.0926998841251448,152798,152324,152318,474,480,0.0031117880307765,0.00315130188158983
"2604","2017","전남","광양시","초등학교",2017-04-01,"남자",867,875,864,-11,3,-8,-0.0125714285714286,0.00347222222222222,-0.00914285714285714,152798,152324,152318,474,480,0.0031117880307765,0.00315130188158983
"2605","2017","전남","담양군","초등학교",2017-04-01,"전체",274,286,280,-6,-6,-12,-0.020979020979021,-0.0214285714285714,-0.041958041958042,47282,46951,47138,331,144,0.00704990309045601,0.00305486019771734
"2606","2017","전남","담양군","초등학교",2017-04-01,"여자",143,146,138,-8,5,-3,-0.0547945205479452,0.036231884057971,-0.0205479452054795,47282,46951,47138,331,144,0.00704990309045601,0.00305486019771734
"2607","2017","전남","담양군","초등학교",2017-04-01,"남자",131,140,142,2,-11,-9,0.0142857142857143,-0.0774647887323944,-0.0642857142857143,47282,46951,47138,331,144,0.00704990309045601,0.00305486019771734
"2608","2017","전남","곡성군","초등학교",2017-04-01,"전체",155,170,173,3,-18,-15,0.0176470588235294,-0.104046242774566,-0.0882352941176471,30461,30905,30623,-444,-162,-0.0143666073450898,-0.00529014139698919
"2609","2017","전남","곡성군","초등학교",2017-04-01,"여자",81,88,89,1,-8,-7,0.0113636363636364,-0.0898876404494382,-0.0795454545454545,30461,30905,30623,-444,-162,-0.0143666073450898,-0.00529014139698919
"2610","2017","전남","곡성군","초등학교",2017-04-01,"남자",74,82,84,2,-10,-8,0.024390243902439,-0.119047619047619,-0.0975609756097561,30461,30905,30623,-444,-162,-0.0143666073450898,-0.00529014139698919
"2611","2017","전남","구례군","초등학교",2017-04-01,"전체",159,152,162,10,-3,7,0.0657894736842105,-0.0185185185185185,0.0460526315789474,27064,27075,27251,-11,-187,-0.000406278855032318,-0.00686213349968808
"2612","2017","전남","구례군","초등학교",2017-04-01,"여자",77,79,82,3,-5,-2,0.0379746835443038,-0.0609756097560976,-0.0253164556962025,27064,27075,27251,-11,-187,-0.000406278855032318,-0.00686213349968808
"2613","2017","전남","구례군","초등학교",2017-04-01,"남자",82,73,80,7,2,9,0.0958904109589041,0.025,0.123287671232877,27064,27075,27251,-11,-187,-0.000406278855032318,-0.00686213349968808
"2614","2017","전남","고흥군","초등학교",2017-04-01,"전체",328,317,319,2,9,11,0.00630914826498423,0.0282131661442006,0.0347003154574132,67355,69153,68287,-1798,-932,-0.0260003181351496,-0.0136482785888969
"2615","2017","전남","고흥군","초등학교",2017-04-01,"여자",159,150,151,1,8,9,0.00666666666666667,0.0529801324503311,0.06,67355,69153,68287,-1798,-932,-0.0260003181351496,-0.0136482785888969
"2616","2017","전남","고흥군","초등학교",2017-04-01,"남자",169,167,168,1,1,2,0.00598802395209581,0.00595238095238095,0.0119760479041916,67355,69153,68287,-1798,-932,-0.0260003181351496,-0.0136482785888969
"2617","2017","전남","보성군","초등학교",2017-04-01,"전체",224,321,294,-27,-70,-97,-0.0841121495327103,-0.238095238095238,-0.302180685358255,44170,45503,45012,-1333,-842,-0.0292947717732897,-0.0187061228116947
"2618","2017","전남","보성군","초등학교",2017-04-01,"여자",113,166,154,-12,-41,-53,-0.072289156626506,-0.266233766233766,-0.319277108433735,44170,45503,45012,-1333,-842,-0.0292947717732897,-0.0187061228116947
"2619","2017","전남","보성군","초등학교",2017-04-01,"남자",111,155,140,-15,-29,-44,-0.0967741935483871,-0.207142857142857,-0.283870967741935,44170,45503,45012,-1333,-842,-0.0292947717732897,-0.0187061228116947
"2620","2017","전남","화순군","초등학교",2017-04-01,"전체",451,491,473,-18,-22,-40,-0.0366598778004073,-0.0465116279069767,-0.0814663951120163,65139,66224,65898,-1085,-759,-0.016383788354675,-0.0115178002367295
"2621","2017","전남","화순군","초등학교",2017-04-01,"여자",210,231,225,-6,-15,-21,-0.025974025974026,-0.0666666666666667,-0.0909090909090909,65139,66224,65898,-1085,-759,-0.016383788354675,-0.0115178002367295
"2622","2017","전남","화순군","초등학교",2017-04-01,"남자",241,260,248,-12,-7,-19,-0.0461538461538462,-0.0282258064516129,-0.0730769230769231,65139,66224,65898,-1085,-759,-0.016383788354675,-0.0115178002367295
"2623","2017","전남","장흥군","초등학교",2017-04-01,"전체",229,240,240,0,-11,-11,0,-0.0458333333333333,-0.0458333333333333,40063,41272,41149,-1209,-1086,-0.0292934677263035,-0.0263918928771052
"2624","2017","전남","장흥군","초등학교",2017-04-01,"여자",121,107,107,0,14,14,0,0.130841121495327,0.130841121495327,40063,41272,41149,-1209,-1086,-0.0292934677263035,-0.0263918928771052
"2625","2017","전남","장흥군","초등학교",2017-04-01,"남자",108,133,133,0,-25,-25,0,-0.18796992481203,-0.18796992481203,40063,41272,41149,-1209,-1086,-0.0292934677263035,-0.0263918928771052
"2626","2017","전남","강진군","초등학교",2017-04-01,"전체",220,301,273,-28,-53,-81,-0.0930232558139535,-0.194139194139194,-0.269102990033223,37398,39075,38240,-1677,-842,-0.0429174664107486,-0.0220188284518828
"2627","2017","전남","강진군","초등학교",2017-04-01,"여자",102,144,132,-12,-30,-42,-0.0833333333333333,-0.227272727272727,-0.291666666666667,37398,39075,38240,-1677,-842,-0.0429174664107486,-0.0220188284518828
"2628","2017","전남","강진군","초등학교",2017-04-01,"남자",118,157,141,-16,-23,-39,-0.101910828025478,-0.163120567375887,-0.248407643312102,37398,39075,38240,-1677,-842,-0.0429174664107486,-0.0220188284518828
"2629","2017","전남","해남군","초등학교",2017-04-01,"전체",475,534,542,8,-67,-59,0.0149812734082397,-0.123616236162362,-0.110486891385768,74454,76635,75732,-2181,-1278,-0.0284595811313369,-0.0168752971003011
"2630","2017","전남","해남군","초등학교",2017-04-01,"여자",214,272,266,-6,-52,-58,-0.0220588235294118,-0.195488721804511,-0.213235294117647,74454,76635,75732,-2181,-1278,-0.0284595811313369,-0.0168752971003011
"2631","2017","전남","해남군","초등학교",2017-04-01,"남자",261,262,276,14,-15,-1,0.0534351145038168,-0.0543478260869565,-0.00381679389312977,74454,76635,75732,-2181,-1278,-0.0284595811313369,-0.0168752971003011
"2632","2017","전남","영암군","초등학교",2017-04-01,"전체",448,577,544,-33,-96,-129,-0.0571923743500867,-0.176470588235294,-0.223570190641248,56462,58651,58003,-2189,-1541,-0.0373224667951101,-0.0265675913314829
"2633","2017","전남","영암군","초등학교",2017-04-01,"여자",205,272,267,-5,-62,-67,-0.0183823529411765,-0.232209737827715,-0.246323529411765,56462,58651,58003,-2189,-1541,-0.0373224667951101,-0.0265675913314829
"2634","2017","전남","영암군","초등학교",2017-04-01,"남자",243,305,277,-28,-34,-62,-0.0918032786885246,-0.122743682310469,-0.20327868852459,56462,58651,58003,-2189,-1541,-0.0373224667951101,-0.0265675913314829
"2635","2017","전남","무안군","초등학교",2017-04-01,"전체",819,926,954,28,-135,-107,0.0302375809935205,-0.141509433962264,-0.115550755939525,82409,81857,82136,552,273,0.00674346726608598,0.00332375572221681
"2636","2017","전남","무안군","초등학교",2017-04-01,"여자",411,477,485,8,-74,-66,0.0167714884696017,-0.152577319587629,-0.138364779874214,82409,81857,82136,552,273,0.00674346726608598,0.00332375572221681
"2637","2017","전남","무안군","초등학교",2017-04-01,"남자",408,449,469,20,-61,-41,0.044543429844098,-0.130063965884861,-0.0913140311804009,82409,81857,82136,552,273,0.00674346726608598,0.00332375572221681
"2638","2017","전남","함평군","초등학교",2017-04-01,"전체",169,240,232,-8,-63,-71,-0.0333333333333333,-0.271551724137931,-0.295833333333333,34469,35006,34673,-537,-204,-0.0153402273895904,-0.00588354050702276
"2639","2017","전남","함평군","초등학교",2017-04-01,"여자",81,113,110,-3,-29,-32,-0.0265486725663717,-0.263636363636364,-0.283185840707965,34469,35006,34673,-537,-204,-0.0153402273895904,-0.00588354050702276
"2640","2017","전남","함평군","초등학교",2017-04-01,"남자",88,127,122,-5,-34,-39,-0.0393700787401575,-0.278688524590164,-0.307086614173228,34469,35006,34673,-537,-204,-0.0153402273895904,-0.00588354050702276
"2641","2017","전남","영광군","초등학교",2017-04-01,"전체",378,448,439,-9,-61,-70,-0.0200892857142857,-0.138952164009112,-0.15625,55265,56459,56090,-1194,-825,-0.0211480897642537,-0.0147085041896951
"2642","2017","전남","영광군","초등학교",2017-04-01,"여자",183,238,228,-10,-45,-55,-0.0420168067226891,-0.197368421052632,-0.23109243697479,55265,56459,56090,-1194,-825,-0.0211480897642537,-0.0147085041896951
"2643","2017","전남","영광군","초등학교",2017-04-01,"남자",195,210,211,1,-16,-15,0.00476190476190476,-0.0758293838862559,-0.0714285714285714,55265,56459,56090,-1194,-825,-0.0211480897642537,-0.0147085041896951
"2644","2017","전남","장성군","초등학교",2017-04-01,"전체",340,347,351,4,-11,-7,0.0115273775216138,-0.0313390313390313,-0.0201729106628242,45907,46043,46218,-136,-311,-0.00295376061507721,-0.00672898005106236
"2645","2017","전남","장성군","초등학교",2017-04-01,"여자",153,161,169,8,-16,-8,0.0496894409937888,-0.0946745562130177,-0.0496894409937888,45907,46043,46218,-136,-311,-0.00295376061507721,-0.00672898005106236
"2646","2017","전남","장성군","초등학교",2017-04-01,"남자",187,186,182,-4,5,1,-0.021505376344086,0.0274725274725275,0.00537634408602151,45907,46043,46218,-136,-311,-0.00295376061507721,-0.00672898005106236
"2647","2017","전남","완도군","초등학교",2017-04-01,"전체",391,388,397,9,-6,3,0.0231958762886598,-0.0151133501259446,0.0077319587628866,52521,53079,52815,-558,-294,-0.0105126321143955,-0.00556660039761431
"2648","2017","전남","완도군","초등학교",2017-04-01,"여자",193,180,182,2,11,13,0.0111111111111111,0.0604395604395604,0.0722222222222222,52521,53079,52815,-558,-294,-0.0105126321143955,-0.00556660039761431
"2649","2017","전남","완도군","초등학교",2017-04-01,"남자",198,208,215,7,-17,-10,0.0336538461538462,-0.0790697674418605,-0.0480769230769231,52521,53079,52815,-558,-294,-0.0105126321143955,-0.00556660039761431
"2650","2017","전남","진도군","초등학교",2017-04-01,"전체",186,237,240,3,-54,-51,0.0126582278481013,-0.225,-0.215189873417722,32015,32544,32299,-529,-284,-0.0162549164208456,-0.00879284188364965
"2651","2017","전남","진도군","초등학교",2017-04-01,"여자",84,120,121,1,-37,-36,0.00833333333333333,-0.305785123966942,-0.3,32015,32544,32299,-529,-284,-0.0162549164208456,-0.00879284188364965
"2652","2017","전남","진도군","초등학교",2017-04-01,"남자",102,117,119,2,-17,-15,0.0170940170940171,-0.142857142857143,-0.128205128205128,32015,32544,32299,-529,-284,-0.0162549164208456,-0.00879284188364965
"2653","2017","전남","신안군","초등학교",2017-04-01,"전체",159,259,245,-14,-86,-100,-0.0540540540540541,-0.351020408163265,-0.386100386100386,42573,43659,43166,-1086,-593,-0.0248745963031677,-0.0137376639021452
"2654","2017","전남","신안군","초등학교",2017-04-01,"여자",71,116,106,-10,-35,-45,-0.0862068965517241,-0.330188679245283,-0.387931034482759,42573,43659,43166,-1086,-593,-0.0248745963031677,-0.0137376639021452
"2655","2017","전남","신안군","초등학교",2017-04-01,"남자",88,143,139,-4,-51,-55,-0.027972027972028,-0.366906474820144,-0.384615384615385,42573,43659,43166,-1086,-593,-0.0248745963031677,-0.0137376639021452
"2656","2017","경북","포항시","초등학교",2017-04-01,"전체",4741,4939,4937,-2,-196,-198,-0.000404940271309982,-0.0397002228073729,-0.0400890868596882,515255,517974,518152,-2719,-2897,-0.00524929822732415,-0.00559102348345659
"2657","2017","경북","포항시","초등학교",2017-04-01,"여자",2290,2375,2368,-7,-78,-85,-0.00294736842105263,-0.0329391891891892,-0.0357894736842105,515255,517974,518152,-2719,-2897,-0.00524929822732415,-0.00559102348345659
"2658","2017","경북","포항시","초등학교",2017-04-01,"남자",2451,2564,2569,5,-118,-113,0.00195007800312012,-0.0459322693655119,-0.0440717628705148,515255,517974,518152,-2719,-2897,-0.00524929822732415,-0.00559102348345659
"2659","2017","경북","경주시","초등학교",2017-04-01,"전체",1943,2001,2021,20,-78,-58,0.00999500249875063,-0.0385947550717467,-0.0289855072463768,258330,260904,260071,-2574,-1741,-0.00986569772789992,-0.0066943257802677
"2660","2017","경북","경주시","초등학교",2017-04-01,"여자",949,982,992,10,-43,-33,0.010183299389002,-0.0433467741935484,-0.0336048879837067,258330,260904,260071,-2574,-1741,-0.00986569772789992,-0.0066943257802677
"2661","2017","경북","경주시","초등학교",2017-04-01,"남자",994,1019,1029,10,-35,-25,0.0098135426889107,-0.0340136054421769,-0.0245338567222767,258330,260904,260071,-2574,-1741,-0.00986569772789992,-0.0066943257802677
"2662","2017","경북","김천시","초등학교",2017-04-01,"전체",1129,1134,1194,60,-65,-5,0.0529100529100529,-0.0544388609715243,-0.00440917107583774,143041,135293,141054,7748,1987,0.0572682991729062,0.0140868036354871
"2663","2017","경북","김천시","초등학교",2017-04-01,"여자",560,549,574,25,-14,11,0.0455373406193078,-0.024390243902439,0.0200364298724954,143041,135293,141054,7748,1987,0.0572682991729062,0.0140868036354871
"2664","2017","경북","김천시","초등학교",2017-04-01,"남자",569,585,620,35,-51,-16,0.0598290598290598,-0.082258064516129,-0.0273504273504274,143041,135293,141054,7748,1987,0.0572682991729062,0.0140868036354871
"2665","2017","경북","안동시","초등학교",2017-04-01,"전체",1410,1401,1419,18,-9,9,0.012847965738758,-0.00634249471458774,0.00642398286937901,167521,168224,168758,-703,-1237,-0.00417895187369222,-0.00733002287298973
"2666","2017","경북","안동시","초등학교",2017-04-01,"여자",667,679,688,9,-21,-12,0.0132547864506627,-0.0305232558139535,-0.0176730486008837,167521,168224,168758,-703,-1237,-0.00417895187369222,-0.00733002287298973
"2667","2017","경북","안동시","초등학교",2017-04-01,"남자",743,722,731,9,12,21,0.0124653739612188,0.0164158686730506,0.0290858725761773,167521,168224,168758,-703,-1237,-0.00417895187369222,-0.00733002287298973
"2668","2017","경북","구미시","초등학교",2017-04-01,"전체",4663,4988,4951,-37,-288,-325,-0.0074178027265437,-0.0581700666532014,-0.0651563753007217,419455,421281,420291,-1826,-836,-0.00433439913027172,-0.00198909802969847
"2669","2017","경북","구미시","초등학교",2017-04-01,"여자",2251,2346,2318,-28,-67,-95,-0.0119352088661552,-0.0289042277825712,-0.0404944586530264,419455,421281,420291,-1826,-836,-0.00433439913027172,-0.00198909802969847
"2670","2017","경북","구미시","초등학교",2017-04-01,"남자",2412,2642,2633,-9,-221,-230,-0.00340651021953066,-0.0839346752753513,-0.0870552611657835,419455,421281,420291,-1826,-836,-0.00433439913027172,-0.00198909802969847
"2671","2017","경북","영주시","초등학교",2017-04-01,"전체",829,827,822,-5,7,2,-0.0060459492140266,0.00851581508515815,0.00241837968561064,109248,110436,109379,-1188,-131,-0.0107573617298707,-0.00119767048519368
"2672","2017","경북","영주시","초등학교",2017-04-01,"여자",402,394,390,-4,12,8,-0.0101522842639594,0.0307692307692308,0.0203045685279188,109248,110436,109379,-1188,-131,-0.0107573617298707,-0.00119767048519368
"2673","2017","경북","영주시","초등학교",2017-04-01,"남자",427,433,432,-1,-5,-6,-0.0023094688221709,-0.0115740740740741,-0.0138568129330254,109248,110436,109379,-1188,-131,-0.0107573617298707,-0.00119767048519368
"2674","2017","경북","영천시","초등학교",2017-04-01,"전체",613,674,666,-8,-53,-61,-0.0118694362017804,-0.0795795795795796,-0.0905044510385757,100314,100595,100527,-281,-213,-0.00279337939261395,-0.00211883374615775
"2675","2017","경북","영천시","초등학교",2017-04-01,"여자",291,322,318,-4,-27,-31,-0.0124223602484472,-0.0849056603773585,-0.0962732919254658,100314,100595,100527,-281,-213,-0.00279337939261395,-0.00211883374615775
"2676","2017","경북","영천시","초등학교",2017-04-01,"남자",322,352,348,-4,-26,-30,-0.0113636363636364,-0.0747126436781609,-0.0852272727272727,100314,100595,100527,-281,-213,-0.00279337939261395,-0.00211883374615775
"2677","2017","경북","상주시","초등학교",2017-04-01,"전체",639,680,674,-6,-35,-41,-0.00882352941176471,-0.0519287833827893,-0.0602941176470588,101487,102438,102134,-951,-647,-0.00928366426521408,-0.00633481504689917
"2678","2017","경북","상주시","초등학교",2017-04-01,"여자",288,310,302,-8,-14,-22,-0.0258064516129032,-0.0463576158940397,-0.0709677419354839,101487,102438,102134,-951,-647,-0.00928366426521408,-0.00633481504689917
"2679","2017","경북","상주시","초등학교",2017-04-01,"남자",351,370,372,2,-21,-19,0.00540540540540541,-0.0564516129032258,-0.0513513513513514,101487,102438,102134,-951,-647,-0.00928366426521408,-0.00633481504689917
"2680","2017","경북","문경시","초등학교",2017-04-01,"전체",464,540,541,1,-77,-76,0.00185185185185185,-0.142329020332717,-0.140740740740741,74244,75637,75370,-1393,-1126,-0.0184169123577085,-0.0149396311529786
"2681","2017","경북","문경시","초등학교",2017-04-01,"여자",226,266,265,-1,-39,-40,-0.0037593984962406,-0.147169811320755,-0.150375939849624,74244,75637,75370,-1393,-1126,-0.0184169123577085,-0.0149396311529786
"2682","2017","경북","문경시","초등학교",2017-04-01,"남자",238,274,276,2,-38,-36,0.0072992700729927,-0.13768115942029,-0.131386861313869,74244,75637,75370,-1393,-1126,-0.0184169123577085,-0.0149396311529786
"2683","2017","경북","경산시","초등학교",2017-04-01,"전체",2164,2435,2407,-28,-243,-271,-0.0114989733059548,-0.100955546323224,-0.11129363449692,257735,255259,257456,2476,279,0.0096999518136481,0.00108368031819029
"2684","2017","경북","경산시","초등학교",2017-04-01,"여자",1064,1229,1205,-24,-141,-165,-0.0195280716029292,-0.11701244813278,-0.134255492270138,257735,255259,257456,2476,279,0.0096999518136481,0.00108368031819029
"2685","2017","경북","경산시","초등학교",2017-04-01,"남자",1100,1206,1202,-4,-102,-106,-0.0033167495854063,-0.0848585690515807,-0.087893864013267,257735,255259,257456,2476,279,0.0096999518136481,0.00108368031819029
"2686","2017","경북","군위군","초등학교",2017-04-01,"전체",78,85,85,0,-7,-7,0,-0.0823529411764706,-0.0823529411764706,24360,24018,24099,342,261,0.0142393205096178,0.0108303249097473
"2687","2017","경북","군위군","초등학교",2017-04-01,"여자",40,42,41,-1,-1,-2,-0.0238095238095238,-0.024390243902439,-0.0476190476190476,24360,24018,24099,342,261,0.0142393205096178,0.0108303249097473
"2688","2017","경북","군위군","초등학교",2017-04-01,"남자",38,43,44,1,-6,-5,0.0232558139534884,-0.136363636363636,-0.116279069767442,24360,24018,24099,342,261,0.0142393205096178,0.0108303249097473
"2689","2017","경북","의성군","초등학교",2017-04-01,"전체",190,222,218,-4,-28,-32,-0.018018018018018,-0.128440366972477,-0.144144144144144,53936,54860,54298,-924,-362,-0.0168428727670434,-0.006666912225128
"2690","2017","경북","의성군","초등학교",2017-04-01,"여자",88,112,108,-4,-20,-24,-0.0357142857142857,-0.185185185185185,-0.214285714285714,53936,54860,54298,-924,-362,-0.0168428727670434,-0.006666912225128
"2691","2017","경북","의성군","초등학교",2017-04-01,"남자",102,110,110,0,-8,-8,0,-0.0727272727272727,-0.0727272727272727,53936,54860,54298,-924,-362,-0.0168428727670434,-0.006666912225128
"2692","2017","경북","청송군","초등학교",2017-04-01,"전체",97,110,117,7,-20,-13,0.0636363636363636,-0.170940170940171,-0.118181818181818,26225,26383,26335,-158,-110,-0.00598870484781867,-0.0041769508258971
"2693","2017","경북","청송군","초등학교",2017-04-01,"여자",47,50,57,7,-10,-3,0.14,-0.175438596491228,-0.06,26225,26383,26335,-158,-110,-0.00598870484781867,-0.0041769508258971
"2694","2017","경북","청송군","초등학교",2017-04-01,"남자",50,60,60,0,-10,-10,0,-0.166666666666667,-0.166666666666667,26225,26383,26335,-158,-110,-0.00598870484781867,-0.0041769508258971
"2695","2017","경북","영양군","초등학교",2017-04-01,"전체",94,95,94,-1,0,-1,-0.0105263157894737,0,-0.0105263157894737,17642,18043,17782,-401,-140,-0.0222246854735909,-0.00787313013159375
"2696","2017","경북","영양군","초등학교",2017-04-01,"여자",47,38,41,3,6,9,0.0789473684210526,0.146341463414634,0.236842105263158,17642,18043,17782,-401,-140,-0.0222246854735909,-0.00787313013159375
"2697","2017","경북","영양군","초등학교",2017-04-01,"남자",47,57,53,-4,-6,-10,-0.0701754385964912,-0.113207547169811,-0.175438596491228,17642,18043,17782,-401,-140,-0.0222246854735909,-0.00787313013159375
"2698","2017","경북","영덕군","초등학교",2017-04-01,"전체",203,199,195,-4,8,4,-0.0201005025125628,0.041025641025641,0.0201005025125628,38906,39421,39162,-515,-256,-0.0130641028893229,-0.00653694908329503
"2699","2017","경북","영덕군","초등학교",2017-04-01,"여자",96,104,103,-1,-7,-8,-0.00961538461538462,-0.0679611650485437,-0.0769230769230769,38906,39421,39162,-515,-256,-0.0130641028893229,-0.00653694908329503
"2700","2017","경북","영덕군","초등학교",2017-04-01,"남자",107,95,92,-3,15,12,-0.0315789473684211,0.16304347826087,0.126315789473684,38906,39421,39162,-515,-256,-0.0130641028893229,-0.00653694908329503
"2701","2017","경북","청도군","초등학교",2017-04-01,"전체",182,218,216,-2,-34,-36,-0.00917431192660551,-0.157407407407407,-0.165137614678899,43490,43793,43680,-303,-190,-0.00691891398168657,-0.00434981684981685
"2702","2017","경북","청도군","초등학교",2017-04-01,"여자",85,122,120,-2,-35,-37,-0.0163934426229508,-0.291666666666667,-0.30327868852459,43490,43793,43680,-303,-190,-0.00691891398168657,-0.00434981684981685
"2703","2017","경북","청도군","초등학교",2017-04-01,"남자",97,96,96,0,1,1,0,0.0104166666666667,0.0104166666666667,43490,43793,43680,-303,-190,-0.00691891398168657,-0.00434981684981685
"2704","2017","경북","고령군","초등학교",2017-04-01,"전체",190,208,200,-8,-10,-18,-0.0384615384615385,-0.05,-0.0865384615384615,34004,34740,34463,-736,-459,-0.0211859527921704,-0.013318631575893
"2705","2017","경북","고령군","초등학교",2017-04-01,"여자",93,109,102,-7,-9,-16,-0.0642201834862385,-0.0882352941176471,-0.146788990825688,34004,34740,34463,-736,-459,-0.0211859527921704,-0.013318631575893
"2706","2017","경북","고령군","초등학교",2017-04-01,"남자",97,99,98,-1,-1,-2,-0.0101010101010101,-0.0102040816326531,-0.0202020202020202,34004,34740,34463,-736,-459,-0.0211859527921704,-0.013318631575893
"2707","2017","경북","성주군","초등학교",2017-04-01,"전체",179,232,239,7,-60,-53,0.0301724137931034,-0.251046025104602,-0.228448275862069,45015,44845,44961,170,54,0.00379083509867321,0.00120104090211517
"2708","2017","경북","성주군","초등학교",2017-04-01,"여자",94,112,118,6,-24,-18,0.0535714285714286,-0.203389830508475,-0.160714285714286,45015,44845,44961,170,54,0.00379083509867321,0.00120104090211517
"2709","2017","경북","성주군","초등학교",2017-04-01,"남자",85,120,121,1,-36,-35,0.00833333333333333,-0.297520661157025,-0.291666666666667,45015,44845,44961,170,54,0.00379083509867321,0.00120104090211517
"2710","2017","경북","칠곡군","초등학교",2017-04-01,"전체",1224,1352,1315,-37,-91,-128,-0.0273668639053254,-0.0692015209125475,-0.0946745562130177,122530,121695,122476,835,54,0.00686141583466864,0.000440902707469218
"2711","2017","경북","칠곡군","초등학교",2017-04-01,"여자",571,673,656,-17,-85,-102,-0.025260029717682,-0.129573170731707,-0.151560178306092,122530,121695,122476,835,54,0.00686141583466864,0.000440902707469218
"2712","2017","경북","칠곡군","초등학교",2017-04-01,"남자",653,679,659,-20,-6,-26,-0.0294550810014728,-0.00910470409711684,-0.0382916053019146,122530,121695,122476,835,54,0.00686141583466864,0.000440902707469218
"2713","2017","경북","예천군","초등학교",2017-04-01,"전체",209,276,277,1,-68,-67,0.0036231884057971,-0.245487364620939,-0.242753623188406,46351,44931,45294,1420,1057,0.0316040150452917,0.0233364242504526
"2714","2017","경북","예천군","초등학교",2017-04-01,"여자",101,133,139,6,-38,-32,0.0451127819548872,-0.273381294964029,-0.240601503759398,46351,44931,45294,1420,1057,0.0316040150452917,0.0233364242504526
"2715","2017","경북","예천군","초등학교",2017-04-01,"남자",108,143,138,-5,-30,-35,-0.034965034965035,-0.217391304347826,-0.244755244755245,46351,44931,45294,1420,1057,0.0316040150452917,0.0233364242504526
"2716","2017","경북","봉화군","초등학교",2017-04-01,"전체",176,235,228,-7,-52,-59,-0.0297872340425532,-0.228070175438596,-0.251063829787234,33404,33853,33683,-449,-279,-0.0132632263019526,-0.00828311017427189
"2717","2017","경북","봉화군","초등학교",2017-04-01,"여자",87,121,115,-6,-28,-34,-0.0495867768595041,-0.243478260869565,-0.28099173553719,33404,33853,33683,-449,-279,-0.0132632263019526,-0.00828311017427189
"2718","2017","경북","봉화군","초등학교",2017-04-01,"남자",89,114,113,-1,-24,-25,-0.0087719298245614,-0.212389380530973,-0.219298245614035,33404,33853,33683,-449,-279,-0.0132632263019526,-0.00828311017427189
"2719","2017","경북","울진군","초등학교",2017-04-01,"전체",337,375,362,-13,-25,-38,-0.0346666666666667,-0.069060773480663,-0.101333333333333,51293,51957,51671,-664,-378,-0.0127797986796774,-0.00731551547289582
"2720","2017","경북","울진군","초등학교",2017-04-01,"여자",154,195,182,-13,-28,-41,-0.0666666666666667,-0.153846153846154,-0.21025641025641,51293,51957,51671,-664,-378,-0.0127797986796774,-0.00731551547289582
"2721","2017","경북","울진군","초등학교",2017-04-01,"남자",183,180,180,0,3,3,0,0.0166666666666667,0.0166666666666667,51293,51957,51671,-664,-378,-0.0127797986796774,-0.00731551547289582
"2722","2017","경북","울릉군","초등학교",2017-04-01,"전체",39,55,55,0,-16,-16,0,-0.290909090909091,-0.290909090909091,10024,10257,10142,-233,-118,-0.0227161938188554,-0.0116347860382568
"2723","2017","경북","울릉군","초등학교",2017-04-01,"여자",17,24,25,1,-8,-7,0.0416666666666667,-0.32,-0.291666666666667,10024,10257,10142,-233,-118,-0.0227161938188554,-0.0116347860382568
"2724","2017","경북","울릉군","초등학교",2017-04-01,"남자",22,31,30,-1,-8,-9,-0.032258064516129,-0.266666666666667,-0.290322580645161,10024,10257,10142,-233,-118,-0.0227161938188554,-0.0116347860382568
"2725","2017","경남","창원시","초등학교",2017-04-01,"전체",9717,20772,20534,-238,-10817,-11055,-0.0114577315617177,-0.526784844647901,-0.532206816868862,1059959,1073138,1069043,-13179,-9084,-0.0122808063827765,-0.00849731956525603
"2726","2017","경남","창원시","초등학교",2017-04-01,"여자",4660,10006,9964,-42,-5304,-5346,-0.00419748151109334,-0.532316338819751,-0.534279432340596,1059959,1073138,1069043,-13179,-9084,-0.0122808063827765,-0.00849731956525603
"2727","2017","경남","창원시","초등학교",2017-04-01,"남자",5057,10766,10570,-196,-5513,-5709,-0.0182054616384915,-0.521570482497635,-0.530280512725246,1059959,1073138,1069043,-13179,-9084,-0.0122808063827765,-0.00849731956525603
"2728","2017","경남","진주시","초등학교",2017-04-01,"전체",3371,3285,3397,112,-26,86,0.0340943683409437,-0.00765381218722402,0.026179604261796,346989,341700,346190,5289,799,0.0154784899034241,0.00230798116641151
"2729","2017","경남","진주시","초등학교",2017-04-01,"여자",1590,1518,1580,62,10,72,0.0408432147562582,0.00632911392405063,0.0474308300395257,346989,341700,346190,5289,799,0.0154784899034241,0.00230798116641151
"2730","2017","경남","진주시","초등학교",2017-04-01,"남자",1781,1767,1817,50,-36,14,0.0282965478211658,-0.0198128783709411,0.00792303338992643,346989,341700,346190,5289,799,0.0154784899034241,0.00230798116641151
"2731","2017","경남","통영시","초등학교",2017-04-01,"전체",1521,1556,1566,10,-45,-35,0.006426735218509,-0.028735632183908,-0.0224935732647815,137053,139344,138883,-2291,-1830,-0.0164413250660237,-0.0131765586860883
"2732","2017","경남","통영시","초등학교",2017-04-01,"여자",722,748,754,6,-32,-26,0.00802139037433155,-0.0424403183023873,-0.0347593582887701,137053,139344,138883,-2291,-1830,-0.0164413250660237,-0.0131765586860883
"2733","2017","경남","통영시","초등학교",2017-04-01,"남자",799,808,812,4,-13,-9,0.00495049504950495,-0.0160098522167488,-0.0111386138613861,137053,139344,138883,-2291,-1830,-0.0164413250660237,-0.0131765586860883
"2734","2017","경남","사천시","초등학교",2017-04-01,"전체",1169,1238,1189,-49,-20,-69,-0.0395799676898223,-0.0168208578637511,-0.055735056542811,114598,116102,115097,-1504,-499,-0.0129541265439011,-0.00433547355708663
"2735","2017","경남","사천시","초등학교",2017-04-01,"여자",550,573,546,-27,4,-23,-0.0471204188481675,0.00732600732600733,-0.0401396160558464,114598,116102,115097,-1504,-499,-0.0129541265439011,-0.00433547355708663
"2736","2017","경남","사천시","초등학교",2017-04-01,"남자",619,665,643,-22,-24,-46,-0.0330827067669173,-0.0373250388802488,-0.0691729323308271,114598,116102,115097,-1504,-499,-0.0129541265439011,-0.00433547355708663
"2737","2017","경남","김해시","초등학교",2017-04-01,"전체",5904,6219,6199,-20,-295,-315,-0.00321595111754301,-0.0475883206968866,-0.0506512301013025,530121,527275,528749,2846,1372,0.00539756294153905,0.00259480396180418
"2738","2017","경남","김해시","초등학교",2017-04-01,"여자",2863,2990,3000,10,-137,-127,0.00334448160535117,-0.0456666666666667,-0.0424749163879599,530121,527275,528749,2846,1372,0.00539756294153905,0.00259480396180418
"2739","2017","경남","김해시","초등학교",2017-04-01,"남자",3041,3229,3199,-30,-158,-188,-0.00929080210591514,-0.0493904345107846,-0.0582223598637349,530121,527275,528749,2846,1372,0.00539756294153905,0.00259480396180418
"2740","2017","경남","밀양시","초등학교",2017-04-01,"전체",694,716,736,20,-42,-22,0.0279329608938547,-0.0570652173913043,-0.0307262569832402,108195,107595,107872,600,323,0.00557646730796041,0.00299428952832987
"2741","2017","경남","밀양시","초등학교",2017-04-01,"여자",331,349,360,11,-29,-18,0.0315186246418338,-0.0805555555555556,-0.0515759312320917,108195,107595,107872,600,323,0.00557646730796041,0.00299428952832987
"2742","2017","경남","밀양시","초등학교",2017-04-01,"남자",363,367,376,9,-13,-4,0.0245231607629428,-0.0345744680851064,-0.0108991825613079,108195,107595,107872,600,323,0.00557646730796041,0.00299428952832987
"2743","2017","경남","거제시","초등학교",2017-04-01,"전체",3304,3442,3469,27,-165,-138,0.00784427658338176,-0.0475641395214759,-0.0400929692039512,256307,251563,257327,4744,-1020,0.0188580991640265,-0.0039638281253036
"2744","2017","경남","거제시","초등학교",2017-04-01,"여자",1635,1691,1690,-1,-55,-56,-0.000591366055588409,-0.0325443786982249,-0.0331164991129509,256307,251563,257327,4744,-1020,0.0188580991640265,-0.0039638281253036
"2745","2017","경남","거제시","초등학교",2017-04-01,"남자",1669,1751,1779,28,-110,-82,0.0159908623643632,-0.0618324901630129,-0.0468303826384923,256307,251563,257327,4744,-1020,0.0188580991640265,-0.0039638281253036
"2746","2017","경남","양산시","초등학교",2017-04-01,"전체",3574,3485,3566,81,8,89,0.0232424677187948,0.00224340998317443,0.0255380200860832,322646,296138,304872,26508,17774,0.0895123219580061,0.0582998766695531
"2747","2017","경남","양산시","초등학교",2017-04-01,"여자",1766,1660,1716,56,50,106,0.0337349397590361,0.0291375291375291,0.063855421686747,322646,296138,304872,26508,17774,0.0895123219580061,0.0582998766695531
"2748","2017","경남","양산시","초등학교",2017-04-01,"남자",1808,1825,1850,25,-42,-17,0.0136986301369863,-0.0227027027027027,-0.00931506849315068,322646,296138,304872,26508,17774,0.0895123219580061,0.0582998766695531
"2749","2017","경남","의령군","초등학교",2017-04-01,"전체",128,173,163,-10,-35,-45,-0.0578034682080925,-0.214723926380368,-0.260115606936416,27970,28948,28266,-978,-296,-0.0337847174243471,-0.0104719450930446
"2750","2017","경남","의령군","초등학교",2017-04-01,"여자",61,85,78,-7,-17,-24,-0.0823529411764706,-0.217948717948718,-0.282352941176471,27970,28948,28266,-978,-296,-0.0337847174243471,-0.0104719450930446
"2751","2017","경남","의령군","초등학교",2017-04-01,"남자",67,88,85,-3,-18,-21,-0.0340909090909091,-0.211764705882353,-0.238636363636364,27970,28948,28266,-978,-296,-0.0337847174243471,-0.0104719450930446
"2752","2017","경남","함안군","초등학교",2017-04-01,"전체",624,656,659,3,-35,-32,0.00457317073170732,-0.0531107738998483,-0.0487804878048781,68740,68737,68931,3,-191,4.36446164365626e-05,-0.00277088682885784
"2753","2017","경남","함안군","초등학교",2017-04-01,"여자",291,321,315,-6,-24,-30,-0.0186915887850467,-0.0761904761904762,-0.0934579439252336,68740,68737,68931,3,-191,4.36446164365626e-05,-0.00277088682885784
"2754","2017","경남","함안군","초등학교",2017-04-01,"남자",333,335,344,9,-11,-2,0.026865671641791,-0.0319767441860465,-0.00597014925373134,68740,68737,68931,3,-191,4.36446164365626e-05,-0.00277088682885784
"2755","2017","경남","창녕군","초등학교",2017-04-01,"전체",384,403,397,-6,-13,-19,-0.0148883374689826,-0.0327455919395466,-0.0471464019851117,64042,63635,63740,407,302,0.00639585133967156,0.00473799811735174
"2756","2017","경남","창녕군","초등학교",2017-04-01,"여자",183,193,185,-8,-2,-10,-0.0414507772020725,-0.0108108108108108,-0.0518134715025907,64042,63635,63740,407,302,0.00639585133967156,0.00473799811735174
"2757","2017","경남","창녕군","초등학교",2017-04-01,"남자",201,210,212,2,-11,-9,0.00952380952380952,-0.0518867924528302,-0.0428571428571429,64042,63635,63740,407,302,0.00639585133967156,0.00473799811735174
"2758","2017","경남","고성군","초등학교",2017-04-01,"전체",398,432,425,-7,-27,-34,-0.0162037037037037,-0.0635294117647059,-0.0787037037037037,54539,55591,55013,-1052,-474,-0.0189239265348708,-0.00861614527475324
"2759","2017","경남","고성군","초등학교",2017-04-01,"여자",184,203,192,-11,-8,-19,-0.0541871921182266,-0.0416666666666667,-0.0935960591133005,54539,55591,55013,-1052,-474,-0.0189239265348708,-0.00861614527475324
"2760","2017","경남","고성군","초등학교",2017-04-01,"남자",214,229,233,4,-19,-15,0.0174672489082969,-0.0815450643776824,-0.0655021834061135,54539,55591,55013,-1052,-474,-0.0189239265348708,-0.00861614527475324
"2761","2017","경남","남해군","초등학교",2017-04-01,"전체",223,240,235,-5,-12,-17,-0.0208333333333333,-0.051063829787234,-0.0708333333333333,44946,46357,45581,-1411,-635,-0.0304376901007399,-0.0139312432811917
"2762","2017","경남","남해군","초등학교",2017-04-01,"여자",109,103,97,-6,12,6,-0.058252427184466,0.123711340206186,0.058252427184466,44946,46357,45581,-1411,-635,-0.0304376901007399,-0.0139312432811917
"2763","2017","경남","남해군","초등학교",2017-04-01,"남자",114,137,138,1,-24,-23,0.0072992700729927,-0.173913043478261,-0.167883211678832,44946,46357,45581,-1411,-635,-0.0304376901007399,-0.0139312432811917
"2764","2017","경남","하동군","초등학교",2017-04-01,"전체",270,310,305,-5,-35,-40,-0.0161290322580645,-0.114754098360656,-0.129032258064516,48857,49826,49643,-969,-786,-0.0194476779191587,-0.0158330479624519
"2765","2017","경남","하동군","초등학교",2017-04-01,"여자",117,139,137,-2,-20,-22,-0.0143884892086331,-0.145985401459854,-0.158273381294964,48857,49826,49643,-969,-786,-0.0194476779191587,-0.0158330479624519
"2766","2017","경남","하동군","초등학교",2017-04-01,"남자",153,171,168,-3,-15,-18,-0.0175438596491228,-0.0892857142857143,-0.105263157894737,48857,49826,49643,-969,-786,-0.0194476779191587,-0.0158330479624519
"2767","2017","경남","산청군","초등학교",2017-04-01,"전체",192,209,199,-10,-7,-17,-0.0478468899521531,-0.0351758793969849,-0.0813397129186603,36158,36141,35974,17,184,0.000470379900943527,0.00511480513704342
"2768","2017","경남","산청군","초등학교",2017-04-01,"여자",87,96,82,-14,5,-9,-0.145833333333333,0.0609756097560976,-0.09375,36158,36141,35974,17,184,0.000470379900943527,0.00511480513704342
"2769","2017","경남","산청군","초등학교",2017-04-01,"남자",105,113,117,4,-12,-8,0.0353982300884956,-0.102564102564103,-0.0707964601769911,36158,36141,35974,17,184,0.000470379900943527,0.00511480513704342
"2770","2017","경남","함양군","초등학교",2017-04-01,"전체",253,278,282,4,-29,-25,0.0143884892086331,-0.102836879432624,-0.0899280575539568,40125,40351,40213,-226,-88,-0.00560085251914451,-0.00218834705194838
"2771","2017","경남","함양군","초등학교",2017-04-01,"여자",111,132,131,-1,-20,-21,-0.00757575757575758,-0.152671755725191,-0.159090909090909,40125,40351,40213,-226,-88,-0.00560085251914451,-0.00218834705194838
"2772","2017","경남","함양군","초등학교",2017-04-01,"남자",142,146,151,5,-9,-4,0.0342465753424658,-0.0596026490066225,-0.0273972602739726,40125,40351,40213,-226,-88,-0.00560085251914451,-0.00218834705194838
"2773","2017","경남","거창군","초등학교",2017-04-01,"전체",455,443,462,19,-7,12,0.0428893905191874,-0.0151515151515152,0.0270880361173815,63108,63073,63127,35,-19,0.000554912561634931,-0.000300980562992064
"2774","2017","경남","거창군","초등학교",2017-04-01,"여자",213,202,210,8,3,11,0.0396039603960396,0.0142857142857143,0.0544554455445545,63108,63073,63127,35,-19,0.000554912561634931,-0.000300980562992064
"2775","2017","경남","거창군","초등학교",2017-04-01,"남자",242,241,252,11,-10,1,0.045643153526971,-0.0396825396825397,0.004149377593361,63108,63073,63127,35,-19,0.000554912561634931,-0.000300980562992064
"2776","2017","경남","합천군","초등학교",2017-04-01,"전체",165,244,241,-3,-76,-79,-0.0122950819672131,-0.315352697095436,-0.323770491803279,47350,49088,48137,-1738,-787,-0.0354058018252933,-0.0163491700770717
"2777","2017","경남","합천군","초등학교",2017-04-01,"여자",73,125,124,-1,-51,-52,-0.008,-0.411290322580645,-0.416,47350,49088,48137,-1738,-787,-0.0354058018252933,-0.0163491700770717
"2778","2017","경남","합천군","초등학교",2017-04-01,"남자",92,119,117,-2,-25,-27,-0.0168067226890756,-0.213675213675214,-0.226890756302521,47350,49088,48137,-1738,-787,-0.0354058018252933,-0.0163491700770717
"2779","2017","제주","제주시","초등학교",2017-04-01,"전체",5061,5002,5128,126,-67,59,0.0251899240303878,-0.0130655226209048,0.0117952818872451,472838,452584,463921,20254,8917,0.0447519134569494,0.0192209449453679
"2780","2017","제주","제주시","초등학교",2017-04-01,"여자",2424,2457,2522,65,-98,-33,0.0264550264550265,-0.0388580491673275,-0.0134310134310134,472838,452584,463921,20254,8917,0.0447519134569494,0.0192209449453679
"2781","2017","제주","제주시","초등학교",2017-04-01,"남자",2637,2545,2606,61,31,92,0.0239685658153242,0.0118956254796623,0.0361493123772102,472838,452584,463921,20254,8917,0.0447519134569494,0.0192209449453679
"2782","2017","제주","서귀포시","초등학교",2017-04-01,"전체",1513,1467,1604,137,-91,46,0.0933878663940014,-0.0567331670822943,0.0313565098841172,173302,159921,167140,13381,6162,0.0836725633281433,0.0368672968768697
"2783","2017","제주","서귀포시","초등학교",2017-04-01,"여자",745,706,765,59,-20,39,0.0835694050991501,-0.0261437908496732,0.0552407932011331,173302,159921,167140,13381,6162,0.0836725633281433,0.0368672968768697
"2784","2017","제주","서귀포시","초등학교",2017-04-01,"남자",768,761,839,78,-71,7,0.102496714848883,-0.0846245530393325,0.00919842312746386,173302,159921,167140,13381,6162,0.0836725633281433,0.0368672968768697
"2785","2018","서울","종로구","초등학교",2018-04-01,"전체",861,885,919,34,-58,-24,0.0384180790960452,-0.0631120783460283,-0.0271186440677966,154312,154919,153937,-607,375,-0.0039181765955112,0.0024360615056809
"2786","2018","서울","종로구","초등학교",2018-04-01,"여자",419,446,449,3,-30,-27,0.00672645739910314,-0.066815144766147,-0.0605381165919283,154312,154919,153937,-607,375,-0.0039181765955112,0.0024360615056809
"2787","2018","서울","종로구","초등학교",2018-04-01,"남자",442,439,470,31,-28,3,0.0706150341685649,-0.0595744680851064,0.00683371298405467,154312,154919,153937,-607,375,-0.0039181765955112,0.0024360615056809
"2788","2018","서울","중구","초등학교",2018-04-01,"전체",897,893,828,-65,69,4,-0.0727883538633819,0.0833333333333333,0.00447928331466965,125986,125786,124072,200,1914,0.00159000206700269,0.0154265265329808
"2789","2018","서울","중구","초등학교",2018-04-01,"여자",455,436,400,-36,55,19,-0.0825688073394495,0.1375,0.0435779816513761,125986,125786,124072,200,1914,0.00159000206700269,0.0154265265329808
"2790","2018","서울","중구","초등학교",2018-04-01,"남자",442,457,428,-29,14,-15,-0.0634573304157549,0.0327102803738318,-0.0328227571115974,125986,125786,124072,200,1914,0.00159000206700269,0.0154265265329808
"2791","2018","서울","용산구","초등학교",2018-04-01,"전체",1225,1731,1656,-75,-431,-506,-0.0433275563258232,-0.260265700483092,-0.292316580011554,229939,232543,229062,-2604,877,-0.0111979289851769,0.0038286577433184
"2792","2018","서울","용산구","초등학교",2018-04-01,"여자",577,855,805,-50,-228,-278,-0.0584795321637427,-0.283229813664596,-0.325146198830409,229939,232543,229062,-2604,877,-0.0111979289851769,0.0038286577433184
"2793","2018","서울","용산구","초등학교",2018-04-01,"남자",648,876,851,-25,-203,-228,-0.0285388127853881,-0.238542890716804,-0.26027397260274,229939,232543,229062,-2604,877,-0.0111979289851769,0.0038286577433184
"2794","2018","서울","성동구","초등학교",2018-04-01,"전체",2109,2368,2359,-9,-250,-259,-0.00380067567567568,-0.105977108944468,-0.109375,307460,296594,303576,10866,3884,0.0366359400392456,0.0127941602761747
"2795","2018","서울","성동구","초등학교",2018-04-01,"여자",1034,1165,1155,-10,-121,-131,-0.00858369098712446,-0.104761904761905,-0.11244635193133,307460,296594,303576,10866,3884,0.0366359400392456,0.0127941602761747
"2796","2018","서울","성동구","초등학교",2018-04-01,"남자",1075,1203,1204,1,-129,-128,0.000831255195344971,-0.107142857142857,-0.106400665004156,307460,296594,303576,10866,3884,0.0366359400392456,0.0127941602761747
"2797","2018","서울","광진구","초등학교",2018-04-01,"전체",2494,2522,2438,-84,56,-28,-0.0333068992862807,0.0229696472518458,-0.0111022997620936,356757,359899,357261,-3142,-504,-0.00873022709148956,-0.00141073332941463
"2798","2018","서울","광진구","초등학교",2018-04-01,"여자",1246,1242,1209,-33,37,4,-0.0265700483091787,0.0306038047973532,0.00322061191626409,356757,359899,357261,-3142,-504,-0.00873022709148956,-0.00141073332941463
"2799","2018","서울","광진구","초등학교",2018-04-01,"남자",1248,1280,1229,-51,19,-32,-0.03984375,0.015459723352319,-0.025,356757,359899,357261,-3142,-504,-0.00873022709148956,-0.00141073332941463
"2800","2018","서울","동대문구","초등학교",2018-04-01,"전체",2309,2645,2505,-140,-196,-336,-0.052930056710775,-0.0782435129740519,-0.12703213610586,348916,359488,353898,-10572,-4982,-0.0294084920776215,-0.014077502557234
"2801","2018","서울","동대문구","초등학교",2018-04-01,"여자",1118,1280,1225,-55,-107,-162,-0.04296875,-0.0873469387755102,-0.1265625,348916,359488,353898,-10572,-4982,-0.0294084920776215,-0.014077502557234
"2802","2018","서울","동대문구","초등학교",2018-04-01,"남자",1191,1365,1280,-85,-89,-174,-0.0622710622710623,-0.06953125,-0.127472527472527,348916,359488,353898,-10572,-4982,-0.0294084920776215,-0.014077502557234
"2803","2018","서울","중랑구","초등학교",2018-04-01,"전체",2656,3106,2999,-107,-343,-450,-0.0344494526722473,-0.114371457152384,-0.144880875724404,406494,413648,409740,-7154,-3246,-0.0172948980775925,-0.00792209693952262
"2804","2018","서울","중랑구","초등학교",2018-04-01,"여자",1287,1486,1427,-59,-140,-199,-0.0397039030955585,-0.0981079187105816,-0.133916554508748,406494,413648,409740,-7154,-3246,-0.0172948980775925,-0.00792209693952262
"2805","2018","서울","중랑구","초등학교",2018-04-01,"남자",1369,1620,1572,-48,-203,-251,-0.0296296296296296,-0.129134860050891,-0.154938271604938,406494,413648,409740,-7154,-3246,-0.0172948980775925,-0.00792209693952262
"2806","2018","서울","성북구","초등학교",2018-04-01,"전체",3596,3712,3633,-79,-37,-116,-0.0212823275862069,-0.0101844205890449,-0.03125,441618,458028,449280,-16410,-7662,-0.0358275039953889,-0.017053952991453
"2807","2018","서울","성북구","초등학교",2018-04-01,"여자",1732,1775,1738,-37,-6,-43,-0.0208450704225352,-0.00345224395857307,-0.0242253521126761,441618,458028,449280,-16410,-7662,-0.0358275039953889,-0.017053952991453
"2808","2018","서울","성북구","초등학교",2018-04-01,"남자",1864,1937,1895,-42,-31,-73,-0.0216830149716056,-0.0163588390501319,-0.0376871450696954,441618,458028,449280,-16410,-7662,-0.0358275039953889,-0.017053952991453
"2809","2018","서울","강북구","초등학교",2018-04-01,"전체",1754,2333,2244,-89,-490,-579,-0.0381483069009859,-0.218360071301248,-0.248178311187312,323360,329863,326713,-6503,-3353,-0.0197142450047444,-0.0102628300679802
"2810","2018","서울","강북구","초등학교",2018-04-01,"여자",857,1142,1098,-44,-241,-285,-0.0385288966725044,-0.219489981785064,-0.249562171628722,323360,329863,326713,-6503,-3353,-0.0197142450047444,-0.0102628300679802
"2811","2018","서울","강북구","초등학교",2018-04-01,"남자",897,1191,1146,-45,-249,-294,-0.0377833753148615,-0.217277486910995,-0.246851385390428,323360,329863,326713,-6503,-3353,-0.0197142450047444,-0.0102628300679802
"2812","2018","서울","도봉구","초등학교",2018-04-01,"전체",2595,2659,2563,-96,32,-64,-0.0361037984204588,0.0124853687085447,-0.0240691989469725,342528,350316,346161,-7788,-3633,-0.0222313568321173,-0.0104951164342604
"2813","2018","서울","도봉구","초등학교",2018-04-01,"여자",1275,1286,1247,-39,28,-11,-0.0303265940902022,0.0224538893344026,-0.00855365474339036,342528,350316,346161,-7788,-3633,-0.0222313568321173,-0.0104951164342604
"2814","2018","서울","도봉구","초등학교",2018-04-01,"남자",1320,1373,1316,-57,4,-53,-0.0415149308084487,0.00303951367781155,-0.0386016023306628,342528,350316,346161,-7788,-3633,-0.0222313568321173,-0.0104951164342604
"2815","2018","서울","노원구","초등학교",2018-04-01,"전체",4242,4382,4265,-117,-23,-140,-0.0267001369237791,-0.00539273153575616,-0.0319488817891374,550978,574055,565076,-23077,-14098,-0.040199980838073,-0.0249488564370102
"2816","2018","서울","노원구","초등학교",2018-04-01,"여자",2089,2166,2104,-62,-15,-77,-0.0286241920590951,-0.00712927756653992,-0.0355493998153278,550978,574055,565076,-23077,-14098,-0.040199980838073,-0.0249488564370102
"2817","2018","서울","노원구","초등학교",2018-04-01,"남자",2153,2216,2161,-55,-8,-63,-0.0248194945848375,-0.003701989819528,-0.0284296028880866,550978,574055,565076,-23077,-14098,-0.040199980838073,-0.0249488564370102
"2818","2018","서울","은평구","초등학교",2018-04-01,"전체",3630,3985,3853,-132,-223,-355,-0.0331242158092848,-0.0578769789774202,-0.0890840652446675,485572,496070,489741,-10498,-4169,-0.0211623359606507,-0.00851266281565154
"2819","2018","서울","은평구","초등학교",2018-04-01,"여자",1769,1921,1853,-68,-84,-152,-0.0353982300884956,-0.0453318942255801,-0.0791254554919313,485572,496070,489741,-10498,-4169,-0.0211623359606507,-0.00851266281565154
"2820","2018","서울","은평구","초등학교",2018-04-01,"남자",1861,2064,2000,-64,-139,-203,-0.0310077519379845,-0.0695,-0.0983527131782946,485572,496070,489741,-10498,-4169,-0.0211623359606507,-0.00851266281565154
"2821","2018","서울","서대문구","초등학교",2018-04-01,"전체",2162,2292,2239,-53,-77,-130,-0.0231239092495637,-0.0343903528360875,-0.0567190226876091,311899,316275,314910,-4376,-3011,-0.013836060390483,-0.00956146200501731
"2822","2018","서울","서대문구","초등학교",2018-04-01,"여자",1100,1132,1117,-15,-17,-32,-0.0132508833922261,-0.0152193375111907,-0.0282685512367491,311899,316275,314910,-4376,-3011,-0.013836060390483,-0.00956146200501731
"2823","2018","서울","서대문구","초등학교",2018-04-01,"남자",1062,1160,1122,-38,-60,-98,-0.0327586206896552,-0.053475935828877,-0.0844827586206897,311899,316275,314910,-4376,-3011,-0.013836060390483,-0.00956146200501731
"2824","2018","서울","마포구","초등학교",2018-04-01,"전체",2462,2999,2867,-132,-405,-537,-0.0440146715571857,-0.141262643878619,-0.179059686562187,374655,386208,378366,-11553,-3711,-0.0299139323887646,-0.00980796371767019
"2825","2018","서울","마포구","초등학교",2018-04-01,"여자",1240,1473,1404,-69,-164,-233,-0.0468431771894094,-0.116809116809117,-0.158180583842498,374655,386208,378366,-11553,-3711,-0.0299139323887646,-0.00980796371767019
"2826","2018","서울","마포구","초등학교",2018-04-01,"남자",1222,1526,1463,-63,-241,-304,-0.0412844036697248,-0.16473000683527,-0.199213630406291,374655,386208,378366,-11553,-3711,-0.0299139323887646,-0.00980796371767019
"2827","2018","서울","양천구","초등학교",2018-04-01,"전체",3739,3710,3772,62,-33,29,0.016711590296496,-0.00874867444326617,0.0078167115902965,468539,482339,475545,-13800,-7006,-0.028610583013192,-0.0147325699986331
"2828","2018","서울","양천구","초등학교",2018-04-01,"여자",1771,1749,1777,28,-6,22,0.0160091480846198,-0.00337647720877884,0.0125786163522013,468539,482339,475545,-13800,-7006,-0.028610583013192,-0.0147325699986331
"2829","2018","서울","양천구","초등학교",2018-04-01,"남자",1968,1961,1995,34,-27,7,0.0173380928097909,-0.0135338345864662,0.00356960734319225,468539,482339,475545,-13800,-7006,-0.028610583013192,-0.0147325699986331
"2830","2018","서울","강서구","초등학교",2018-04-01,"전체",4826,5319,5161,-158,-335,-493,-0.0297048317352886,-0.0649099011819415,-0.0926865952246663,601325,591205,597936,10120,3389,0.0171175818878392,0.00566783067084103
"2831","2018","서울","강서구","초등학교",2018-04-01,"여자",2363,2551,2465,-86,-102,-188,-0.0337122696981576,-0.0413793103448276,-0.0736965895727166,601325,591205,597936,10120,3389,0.0171175818878392,0.00566783067084103
"2832","2018","서울","강서구","초등학교",2018-04-01,"남자",2463,2768,2696,-72,-233,-305,-0.0260115606936416,-0.0864243323442137,-0.110187861271676,601325,591205,597936,10120,3389,0.0171175818878392,0.00566783067084103
"2833","2018","서울","구로구","초등학교",2018-04-01,"전체",3327,3929,3724,-205,-397,-602,-0.0521761262407737,-0.106605800214823,-0.153219648765589,407890,421537,416096,-13647,-8206,-0.0323743823199387,-0.0197214104437438
"2834","2018","서울","구로구","초등학교",2018-04-01,"여자",1637,1916,1826,-90,-189,-279,-0.046972860125261,-0.103504928806134,-0.145615866388309,407890,421537,416096,-13647,-8206,-0.0323743823199387,-0.0197214104437438
"2835","2018","서울","구로구","초등학교",2018-04-01,"남자",1690,2013,1898,-115,-208,-323,-0.0571286636860407,-0.10958904109589,-0.160457029309488,407890,421537,416096,-13647,-8206,-0.0323743823199387,-0.0197214104437438
"2836","2018","서울","금천구","초등학교",2018-04-01,"전체",1566,1617,1606,-11,-40,-51,-0.00680272108843537,-0.024906600249066,-0.0315398886827458,233809,235647,236405,-1838,-2596,-0.00779980224658069,-0.0109811552209133
"2837","2018","서울","금천구","초등학교",2018-04-01,"여자",778,777,785,8,-7,1,0.0102960102960103,-0.0089171974522293,0.00128700128700129,233809,235647,236405,-1838,-2596,-0.00779980224658069,-0.0109811552209133
"2838","2018","서울","금천구","초등학교",2018-04-01,"남자",788,840,821,-19,-33,-52,-0.0226190476190476,-0.0401948842874543,-0.0619047619047619,233809,235647,236405,-1838,-2596,-0.00779980224658069,-0.0109811552209133
"2839","2018","서울","영등포구","초등학교",2018-04-01,"전체",2448,3003,2784,-219,-336,-555,-0.0729270729270729,-0.120689655172414,-0.184815184815185,369183,378314,368037,-9131,1146,-0.0241360351454083,0.00311381736075449
"2840","2018","서울","영등포구","초등학교",2018-04-01,"여자",1261,1532,1420,-112,-159,-271,-0.0731070496083551,-0.111971830985915,-0.176892950391645,369183,378314,368037,-9131,1146,-0.0241360351454083,0.00311381736075449
"2841","2018","서울","영등포구","초등학교",2018-04-01,"남자",1187,1471,1364,-107,-177,-284,-0.0727396329027872,-0.129765395894428,-0.19306594153637,369183,378314,368037,-9131,1146,-0.0241360351454083,0.00311381736075449
"2842","2018","서울","동작구","초등학교",2018-04-01,"전체",2811,3244,3159,-85,-348,-433,-0.0262022194821208,-0.110161443494777,-0.13347718865598,394249,401501,400101,-7252,-5852,-0.0180622215137696,-0.0146263068575185
"2843","2018","서울","동작구","초등학교",2018-04-01,"여자",1387,1570,1527,-43,-140,-183,-0.0273885350318471,-0.091683038637852,-0.11656050955414,394249,401501,400101,-7252,-5852,-0.0180622215137696,-0.0146263068575185
"2844","2018","서울","동작구","초등학교",2018-04-01,"남자",1424,1674,1632,-42,-208,-250,-0.025089605734767,-0.127450980392157,-0.149342891278375,394249,401501,400101,-7252,-5852,-0.0180622215137696,-0.0146263068575185
"2845","2018","서울","관악구","초등학교",2018-04-01,"전체",2695,3439,3228,-211,-533,-744,-0.0613550450712416,-0.165117719950434,-0.216341959872056,504437,510794,506905,-6357,-2468,-0.0124453302113964,-0.00486876239137511
"2846","2018","서울","관악구","초등학교",2018-04-01,"여자",1297,1691,1595,-96,-298,-394,-0.0567711413364873,-0.186833855799373,-0.232998225901833,504437,510794,506905,-6357,-2468,-0.0124453302113964,-0.00486876239137511
"2847","2018","서울","관악구","초등학교",2018-04-01,"남자",1398,1748,1633,-115,-235,-350,-0.0657894736842105,-0.143906919779547,-0.200228832951945,504437,510794,506905,-6357,-2468,-0.0124453302113964,-0.00486876239137511
"2848","2018","서울","서초구","초등학교",2018-04-01,"전체",3863,4223,4301,78,-438,-360,0.0184702817901965,-0.101836782143688,-0.0852474544162917,440574,445351,445474,-4777,-4900,-0.0107263708849873,-0.0109995196128169
"2849","2018","서울","서초구","초등학교",2018-04-01,"여자",1847,2003,2045,42,-198,-156,0.0209685471792312,-0.0968215158924205,-0.0778831752371443,440574,445351,445474,-4777,-4900,-0.0107263708849873,-0.0109995196128169
"2850","2018","서울","서초구","초등학교",2018-04-01,"남자",2016,2220,2256,36,-240,-204,0.0162162162162162,-0.106382978723404,-0.0918918918918919,440574,445351,445474,-4777,-4900,-0.0107263708849873,-0.0109995196128169
"2851","2018","서울","강남구","초등학교",2018-04-01,"전체",3970,4414,4425,11,-455,-444,0.00249207068418668,-0.102824858757062,-0.10058903488899,551140,572375,564885,-21235,-13745,-0.0370998034505351,-0.0243323862379068
"2852","2018","서울","강남구","초등학교",2018-04-01,"여자",1893,2142,2154,12,-261,-249,0.00560224089635854,-0.12116991643454,-0.11624649859944,551140,572375,564885,-21235,-13745,-0.0370998034505351,-0.0243323862379068
"2853","2018","서울","강남구","초등학교",2018-04-01,"남자",2077,2272,2271,-1,-194,-195,-0.000440140845070423,-0.0854249229414355,-0.0858274647887324,551140,572375,564885,-21235,-13745,-0.0370998034505351,-0.0243323862379068
"2854","2018","서울","송파구","초등학교",2018-04-01,"전체",5221,5696,5761,65,-540,-475,0.0114115168539326,-0.0937337267835445,-0.0833918539325843,665319,656223,660315,9096,5004,0.0138611417155449,0.0075782013130097
"2855","2018","서울","송파구","초등학교",2018-04-01,"여자",2501,2745,2783,38,-282,-244,0.0138433515482696,-0.101329500538987,-0.0888888888888889,665319,656223,660315,9096,5004,0.0138611417155449,0.0075782013130097
"2856","2018","서울","송파구","초등학교",2018-04-01,"남자",2720,2951,2978,27,-258,-231,0.00914944086750254,-0.086635325721961,-0.0782785496441884,665319,656223,660315,9096,5004,0.0138611417155449,0.0075782013130097
"2857","2018","서울","강동구","초등학교",2018-04-01,"전체",3228,3644,3615,-29,-387,-416,-0.0079582875960483,-0.107053941908714,-0.114160263446762,433513,454001,449253,-20488,-15740,-0.045127653903846,-0.0350359374339181
"2858","2018","서울","강동구","초등학교",2018-04-01,"여자",1522,1777,1763,-14,-241,-255,-0.00787844682048396,-0.136698808848554,-0.143500281373101,433513,454001,449253,-20488,-15740,-0.045127653903846,-0.0350359374339181
"2859","2018","서울","강동구","초등학교",2018-04-01,"남자",1706,1867,1852,-15,-146,-161,-0.00803427959292983,-0.0788336933045356,-0.0862346009641135,433513,454001,449253,-20488,-15740,-0.045127653903846,-0.0350359374339181
"2860","2018","부산","중구","초등학교",2018-04-01,"전체",236,234,221,-13,15,2,-0.0555555555555556,0.0678733031674208,0.00854700854700855,43855,45601,44946,-1746,-1091,-0.0382886340211837,-0.0242735727317225
"2861","2018","부산","중구","초등학교",2018-04-01,"여자",119,106,106,0,13,13,0,0.122641509433962,0.122641509433962,43855,45601,44946,-1746,-1091,-0.0382886340211837,-0.0242735727317225
"2862","2018","부산","중구","초등학교",2018-04-01,"남자",117,128,115,-13,2,-11,-0.1015625,0.0173913043478261,-0.0859375,43855,45601,44946,-1746,-1091,-0.0382886340211837,-0.0242735727317225
"2863","2018","부산","서구","초등학교",2018-04-01,"전체",614,655,648,-7,-34,-41,-0.0106870229007634,-0.0524691358024691,-0.0625954198473282,109739,115210,111865,-5471,-2126,-0.0474871972919017,-0.0190050507307916
"2864","2018","부산","서구","초등학교",2018-04-01,"여자",291,322,316,-6,-25,-31,-0.0186335403726708,-0.0791139240506329,-0.0962732919254658,109739,115210,111865,-5471,-2126,-0.0474871972919017,-0.0190050507307916
"2865","2018","부산","서구","초등학교",2018-04-01,"남자",323,333,332,-1,-9,-10,-0.003003003003003,-0.0271084337349398,-0.03003003003003,109739,115210,111865,-5471,-2126,-0.0474871972919017,-0.0190050507307916
"2866","2018","부산","동구","초등학교",2018-04-01,"전체",435,518,506,-12,-71,-83,-0.0231660231660232,-0.140316205533597,-0.16023166023166,88181,91230,89239,-3049,-1058,-0.0334210237860353,-0.0118558029561066
"2867","2018","부산","동구","초등학교",2018-04-01,"여자",211,259,245,-14,-34,-48,-0.0540540540540541,-0.138775510204082,-0.185328185328185,88181,91230,89239,-3049,-1058,-0.0334210237860353,-0.0118558029561066
"2868","2018","부산","동구","초등학교",2018-04-01,"남자",224,259,261,2,-37,-35,0.00772200772200772,-0.14176245210728,-0.135135135135135,88181,91230,89239,-3049,-1058,-0.0334210237860353,-0.0118558029561066
"2869","2018","부산","영도구","초등학교",2018-04-01,"전체",690,723,712,-11,-22,-33,-0.0152143845089903,-0.0308988764044944,-0.045643153526971,122513,128689,125040,-6176,-2527,-0.047991669839691,-0.0202095329494562
"2870","2018","부산","영도구","초등학교",2018-04-01,"여자",366,357,360,3,6,9,0.00840336134453781,0.0166666666666667,0.0252100840336134,122513,128689,125040,-6176,-2527,-0.047991669839691,-0.0202095329494562
"2871","2018","부산","영도구","초등학교",2018-04-01,"남자",324,366,352,-14,-28,-42,-0.0382513661202186,-0.0795454545454545,-0.114754098360656,122513,128689,125040,-6176,-2527,-0.047991669839691,-0.0202095329494562
"2872","2018","부산","부산진구","초등학교",2018-04-01,"전체",2660,2798,2705,-93,-45,-138,-0.0332380271622588,-0.0166358595194085,-0.0493209435310936,368940,380314,375508,-11374,-6568,-0.0299068664314225,-0.0174909722296196
"2873","2018","부산","부산진구","초등학교",2018-04-01,"여자",1366,1408,1355,-53,11,-42,-0.0376420454545455,0.00811808118081181,-0.0298295454545455,368940,380314,375508,-11374,-6568,-0.0299068664314225,-0.0174909722296196
"2874","2018","부산","부산진구","초등학교",2018-04-01,"남자",1294,1390,1350,-40,-56,-96,-0.0287769784172662,-0.0414814814814815,-0.0690647482014388,368940,380314,375508,-11374,-6568,-0.0299068664314225,-0.0174909722296196
"2875","2018","부산","동래구","초등학교",2018-04-01,"전체",2014,2036,2155,119,-141,-22,0.0584479371316306,-0.0654292343387471,-0.0108055009823183,269777,272527,274541,-2750,-4764,-0.0100907433024985,-0.0173525994295934
"2876","2018","부산","동래구","초등학교",2018-04-01,"여자",982,997,1055,58,-73,-15,0.0581745235707121,-0.0691943127962085,-0.0150451354062187,269777,272527,274541,-2750,-4764,-0.0100907433024985,-0.0173525994295934
"2877","2018","부산","동래구","초등학교",2018-04-01,"남자",1032,1039,1100,61,-68,-7,0.0587102983638114,-0.0618181818181818,-0.00673724735322425,269777,272527,274541,-2750,-4764,-0.0100907433024985,-0.0173525994295934
"2878","2018","부산","남구","초등학교",2018-04-01,"전체",2139,2233,2198,-35,-59,-94,-0.0156739811912226,-0.0268425841674249,-0.0420958351992835,275847,281225,277022,-5378,-1175,-0.0191234776424571,-0.00424154038307427
"2879","2018","부산","남구","초등학교",2018-04-01,"여자",1050,1129,1106,-23,-56,-79,-0.0203720106288751,-0.0506329113924051,-0.0699734278122232,275847,281225,277022,-5378,-1175,-0.0191234776424571,-0.00424154038307427
"2880","2018","부산","남구","초등학교",2018-04-01,"남자",1089,1104,1092,-12,-3,-15,-0.0108695652173913,-0.00274725274725275,-0.0135869565217391,275847,281225,277022,-5378,-1175,-0.0191234776424571,-0.00424154038307427
"2881","2018","부산","북구","초등학교",2018-04-01,"전체",2230,2507,2435,-72,-205,-277,-0.0287195851615477,-0.0841889117043121,-0.11049062624651,300728,312080,308548,-11352,-7820,-0.0363752883875929,-0.0253445168985053
"2882","2018","부산","북구","초등학교",2018-04-01,"여자",1096,1216,1193,-23,-97,-120,-0.0189144736842105,-0.0813076278290025,-0.0986842105263158,300728,312080,308548,-11352,-7820,-0.0363752883875929,-0.0253445168985053
"2883","2018","부산","북구","초등학교",2018-04-01,"남자",1134,1291,1242,-49,-108,-157,-0.0379550735863672,-0.0869565217391304,-0.121611154144074,300728,312080,308548,-11352,-7820,-0.0363752883875929,-0.0253445168985053
"2884","2018","부산","해운대구","초등학교",2018-04-01,"전체",3306,3610,3578,-32,-272,-304,-0.00886426592797784,-0.0760201229737283,-0.0842105263157895,411772,422803,417626,-11031,-5854,-0.0260901649231439,-0.0140173265074492
"2885","2018","부산","해운대구","초등학교",2018-04-01,"여자",1593,1735,1718,-17,-125,-142,-0.00979827089337176,-0.0727590221187427,-0.0818443804034582,411772,422803,417626,-11031,-5854,-0.0260901649231439,-0.0140173265074492
"2886","2018","부산","해운대구","초등학교",2018-04-01,"남자",1713,1875,1860,-15,-147,-162,-0.008,-0.0790322580645161,-0.0864,411772,422803,417626,-11031,-5854,-0.0260901649231439,-0.0140173265074492
"2887","2018","부산","사하구","초등학교",2018-04-01,"전체",2583,2800,2742,-58,-159,-217,-0.0207142857142857,-0.0579868708971554,-0.0775,331884,335464,333761,-3580,-1877,-0.0106717859442444,-0.00562378468425011
"2888","2018","부산","사하구","초등학교",2018-04-01,"여자",1273,1358,1331,-27,-58,-85,-0.0198821796759941,-0.0435762584522915,-0.0625920471281296,331884,335464,333761,-3580,-1877,-0.0106717859442444,-0.00562378468425011
"2889","2018","부산","사하구","초등학교",2018-04-01,"남자",1310,1442,1411,-31,-101,-132,-0.021497919556172,-0.0715804394046775,-0.0915395284327323,331884,335464,333761,-3580,-1877,-0.0106717859442444,-0.00562378468425011
"2890","2018","부산","금정구","초등학교",2018-04-01,"전체",1716,1642,1644,2,72,74,0.00121802679658952,0.0437956204379562,0.0450669914738124,244546,245315,243951,-769,595,-0.00313474512361657,0.00243901439223451
"2891","2018","부산","금정구","초등학교",2018-04-01,"여자",853,777,786,9,67,76,0.0115830115830116,0.0852417302798982,0.0978120978120978,244546,245315,243951,-769,595,-0.00313474512361657,0.00243901439223451
"2892","2018","부산","금정구","초등학교",2018-04-01,"남자",863,865,858,-7,5,-2,-0.00809248554913295,0.00582750582750583,-0.0023121387283237,244546,245315,243951,-769,595,-0.00313474512361657,0.00243901439223451
"2893","2018","부산","강서구","초등학교",2018-04-01,"전체",1750,1487,1695,208,55,263,0.139878950907868,0.0324483775811209,0.176866173503699,118760,100308,113353,18452,5407,0.183953423455756,0.0477005460817094
"2894","2018","부산","강서구","초등학교",2018-04-01,"여자",863,736,831,95,32,127,0.129076086956522,0.0385078219013237,0.172554347826087,118760,100308,113353,18452,5407,0.183953423455756,0.0477005460817094
"2895","2018","부산","강서구","초등학교",2018-04-01,"남자",887,751,864,113,23,136,0.150466045272969,0.0266203703703704,0.181091877496671,118760,100308,113353,18452,5407,0.183953423455756,0.0477005460817094
"2896","2018","부산","연제구","초등학교",2018-04-01,"전체",1679,1687,1678,-9,1,-8,-0.00533491404860699,0.000595947556615018,-0.00474214582098399,205697,210592,207358,-4895,-1661,-0.0232439978726637,-0.00801030102527995
"2897","2018","부산","연제구","초등학교",2018-04-01,"여자",791,834,827,-7,-36,-43,-0.00839328537170264,-0.0435308343409915,-0.0515587529976019,205697,210592,207358,-4895,-1661,-0.0232439978726637,-0.00801030102527995
"2898","2018","부산","연제구","초등학교",2018-04-01,"남자",888,853,851,-2,37,35,-0.00234466588511137,0.0434782608695652,0.041031652989449,205697,210592,207358,-4895,-1661,-0.0232439978726637,-0.00801030102527995
"2899","2018","부산","수영구","초등학교",2018-04-01,"전체",1085,1176,1165,-11,-80,-91,-0.00935374149659864,-0.0686695278969957,-0.0773809523809524,178955,179851,178366,-896,589,-0.00498190168528393,0.00330219884955653
"2900","2018","부산","수영구","초등학교",2018-04-01,"여자",533,569,561,-8,-28,-36,-0.0140597539543058,-0.0499108734402852,-0.0632688927943761,178955,179851,178366,-896,589,-0.00498190168528393,0.00330219884955653
"2901","2018","부산","수영구","초등학교",2018-04-01,"남자",552,607,604,-3,-52,-55,-0.00494233937397035,-0.0860927152317881,-0.0906095551894563,178955,179851,178366,-896,589,-0.00498190168528393,0.00330219884955653
"2902","2018","부산","사상구","초등학교",2018-04-01,"전체",1435,1821,1738,-83,-303,-386,-0.0455793520043932,-0.17433831990794,-0.211971444261395,226845,236014,231348,-9169,-4503,-0.0388493902904065,-0.019464183826962
"2903","2018","부산","사상구","초등학교",2018-04-01,"여자",688,871,837,-34,-149,-183,-0.0390355912743972,-0.178016726403823,-0.210103329506315,226845,236014,231348,-9169,-4503,-0.0388493902904065,-0.019464183826962
"2904","2018","부산","사상구","초등학교",2018-04-01,"남자",747,950,901,-49,-154,-203,-0.0515789473684211,-0.170921198668147,-0.213684210526316,226845,236014,231348,-9169,-4503,-0.0388493902904065,-0.019464183826962
"2905","2018","부산","기장군","초등학교",2018-04-01,"전체",2113,2160,2156,-4,-43,-47,-0.00185185185185185,-0.0199443413729128,-0.0217592592592593,162668,154751,158810,7917,3858,0.0511596047844602,0.0242931805301933
"2906","2018","부산","기장군","초등학교",2018-04-01,"여자",1036,1043,1030,-13,6,-7,-0.012464046021093,0.0058252427184466,-0.00671140939597315,162668,154751,158810,7917,3858,0.0511596047844602,0.0242931805301933
"2907","2018","부산","기장군","초등학교",2018-04-01,"남자",1077,1117,1126,9,-49,-40,0.00805729632945389,-0.0435168738898757,-0.035810205908684,162668,154751,158810,7917,3858,0.0511596047844602,0.0242931805301933
"2908","2018","대구","중구","초등학교",2018-04-01,"전체",800,581,563,-18,237,219,-0.0309810671256454,0.420959147424512,0.376936316695353,78777,81034,79208,-2257,-431,-0.027852506355357,-0.00544136955863044
"2909","2018","대구","중구","초등학교",2018-04-01,"여자",384,271,254,-17,130,113,-0.0627306273062731,0.511811023622047,0.416974169741697,78777,81034,79208,-2257,-431,-0.027852506355357,-0.00544136955863044
"2910","2018","대구","중구","초등학교",2018-04-01,"남자",416,310,309,-1,107,106,-0.0032258064516129,0.346278317152104,0.341935483870968,78777,81034,79208,-2257,-431,-0.027852506355357,-0.00544136955863044
"2911","2018","대구","동구","초등학교",2018-04-01,"전체",3017,3311,3246,-65,-229,-294,-0.0196315312594382,-0.0705483672211953,-0.0887949260042283,350961,351266,351334,-305,-373,-0.000868287850233157,-0.00106166781467208
"2912","2018","대구","동구","초등학교",2018-04-01,"여자",1436,1594,1553,-41,-117,-158,-0.0257214554579674,-0.0753380553766903,-0.0991217063989962,350961,351266,351334,-305,-373,-0.000868287850233157,-0.00106166781467208
"2913","2018","대구","동구","초등학교",2018-04-01,"남자",1581,1717,1693,-24,-112,-136,-0.0139778683750728,-0.0661547548730065,-0.0792079207920792,350961,351266,351334,-305,-373,-0.000868287850233157,-0.00106166781467208
"2914","2018","대구","서구","초등학교",2018-04-01,"전체",1023,1209,1110,-99,-87,-186,-0.0818858560794045,-0.0783783783783784,-0.153846153846154,189585,204119,197445,-14534,-7860,-0.0712035626276829,-0.039808554280939
"2915","2018","대구","서구","초등학교",2018-04-01,"여자",492,589,536,-53,-44,-97,-0.0899830220713073,-0.082089552238806,-0.164685908319185,189585,204119,197445,-14534,-7860,-0.0712035626276829,-0.039808554280939
"2916","2018","대구","서구","초등학교",2018-04-01,"남자",531,620,574,-46,-43,-89,-0.0741935483870968,-0.0749128919860627,-0.143548387096774,189585,204119,197445,-14534,-7860,-0.0712035626276829,-0.039808554280939
"2917","2018","대구","남구","초등학교",2018-04-01,"전체",748,954,885,-69,-137,-206,-0.0723270440251572,-0.154802259887006,-0.215932914046122,152128,159395,154982,-7267,-2854,-0.0455911415038113,-0.0184150417467835
"2918","2018","대구","남구","초등학교",2018-04-01,"여자",349,466,419,-47,-70,-117,-0.100858369098712,-0.167064439140811,-0.251072961373391,152128,159395,154982,-7267,-2854,-0.0455911415038113,-0.0184150417467835
"2919","2018","대구","남구","초등학교",2018-04-01,"남자",399,488,466,-22,-67,-89,-0.0450819672131148,-0.143776824034335,-0.182377049180328,152128,159395,154982,-7267,-2854,-0.0455911415038113,-0.0184150417467835
"2920","2018","대구","북구","초등학교",2018-04-01,"전체",3813,4099,4050,-49,-237,-286,-0.0119541351549158,-0.0585185185185185,-0.0697731153939985,441043,440531,439540,512,1503,0.00116223375880472,0.00341948400600628
"2921","2018","대구","북구","초등학교",2018-04-01,"여자",1868,1954,1946,-8,-78,-86,-0.00409416581371546,-0.040082219938335,-0.0440122824974411,441043,440531,439540,512,1503,0.00116223375880472,0.00341948400600628
"2922","2018","대구","북구","초등학교",2018-04-01,"남자",1945,2145,2104,-41,-159,-200,-0.0191142191142191,-0.0755703422053232,-0.0932400932400932,441043,440531,439540,512,1503,0.00116223375880472,0.00341948400600628
"2923","2018","대구","수성구","초등학교",2018-04-01,"전체",3547,3462,3616,154,-69,85,0.0444829578278452,-0.0190818584070796,0.0245522819179665,436405,450091,444973,-13686,-8568,-0.0304071843249476,-0.0192551008712888
"2924","2018","대구","수성구","초등학교",2018-04-01,"여자",1779,1730,1806,76,-27,49,0.0439306358381503,-0.0149501661129568,0.0283236994219653,436405,450091,444973,-13686,-8568,-0.0304071843249476,-0.0192551008712888
"2925","2018","대구","수성구","초등학교",2018-04-01,"남자",1768,1732,1810,78,-42,36,0.0450346420323326,-0.0232044198895028,0.0207852193995381,436405,450091,444973,-13686,-8568,-0.0304071843249476,-0.0192551008712888
"2926","2018","대구","달서구","초등학교",2018-04-01,"전체",5254,5315,5267,-48,-13,-61,-0.0090310442144873,-0.00246819821530283,-0.0114769520225776,575414,597236,588536,-21822,-13122,-0.0365383198601558,-0.0222960022836326
"2927","2018","대구","달서구","초등학교",2018-04-01,"여자",2612,2618,2627,9,-15,-6,0.00343773873185638,-0.00570993528740008,-0.00229182582123759,575414,597236,588536,-21822,-13122,-0.0365383198601558,-0.0222960022836326
"2928","2018","대구","달서구","초등학교",2018-04-01,"남자",2642,2697,2640,-57,2,-55,-0.0211345939933259,0.000757575757575758,-0.0203930292918057,575414,597236,588536,-21822,-13122,-0.0365383198601558,-0.0222960022836326
"2929","2018","대구","달성군","초등학교",2018-04-01,"전체",2899,2470,2870,400,29,429,0.161943319838057,0.0101045296167247,0.173684210526316,246823,201991,227087,44832,19736,0.221950482942309,0.0869094223799689
"2930","2018","대구","달성군","초등학교",2018-04-01,"여자",1393,1214,1408,194,-15,179,0.159802306425041,-0.0106534090909091,0.147446457990115,246823,201991,227087,44832,19736,0.221950482942309,0.0869094223799689
"2931","2018","대구","달성군","초등학교",2018-04-01,"남자",1506,1256,1462,206,44,250,0.164012738853503,0.0300957592339261,0.199044585987261,246823,201991,227087,44832,19736,0.221950482942309,0.0869094223799689
"2932","2018","인천","중구","초등학교",2018-04-01,"전체",1346,1262,1221,-41,125,84,-0.0324881141045959,0.102375102375102,0.0665610142630745,118437,114572,115824,3865,2613,0.0337342457144852,0.0225600911728139
"2933","2018","인천","중구","초등학교",2018-04-01,"여자",657,623,602,-21,55,34,-0.0337078651685393,0.0913621262458472,0.0545746388443018,118437,114572,115824,3865,2613,0.0337342457144852,0.0225600911728139
"2934","2018","인천","중구","초등학교",2018-04-01,"남자",689,639,619,-20,70,50,-0.0312989045383412,0.113085621970921,0.0782472613458529,118437,114572,115824,3865,2613,0.0337342457144852,0.0225600911728139
"2935","2018","인천","동구","초등학교",2018-04-01,"전체",670,641,624,-17,46,29,-0.0265210608424337,0.0737179487179487,0.0452418096723869,67887,72129,70570,-4242,-2683,-0.0588112964272345,-0.0380189882386283
"2936","2018","인천","동구","초등학교",2018-04-01,"여자",324,318,310,-8,14,6,-0.0251572327044025,0.0451612903225806,0.0188679245283019,67887,72129,70570,-4242,-2683,-0.0588112964272345,-0.0380189882386283
"2937","2018","인천","동구","초등학교",2018-04-01,"남자",346,323,314,-9,32,23,-0.0278637770897833,0.101910828025478,0.0712074303405573,67887,72129,70570,-4242,-2683,-0.0588112964272345,-0.0380189882386283
"2938","2018","인천","남구","초등학교",2018-04-01,"전체",3199,3384,3525,141,-326,-185,0.0416666666666667,-0.0924822695035461,-0.0546690307328605,419321,405490,418707,13831,614,0.0341093491824706,0.00146641923827402
"2939","2018","인천","남구","초등학교",2018-04-01,"여자",1521,1589,1657,68,-136,-68,0.0427942101950913,-0.0820760410380205,-0.0427942101950913,419321,405490,418707,13831,614,0.0341093491824706,0.00146641923827402
"2940","2018","인천","남구","초등학교",2018-04-01,"남자",1678,1795,1868,73,-190,-117,0.0406685236768802,-0.101713062098501,-0.0651810584958217,419321,405490,418707,13831,614,0.0341093491824706,0.00146641923827402
"2941","2018","인천","연수구","초등학교",2018-04-01,"전체",3674,3326,3540,214,134,348,0.0643415514131088,0.0378531073446328,0.104630186410102,339191,322436,332333,16755,6858,0.0519638005681748,0.020635928421192
"2942","2018","인천","연수구","초등학교",2018-04-01,"여자",1792,1622,1730,108,62,170,0.0665844636251541,0.0358381502890173,0.104808877928483,339191,322436,332333,16755,6858,0.0519638005681748,0.020635928421192
"2943","2018","인천","연수구","초등학교",2018-04-01,"남자",1882,1704,1810,106,72,178,0.0622065727699531,0.0397790055248619,0.104460093896714,339191,322436,332333,16755,6858,0.0519638005681748,0.020635928421192
"2944","2018","인천","남동구","초등학교",2018-04-01,"전체",5262,5536,5459,-77,-197,-274,-0.0139089595375723,-0.0360871954570434,-0.0494942196531792,538360,532714,531490,5646,6870,0.010598557574984,0.012925925229073
"2945","2018","인천","남동구","초등학교",2018-04-01,"여자",2563,2705,2662,-43,-99,-142,-0.0158964879852126,-0.0371900826446281,-0.0524953789279113,538360,532714,531490,5646,6870,0.010598557574984,0.012925925229073
"2946","2018","인천","남동구","초등학교",2018-04-01,"남자",2699,2831,2797,-34,-98,-132,-0.0120098904980572,-0.0350375402216661,-0.0466266336983398,538360,532714,531490,5646,6870,0.010598557574984,0.012925925229073
"2947","2018","인천","부평구","초등학교",2018-04-01,"전체",4223,4833,4644,-189,-421,-610,-0.0391061452513966,-0.0906546080964686,-0.126215601075936,532960,555631,548043,-22671,-15083,-0.0408022590532206,-0.0275215630890277
"2948","2018","인천","부평구","초등학교",2018-04-01,"여자",2044,2393,2303,-90,-259,-349,-0.0376096949435855,-0.112462006079027,-0.145842039281237,532960,555631,548043,-22671,-15083,-0.0408022590532206,-0.0275215630890277
"2949","2018","인천","부평구","초등학교",2018-04-01,"남자",2179,2440,2341,-99,-162,-261,-0.0405737704918033,-0.0692011960700555,-0.106967213114754,532960,555631,548043,-22671,-15083,-0.0408022590532206,-0.0275215630890277
"2950","2018","인천","계양구","초등학교",2018-04-01,"전체",2625,2946,2804,-142,-179,-321,-0.0482009504412763,-0.0638373751783167,-0.108961303462322,318432,333222,327826,-14790,-9394,-0.0443848245313935,-0.0286554452666964
"2951","2018","인천","계양구","초등학교",2018-04-01,"여자",1297,1441,1384,-57,-87,-144,-0.0395558639833449,-0.0628612716763006,-0.0999306037473976,318432,333222,327826,-14790,-9394,-0.0443848245313935,-0.0286554452666964
"2952","2018","인천","계양구","초등학교",2018-04-01,"남자",1328,1505,1420,-85,-92,-177,-0.0564784053156146,-0.0647887323943662,-0.117607973421927,318432,333222,327826,-14790,-9394,-0.0443848245313935,-0.0286554452666964
"2953","2018","인천","서구","초등학교",2018-04-01,"전체",5866,5879,5782,-97,84,-13,-0.0164994046606566,0.0145278450363196,-0.00221126041843851,527845,507313,511127,20532,16718,0.0404720557131396,0.032708113639076
"2954","2018","인천","서구","초등학교",2018-04-01,"여자",2830,2803,2757,-46,73,27,-0.0164109882268998,0.0264780558578165,0.0096325365679629,527845,507313,511127,20532,16718,0.0404720557131396,0.032708113639076
"2955","2018","인천","서구","초등학교",2018-04-01,"남자",3036,3076,3025,-51,11,-40,-0.0165799739921977,0.00363636363636364,-0.0130039011703511,527845,507313,511127,20532,16718,0.0404720557131396,0.032708113639076
"2956","2018","인천","강화군","초등학교",2018-04-01,"전체",389,360,389,29,0,29,0.0805555555555556,0,0.0805555555555556,68735,67623,68097,1112,638,0.016444109252769,0.00936898835484676
"2957","2018","인천","강화군","초등학교",2018-04-01,"여자",185,167,185,18,0,18,0.107784431137725,0,0.107784431137725,68735,67623,68097,1112,638,0.016444109252769,0.00936898835484676
"2958","2018","인천","강화군","초등학교",2018-04-01,"남자",204,193,204,11,0,11,0.0569948186528497,0,0.0569948186528497,68735,67623,68097,1112,638,0.016444109252769,0.00936898835484676
"2959","2018","인천","옹진군","초등학교",2018-04-01,"전체",107,135,132,-3,-25,-28,-0.0222222222222222,-0.189393939393939,-0.207407407407407,21308,21011,21288,297,20,0.0141354528580267,0.000939496429913566
"2960","2018","인천","옹진군","초등학교",2018-04-01,"여자",44,57,54,-3,-10,-13,-0.0526315789473684,-0.185185185185185,-0.228070175438596,21308,21011,21288,297,20,0.0141354528580267,0.000939496429913566
"2961","2018","인천","옹진군","초등학교",2018-04-01,"남자",63,78,78,0,-15,-15,0,-0.192307692307692,-0.192307692307692,21308,21011,21288,297,20,0.0141354528580267,0.000939496429913566
"2962","2018","광주","동구","초등학교",2018-04-01,"전체",587,672,659,-13,-72,-85,-0.0193452380952381,-0.109256449165402,-0.126488095238095,94673,97446,96830,-2773,-2157,-0.0284567863226813,-0.022276154084478
"2963","2018","광주","동구","초등학교",2018-04-01,"여자",306,330,322,-8,-16,-24,-0.0242424242424242,-0.0496894409937888,-0.0727272727272727,94673,97446,96830,-2773,-2157,-0.0284567863226813,-0.022276154084478
"2964","2018","광주","동구","초등학교",2018-04-01,"남자",281,342,337,-5,-56,-61,-0.0146198830409357,-0.166172106824926,-0.178362573099415,94673,97446,96830,-2773,-2157,-0.0284567863226813,-0.022276154084478
"2965","2018","광주","서구","초등학교",2018-04-01,"전체",2780,2791,2894,103,-114,-11,0.0369043353636689,-0.0393918451969592,-0.0039412396990326,305483,306887,309119,-1404,-3636,-0.00457497385030972,-0.0117624604116861
"2966","2018","광주","서구","초등학교",2018-04-01,"여자",1358,1383,1432,49,-74,-25,0.0354302241503977,-0.0516759776536313,-0.0180766449746927,305483,306887,309119,-1404,-3636,-0.00457497385030972,-0.0117624604116861
"2967","2018","광주","서구","초등학교",2018-04-01,"남자",1422,1408,1462,54,-40,14,0.0383522727272727,-0.027359781121751,0.00994318181818182,305483,306887,309119,-1404,-3636,-0.00457497385030972,-0.0117624604116861
"2968","2018","광주","남구","초등학교",2018-04-01,"전체",2196,2028,2041,13,155,168,0.00641025641025641,0.0759431651151396,0.0828402366863905,217558,220766,218692,-3208,-1134,-0.0145312231050071,-0.00518537486510709
"2969","2018","광주","남구","초등학교",2018-04-01,"여자",1073,999,1000,1,73,74,0.001001001001001,0.073,0.0740740740740741,217558,220766,218692,-3208,-1134,-0.0145312231050071,-0.00518537486510709
"2970","2018","광주","남구","초등학교",2018-04-01,"남자",1123,1029,1041,12,82,94,0.0116618075801749,0.0787704130643612,0.0913508260447036,217558,220766,218692,-3208,-1134,-0.0145312231050071,-0.00518537486510709
"2971","2018","광주","북구","초등학교",2018-04-01,"전체",3964,4057,4018,-39,-54,-93,-0.00961301454276559,-0.0134395221503235,-0.0229233423712103,439681,444795,439200,-5114,481,-0.0114974314009825,0.00109517304189435
"2972","2018","광주","북구","초등학교",2018-04-01,"여자",1911,1914,1888,-26,23,-3,-0.0135841170323929,0.0121822033898305,-0.00156739811912226,439681,444795,439200,-5114,481,-0.0114974314009825,0.00109517304189435
"2973","2018","광주","북구","초등학교",2018-04-01,"남자",2053,2143,2130,-13,-77,-90,-0.00606626224918339,-0.036150234741784,-0.0419972001866542,439681,444795,439200,-5114,481,-0.0114974314009825,0.00109517304189435
"2974","2018","광주","광산구","초등학교",2018-04-01,"전체",5106,5179,5173,-6,-67,-73,-0.00115852481173972,-0.0129518654552484,-0.0140953852094999,403577,401925,403161,1652,416,0.00411021956832742,0.00103184583826313
"2975","2018","광주","광산구","초등학교",2018-04-01,"여자",2439,2451,2450,-1,-11,-12,-0.000407996736026112,-0.00448979591836735,-0.00489596083231334,403577,401925,403161,1652,416,0.00411021956832742,0.00103184583826313
"2976","2018","광주","광산구","초등학교",2018-04-01,"남자",2667,2728,2723,-5,-56,-61,-0.00183284457478006,-0.0205655526992288,-0.0223607038123167,403577,401925,403161,1652,416,0.00411021956832742,0.00103184583826313
"2977","2018","대전","동구","초등학교",2018-04-01,"전체",1919,2152,2064,-88,-145,-233,-0.0408921933085502,-0.0702519379844961,-0.108271375464684,228751,238050,233878,-9299,-5127,-0.0390632220121823,-0.0219216856651759
"2978","2018","대전","동구","초등학교",2018-04-01,"여자",967,1074,1023,-51,-56,-107,-0.0474860335195531,-0.0547409579667644,-0.0996275605214153,228751,238050,233878,-9299,-5127,-0.0390632220121823,-0.0219216856651759
"2979","2018","대전","동구","초등학교",2018-04-01,"남자",952,1078,1041,-37,-89,-126,-0.0343228200371058,-0.0854947166186359,-0.116883116883117,228751,238050,233878,-9299,-5127,-0.0390632220121823,-0.0219216856651759
"2980","2018","대전","중구","초등학교",2018-04-01,"전체",2071,2213,2159,-54,-88,-142,-0.0244012652507908,-0.0407596109309866,-0.0641662901039313,247070,254880,251717,-7810,-4647,-0.0306418706842436,-0.0184612084205675
"2981","2018","대전","중구","초등학교",2018-04-01,"여자",997,1058,1020,-38,-23,-61,-0.0359168241965974,-0.0225490196078431,-0.05765595463138,247070,254880,251717,-7810,-4647,-0.0306418706842436,-0.0184612084205675
"2982","2018","대전","중구","초등학교",2018-04-01,"남자",1074,1155,1139,-16,-65,-81,-0.0138528138528139,-0.0570676031606673,-0.0701298701298701,247070,254880,251717,-7810,-4647,-0.0306418706842436,-0.0184612084205675
"2983","2018","대전","서구","초등학교",2018-04-01,"전체",4471,4577,4583,6,-112,-106,0.00131090233777584,-0.0244381409557059,-0.0231592746340398,486976,491253,490217,-4277,-3241,-0.00870630815486114,-0.00661135782724793
"2984","2018","대전","서구","초등학교",2018-04-01,"여자",2167,2205,2196,-9,-29,-38,-0.00408163265306122,-0.0132058287795993,-0.0172335600907029,486976,491253,490217,-4277,-3241,-0.00870630815486114,-0.00661135782724793
"2985","2018","대전","서구","초등학교",2018-04-01,"남자",2304,2372,2387,15,-83,-68,0.00632377740303541,-0.0347716799329703,-0.0286677908937605,486976,491253,490217,-4277,-3241,-0.00870630815486114,-0.00661135782724793
"2986","2018","대전","유성구","초등학교",2018-04-01,"전체",4102,4227,4273,46,-171,-125,0.0108824225218831,-0.0400187222092207,-0.0295718003312042,347930,337267,344412,10663,3518,0.031615900755188,0.0102145105280885
"2987","2018","대전","유성구","초등학교",2018-04-01,"여자",1957,2027,2037,10,-80,-70,0.00493339911198816,-0.039273441335297,-0.0345337937839171,347930,337267,344412,10663,3518,0.031615900755188,0.0102145105280885
"2988","2018","대전","유성구","초등학교",2018-04-01,"남자",2145,2200,2236,36,-91,-55,0.0163636363636364,-0.0406976744186047,-0.025,347930,337267,344412,10663,3518,0.031615900755188,0.0102145105280885
"2989","2018","대전","대덕구","초등학교",2018-04-01,"전체",1499,1679,1624,-55,-125,-180,-0.0327575938058368,-0.0769704433497537,-0.107206670637284,185396,195454,191172,-10058,-5776,-0.051459678492126,-0.0302136296110309
"2990","2018","대전","대덕구","초등학교",2018-04-01,"여자",717,800,771,-29,-54,-83,-0.03625,-0.0700389105058366,-0.10375,185396,195454,191172,-10058,-5776,-0.051459678492126,-0.0302136296110309
"2991","2018","대전","대덕구","초등학교",2018-04-01,"남자",782,879,853,-26,-71,-97,-0.0295790671217292,-0.0832356389214537,-0.110352673492605,185396,195454,191172,-10058,-5776,-0.051459678492126,-0.0302136296110309
"2992","2018","울산","중구","초등학교",2018-04-01,"전체",2185,2355,2352,-3,-167,-170,-0.00127388535031847,-0.0710034013605442,-0.0721868365180467,235830,244117,241498,-8287,-5668,-0.0339468369675197,-0.0234701736660345
"2993","2018","울산","중구","초등학교",2018-04-01,"여자",1042,1072,1076,4,-34,-30,0.00373134328358209,-0.0315985130111524,-0.0279850746268657,235830,244117,241498,-8287,-5668,-0.0339468369675197,-0.0234701736660345
"2994","2018","울산","중구","초등학교",2018-04-01,"남자",1143,1283,1276,-7,-133,-140,-0.00545596258768511,-0.10423197492163,-0.109119251753702,235830,244117,241498,-8287,-5668,-0.0339468369675197,-0.0234701736660345
"2995","2018","울산","남구","초등학교",2018-04-01,"전체",2675,2926,2864,-62,-189,-251,-0.0211893369788107,-0.0659916201117318,-0.0857826384142174,332985,342322,338848,-9337,-5863,-0.0272754891593295,-0.0173027434129757
"2996","2018","울산","남구","초등학교",2018-04-01,"여자",1264,1415,1403,-12,-139,-151,-0.00848056537102473,-0.0990734141126158,-0.106713780918728,332985,342322,338848,-9337,-5863,-0.0272754891593295,-0.0173027434129757
"2997","2018","울산","남구","초등학교",2018-04-01,"남자",1411,1511,1461,-50,-50,-100,-0.0330906684315023,-0.0342231348391513,-0.0661813368630046,332985,342322,338848,-9337,-5863,-0.0272754891593295,-0.0173027434129757
"2998","2018","울산","동구","초등학교",2018-04-01,"전체",1868,2091,2029,-62,-161,-223,-0.0296508847441416,-0.0793494332183342,-0.106647537063606,167272,175727,172466,-8455,-5194,-0.0481144047300642,-0.0301160808507184
"2999","2018","울산","동구","초등학교",2018-04-01,"여자",894,1003,974,-29,-80,-109,-0.028913260219342,-0.082135523613963,-0.108673978065803,167272,175727,172466,-8455,-5194,-0.0481144047300642,-0.0301160808507184
"3000","2018","울산","동구","초등학교",2018-04-01,"남자",974,1088,1055,-33,-81,-114,-0.0303308823529412,-0.0767772511848341,-0.104779411764706,167272,175727,172466,-8455,-5194,-0.0481144047300642,-0.0301160808507184
"3001","2018","울산","북구","초등학교",2018-04-01,"전체",2593,2441,2542,101,51,152,0.0413764850471118,0.0200629425649095,0.0622695616550594,204568,191310,196900,13258,7668,0.0693011342846689,0.038943626206196
"3002","2018","울산","북구","초등학교",2018-04-01,"여자",1269,1207,1255,48,14,62,0.0397680198840099,0.0111553784860558,0.0513670256835128,204568,191310,196900,13258,7668,0.0693011342846689,0.038943626206196
"3003","2018","울산","북구","초등학교",2018-04-01,"남자",1324,1234,1287,53,37,90,0.0429497568881686,0.0287490287490287,0.0729335494327391,204568,191310,196900,13258,7668,0.0693011342846689,0.038943626206196
"3004","2018","울산","울주군","초등학교",2018-04-01,"전체",2252,2237,2182,-55,70,15,-0.0245864997764864,0.0320806599450046,0.00670540902995083,220648,219449,218789,1199,1859,0.00546368404504008,0.00849677086142356
"3005","2018","울산","울주군","초등학교",2018-04-01,"여자",1060,1092,1066,-26,-6,-32,-0.0238095238095238,-0.00562851782363977,-0.0293040293040293,220648,219449,218789,1199,1859,0.00546368404504008,0.00849677086142356
"3006","2018","울산","울주군","초등학교",2018-04-01,"남자",1192,1145,1116,-29,76,47,-0.0253275109170306,0.0681003584229391,0.0410480349344978,220648,219449,218789,1199,1859,0.00546368404504008,0.00849677086142356
"3007","2018","세종","세종시","초등학교",2018-04-01,"전체",4454,3310,3782,472,672,1144,0.142598187311178,0.177683765203596,0.345619335347432,295041,225488,254112,69553,40929,0.308455438870361,0.161066773706082
"3008","2018","세종","세종시","초등학교",2018-04-01,"전체",4454,3310,3782,472,672,1144,0.142598187311178,0.177683765203596,0.345619335347432,295041,225488,254112,69553,40929,0.308455438870361,0.161066773706082
"3009","2018","세종","세종시","초등학교",2018-04-01,"전체",4454,3310,3782,472,672,1144,0.142598187311178,0.177683765203596,0.345619335347432,295041,225488,254112,69553,40929,0.308455438870361,0.161066773706082
"3010","2018","세종","세종시","초등학교",2018-04-01,"전체",4454,3310,3782,472,672,1144,0.142598187311178,0.177683765203596,0.345619335347432,295041,225488,254112,69553,40929,0.308455438870361,0.161066773706082
"3011","2018","세종","세종시","초등학교",2018-04-01,"여자",2129,1642,1873,231,256,487,0.14068209500609,0.136679124399359,0.296589524969549,295041,225488,254112,69553,40929,0.308455438870361,0.161066773706082
"3012","2018","세종","세종시","초등학교",2018-04-01,"여자",2129,1642,1873,231,256,487,0.14068209500609,0.136679124399359,0.296589524969549,295041,225488,254112,69553,40929,0.308455438870361,0.161066773706082
"3013","2018","세종","세종시","초등학교",2018-04-01,"여자",2129,1642,1873,231,256,487,0.14068209500609,0.136679124399359,0.296589524969549,295041,225488,254112,69553,40929,0.308455438870361,0.161066773706082
"3014","2018","세종","세종시","초등학교",2018-04-01,"여자",2129,1642,1873,231,256,487,0.14068209500609,0.136679124399359,0.296589524969549,295041,225488,254112,69553,40929,0.308455438870361,0.161066773706082
"3015","2018","세종","세종시","초등학교",2018-04-01,"남자",2325,1668,1909,241,416,657,0.144484412470024,0.217915138816134,0.393884892086331,295041,225488,254112,69553,40929,0.308455438870361,0.161066773706082
"3016","2018","세종","세종시","초등학교",2018-04-01,"남자",2325,1668,1909,241,416,657,0.144484412470024,0.217915138816134,0.393884892086331,295041,225488,254112,69553,40929,0.308455438870361,0.161066773706082
"3017","2018","세종","세종시","초등학교",2018-04-01,"남자",2325,1668,1909,241,416,657,0.144484412470024,0.217915138816134,0.393884892086331,295041,225488,254112,69553,40929,0.308455438870361,0.161066773706082
"3018","2018","세종","세종시","초등학교",2018-04-01,"남자",2325,1668,1909,241,416,657,0.144484412470024,0.217915138816134,0.393884892086331,295041,225488,254112,69553,40929,0.308455438870361,0.161066773706082
"3019","2018","경기","수원시","초등학교",2018-04-01,"전체",11756,12047,11919,-128,-163,-291,-0.0106250518801361,-0.0136756439298599,-0.024155391383747,1201779,1188841,1196330,12938,5449,0.0108828682725444,0.00455476331781365
"3020","2018","경기","수원시","초등학교",2018-04-01,"여자",5680,5879,5789,-90,-109,-199,-0.0153087259738051,-0.01882881326654,-0.0338492940976357,1201779,1188841,1196330,12938,5449,0.0108828682725444,0.00455476331781365
"3021","2018","경기","수원시","초등학교",2018-04-01,"남자",6076,6168,6130,-38,-54,-92,-0.00616083009079118,-0.00880913539967374,-0.0149156939040208,1201779,1188841,1196330,12938,5449,0.0108828682725444,0.00455476331781365
"3022","2018","경기","성남시","초등학교",2018-04-01,"전체",7921,8294,8359,65,-438,-373,0.00783699059561128,-0.0523986122741955,-0.0449722691102001,964400,977094,974035,-12694,-9635,-0.0129915852517772,-0.00989184166893387
"3023","2018","경기","성남시","초등학교",2018-04-01,"여자",3852,3960,4026,66,-174,-108,0.0166666666666667,-0.0432190760059613,-0.0272727272727273,964400,977094,974035,-12694,-9635,-0.0129915852517772,-0.00989184166893387
"3024","2018","경기","성남시","초등학교",2018-04-01,"남자",4069,4334,4333,-1,-264,-265,-0.000230733733271804,-0.0609277636741288,-0.0611444393170281,964400,977094,974035,-12694,-9635,-0.0129915852517772,-0.00989184166893387
"3025","2018","경기","부천시","초등학교",2018-04-01,"전체",7413,7322,7313,-9,100,91,-0.00122917235727943,0.0136742786817995,0.0124282982791587,851589,848142,849842,3447,1747,0.00406417793246886,0.00205567623158187
"3026","2018","경기","부천시","초등학교",2018-04-01,"여자",3652,3602,3593,-9,59,50,-0.00249861188228762,0.0164208182577233,0.0138811771238201,851589,848142,849842,3447,1747,0.00406417793246886,0.00205567623158187
"3027","2018","경기","부천시","초등학교",2018-04-01,"남자",3761,3720,3720,0,41,41,0,0.0110215053763441,0.0110215053763441,851589,848142,849842,3447,1747,0.00406417793246886,0.00205567623158187
"3028","2018","경기","안양시","초등학교",2018-04-01,"전체",4839,5207,5229,22,-390,-368,0.00422508162089495,-0.0745840504876649,-0.0706740925676973,583140,596485,598166,-13345,-15026,-0.0223727335976596,-0.0251201171581133
"3029","2018","경기","안양시","초등학교",2018-04-01,"여자",2392,2525,2543,18,-151,-133,0.00712871287128713,-0.059378686590641,-0.0526732673267327,583140,596485,598166,-13345,-15026,-0.0223727335976596,-0.0251201171581133
"3030","2018","경기","안양시","초등학교",2018-04-01,"남자",2447,2682,2686,4,-239,-235,0.00149142431021626,-0.0889798957557707,-0.0876211782252051,583140,596485,598166,-13345,-15026,-0.0223727335976596,-0.0251201171581133
"3031","2018","경기","과천시","초등학교",2018-04-01,"전체",418,557,509,-48,-91,-139,-0.0861759425493716,-0.178781925343811,-0.249551166965889,57154,68239,59811,-11085,-2657,-0.162443763830068,-0.0444232666231964
"3032","2018","경기","과천시","초등학교",2018-04-01,"여자",212,286,263,-23,-51,-74,-0.0804195804195804,-0.193916349809886,-0.258741258741259,57154,68239,59811,-11085,-2657,-0.162443763830068,-0.0444232666231964
"3033","2018","경기","과천시","초등학교",2018-04-01,"남자",206,271,246,-25,-40,-65,-0.0922509225092251,-0.16260162601626,-0.239852398523985,57154,68239,59811,-11085,-2657,-0.162443763830068,-0.0444232666231964
"3034","2018","경기","안산시","초등학교",2018-04-01,"전체",5767,6196,5986,-210,-219,-429,-0.0338928340865074,-0.0365853658536585,-0.0692382182052937,666168,695027,686802,-28859,-20634,-0.0415221279173327,-0.0300435933500485
"3035","2018","경기","안산시","초등학교",2018-04-01,"여자",2843,3109,3000,-109,-157,-266,-0.0350595046638791,-0.0523333333333333,-0.0855580572531361,666168,695027,686802,-28859,-20634,-0.0415221279173327,-0.0300435933500485
"3036","2018","경기","안산시","초등학교",2018-04-01,"남자",2924,3087,2986,-101,-62,-163,-0.0327178490443797,-0.0207635632953784,-0.0528020732102365,666168,695027,686802,-28859,-20634,-0.0415221279173327,-0.0300435933500485
"3037","2018","경기","용인시","초등학교",2018-04-01,"전체",11552,11751,11796,45,-244,-199,0.00382946132244064,-0.02068497795863,-0.0169347289592375,1009823,978619,994592,31204,15231,0.0318857492037248,0.0153138171230012
"3038","2018","경기","용인시","초등학교",2018-04-01,"여자",5673,5717,5717,0,-44,-44,0,-0.00769634423648767,-0.00769634423648767,1009823,978619,994592,31204,15231,0.0318857492037248,0.0153138171230012
"3039","2018","경기","용인시","초등학교",2018-04-01,"남자",5879,6034,6079,45,-200,-155,0.00745773947630096,-0.0329001480506662,-0.0256877693072589,1009823,978619,994592,31204,15231,0.0318857492037248,0.0153138171230012
"3040","2018","경기","군포시","초등학교",2018-04-01,"전체",2627,2904,2808,-96,-181,-277,-0.0330578512396694,-0.0644586894586895,-0.0953856749311295,279634,287122,283660,-7488,-4026,-0.0260795062725949,-0.0141930480152295
"3041","2018","경기","군포시","초등학교",2018-04-01,"여자",1283,1425,1391,-34,-108,-142,-0.023859649122807,-0.0776419841840403,-0.0996491228070175,279634,287122,283660,-7488,-4026,-0.0260795062725949,-0.0141930480152295
"3042","2018","경기","군포시","초등학교",2018-04-01,"남자",1344,1479,1417,-62,-73,-135,-0.041920216362407,-0.0515172900494001,-0.0912778904665314,279634,287122,283660,-7488,-4026,-0.0260795062725949,-0.0141930480152295
"3043","2018","경기","의왕시","초등학교",2018-04-01,"전체",1267,1603,1540,-63,-273,-336,-0.0393013100436681,-0.177272727272727,-0.209606986899563,154679,157655,155599,-2976,-920,-0.0188766610637151,-0.00591263439996401
"3044","2018","경기","의왕시","초등학교",2018-04-01,"여자",605,767,737,-30,-132,-162,-0.0391134289439374,-0.17910447761194,-0.211212516297262,154679,157655,155599,-2976,-920,-0.0188766610637151,-0.00591263439996401
"3045","2018","경기","의왕시","초등학교",2018-04-01,"남자",662,836,803,-33,-141,-174,-0.0394736842105263,-0.175591531755915,-0.208133971291866,154679,157655,155599,-2976,-920,-0.0188766610637151,-0.00591263439996401
"3046","2018","경기","시흥시","초등학교",2018-04-01,"전체",4647,4003,4113,110,534,644,0.0274793904571571,0.12983223924143,0.160879340494629,432427,398188,405712,34239,26715,0.0859870212060635,0.0658472019560674
"3047","2018","경기","시흥시","초등학교",2018-04-01,"여자",2226,1895,1946,51,280,331,0.0269129287598945,0.143884892086331,0.17467018469657,432427,398188,405712,34239,26715,0.0859870212060635,0.0658472019560674
"3048","2018","경기","시흥시","초등학교",2018-04-01,"남자",2421,2108,2167,59,254,313,0.027988614800759,0.117212736502077,0.148481973434535,432427,398188,405712,34239,26715,0.0859870212060635,0.0658472019560674
"3049","2018","경기","평택시","초등학교",2018-04-01,"전체",4997,4862,4971,109,26,135,0.0224187577128754,0.00523033594850131,0.0277663512957631,486740,463834,475157,22906,11583,0.0493840468788403,0.0243772058498559
"3050","2018","경기","평택시","초등학교",2018-04-01,"여자",2430,2355,2413,58,17,75,0.0246284501061571,0.00704517198508081,0.0318471337579618,486740,463834,475157,22906,11583,0.0493840468788403,0.0243772058498559
"3051","2018","경기","평택시","초등학교",2018-04-01,"남자",2567,2507,2558,51,9,60,0.0203430394894296,0.00351837372947615,0.0239329876346231,486740,463834,475157,22906,11583,0.0493840468788403,0.0243772058498559
"3052","2018","경기","화성시","초등학교",2018-04-01,"전체",11598,9308,9860,552,1738,2290,0.0593038246669532,0.176267748478702,0.246024924795875,722220,613091,658730,109129,63490,0.177998045967075,0.0963824328632368
"3053","2018","경기","화성시","초등학교",2018-04-01,"여자",5671,4537,4815,278,856,1134,0.0612739695834252,0.177777777777778,0.249944897509367,722220,613091,658730,109129,63490,0.177998045967075,0.0963824328632368
"3054","2018","경기","화성시","초등학교",2018-04-01,"남자",5927,4771,5045,274,882,1156,0.057430308111507,0.174826560951437,0.24229721232446,722220,613091,658730,109129,63490,0.177998045967075,0.0963824328632368
"3055","2018","경기","오산시","초등학교",2018-04-01,"전체",2937,2962,2938,-24,-1,-25,-0.00810263335584065,-0.000340367597004765,-0.00844024307900068,216755,207421,210222,9334,6533,0.0450002651611939,0.0310766713284052
"3056","2018","경기","오산시","초등학교",2018-04-01,"여자",1449,1443,1429,-14,20,6,-0.0097020097020097,0.0139958012596221,0.00415800415800416,216755,207421,210222,9334,6533,0.0450002651611939,0.0310766713284052
"3057","2018","경기","오산시","초등학교",2018-04-01,"남자",1488,1519,1509,-10,-21,-31,-0.00658327847267939,-0.0139165009940358,-0.0204081632653061,216755,207421,210222,9334,6533,0.0450002651611939,0.0310766713284052
"3058","2018","경기","광명시","초등학교",2018-04-01,"전체",3172,3539,3316,-223,-144,-367,-0.0630121503249506,-0.0434258142340169,-0.10370161062447,330837,343687,335872,-12850,-5035,-0.0373886705054308,-0.014990829839939
"3059","2018","경기","광명시","초등학교",2018-04-01,"여자",1520,1695,1572,-123,-52,-175,-0.0725663716814159,-0.0330788804071247,-0.103244837758112,330837,343687,335872,-12850,-5035,-0.0373886705054308,-0.014990829839939
"3060","2018","경기","광명시","초등학교",2018-04-01,"남자",1652,1844,1744,-100,-92,-192,-0.0542299349240781,-0.0527522935779817,-0.10412147505423,330837,343687,335872,-12850,-5035,-0.0373886705054308,-0.014990829839939
"3061","2018","경기","광주시","초등학교",2018-04-01,"전체",3494,3537,3577,40,-83,-43,0.0113090189426067,-0.0232038020687727,-0.0121571953633022,351494,315547,332845,35947,18649,0.113919637962015,0.0560290826060178
"3062","2018","경기","광주시","초등학교",2018-04-01,"여자",1691,1699,1707,8,-16,-8,0.00470865214832254,-0.00937316930287053,-0.00470865214832254,351494,315547,332845,35947,18649,0.113919637962015,0.0560290826060178
"3063","2018","경기","광주시","초등학교",2018-04-01,"남자",1803,1838,1870,32,-67,-35,0.0174102285092492,-0.0358288770053476,-0.0190424374319913,351494,315547,332845,35947,18649,0.113919637962015,0.0560290826060178
"3064","2018","경기","하남시","초등학교",2018-04-01,"전체",2739,1975,2653,678,86,764,0.343291139240506,0.0324161326799849,0.386835443037975,239662,177547,219326,62115,20336,0.349851025362298,0.0927204253029737
"3065","2018","경기","하남시","초등학교",2018-04-01,"여자",1406,974,1313,339,93,432,0.348049281314168,0.0708301599390708,0.4435318275154,239662,177547,219326,62115,20336,0.349851025362298,0.0927204253029737
"3066","2018","경기","하남시","초등학교",2018-04-01,"남자",1333,1001,1340,339,-7,332,0.338661338661339,-0.00522388059701493,0.331668331668332,239662,177547,219326,62115,20336,0.349851025362298,0.0927204253029737
"3067","2018","경기","김포시","초등학교",2018-04-01,"전체",5346,4751,5186,435,160,595,0.0915596716480741,0.0308522946394138,0.125236792254262,401385,352090,373617,49295,27768,0.140006816438979,0.0743220999044476
"3068","2018","경기","김포시","초등학교",2018-04-01,"여자",2642,2381,2617,236,25,261,0.0991180176396472,0.00955292319449752,0.109617807643847,401385,352090,373617,49295,27768,0.140006816438979,0.0743220999044476
"3069","2018","경기","김포시","초등학교",2018-04-01,"남자",2704,2370,2569,199,135,334,0.0839662447257384,0.052549630206306,0.140928270042194,401385,352090,373617,49295,27768,0.140006816438979,0.0743220999044476
"3070","2018","경기","이천시","초등학교",2018-04-01,"전체",2279,2258,2297,39,-18,21,0.0172719220549159,-0.00783630822812364,0.00930026572187777,213248,207161,211066,6087,2182,0.0293829437007931,0.0103379985407408
"3071","2018","경기","이천시","초등학교",2018-04-01,"여자",1098,1105,1141,36,-43,-7,0.032579185520362,-0.0376862401402279,-0.00633484162895928,213248,207161,211066,6087,2182,0.0293829437007931,0.0103379985407408
"3072","2018","경기","이천시","초등학교",2018-04-01,"남자",1181,1153,1156,3,25,28,0.002601908065915,0.0216262975778547,0.0242844752818734,213248,207161,211066,6087,2182,0.0293829437007931,0.0103379985407408
"3073","2018","경기","안성시","초등학교",2018-04-01,"전체",1882,1902,1894,-8,-12,-20,-0.00420609884332282,-0.00633579725448786,-0.010515247108307,182211,181279,182761,932,-550,0.00514124636609867,-0.00300939478335093
"3074","2018","경기","안성시","초등학교",2018-04-01,"여자",924,949,948,-1,-24,-25,-0.00105374077976818,-0.0253164556962025,-0.0263435194942044,182211,181279,182761,932,-550,0.00514124636609867,-0.00300939478335093
"3075","2018","경기","안성시","초등학교",2018-04-01,"남자",958,953,946,-7,12,5,-0.00734522560335782,0.0126849894291755,0.00524658971668416,182211,181279,182761,932,-550,0.00514124636609867,-0.00300939478335093
"3076","2018","경기","여주시","초등학교",2018-04-01,"전체",966,961,952,-9,14,5,-0.00936524453694069,0.0147058823529412,0.00520291363163371,111898,111250,111970,648,-72,0.0058247191011236,-0.000643029382870412
"3077","2018","경기","여주시","초등학교",2018-04-01,"여자",462,460,457,-3,5,2,-0.00652173913043478,0.0109409190371991,0.00434782608695652,111898,111250,111970,648,-72,0.0058247191011236,-0.000643029382870412
"3078","2018","경기","여주시","초등학교",2018-04-01,"남자",504,501,495,-6,9,3,-0.0119760479041916,0.0181818181818182,0.00598802395209581,111898,111250,111970,648,-72,0.0058247191011236,-0.000643029382870412
"3079","2018","경기","양평군","초등학교",2018-04-01,"전체",866,887,936,49,-70,-21,0.0552423900789177,-0.0747863247863248,-0.0236753100338219,115374,108849,112408,6525,2966,0.0599454289887826,0.0263860223471639
"3080","2018","경기","양평군","초등학교",2018-04-01,"여자",414,430,454,24,-40,-16,0.0558139534883721,-0.0881057268722467,-0.0372093023255814,115374,108849,112408,6525,2966,0.0599454289887826,0.0263860223471639
"3081","2018","경기","양평군","초등학교",2018-04-01,"남자",452,457,482,25,-30,-5,0.0547045951859956,-0.0622406639004149,-0.0109409190371991,115374,108849,112408,6525,2966,0.0599454289887826,0.0263860223471639
"3082","2018","경기","고양시","초등학교",2018-04-01,"전체",9148,9559,9600,41,-452,-411,0.00428915158489382,-0.0470833333333333,-0.0429961293022283,1041751,1030193,1040608,11558,1143,0.0112192569741786,0.00109839632215013
"3083","2018","경기","고양시","초등학교",2018-04-01,"여자",4502,4645,4663,18,-161,-143,0.0038751345532831,-0.0345271284580742,-0.0307857911733046,1041751,1030193,1040608,11558,1143,0.0112192569741786,0.00109839632215013
"3084","2018","경기","고양시","초등학교",2018-04-01,"남자",4646,4914,4937,23,-291,-268,0.00468050468050468,-0.0589426777395179,-0.0545380545380545,1041751,1030193,1040608,11558,1143,0.0112192569741786,0.00109839632215013
"3085","2018","경기","남양주시","초등학교",2018-04-01,"전체",7361,7698,7659,-39,-298,-337,-0.00506625097427903,-0.0389084736910824,-0.0437776045726163,673241,659445,662870,13796,10371,0.0209206226447998,0.0156456017016911
"3086","2018","경기","남양주시","초등학교",2018-04-01,"여자",3572,3760,3707,-53,-135,-188,-0.0140957446808511,-0.0364175883463717,-0.05,673241,659445,662870,13796,10371,0.0209206226447998,0.0156456017016911
"3087","2018","경기","남양주시","초등학교",2018-04-01,"남자",3789,3938,3952,14,-163,-149,0.00355510411376333,-0.0412449392712551,-0.0378364652107669,673241,659445,662870,13796,10371,0.0209206226447998,0.0156456017016911
"3088","2018","경기","구리시","초등학교",2018-04-01,"전체",1686,1549,1704,155,-18,137,0.100064557779212,-0.0105633802816901,0.0884441575209813,200070,185635,194818,14435,5252,0.0777601206669001,0.0269584945949553
"3089","2018","경기","구리시","초등학교",2018-04-01,"여자",836,797,871,74,-35,39,0.0928481806775408,-0.0401836969001148,0.0489335006273526,200070,185635,194818,14435,5252,0.0777601206669001,0.0269584945949553
"3090","2018","경기","구리시","초등학교",2018-04-01,"남자",850,752,833,81,17,98,0.107712765957447,0.0204081632653061,0.13031914893617,200070,185635,194818,14435,5252,0.0777601206669001,0.0269584945949553
"3091","2018","경기","의정부시","초등학교",2018-04-01,"전체",3704,3910,3931,21,-227,-206,0.00537084398976982,-0.0577461205800051,-0.0526854219948849,442965,434384,438321,8581,4644,0.0197544108438617,0.010594974915644
"3092","2018","경기","의정부시","초등학교",2018-04-01,"여자",1804,1936,1933,-3,-129,-132,-0.0015495867768595,-0.0667356440765649,-0.0681818181818182,442965,434384,438321,8581,4644,0.0197544108438617,0.010594974915644
"3093","2018","경기","의정부시","초등학교",2018-04-01,"남자",1900,1974,1998,24,-98,-74,0.0121580547112462,-0.049049049049049,-0.0374873353596758,442965,434384,438321,8581,4644,0.0197544108438617,0.010594974915644
"3094","2018","경기","파주시","초등학교",2018-04-01,"전체",4868,4986,5005,19,-137,-118,0.00381066987565182,-0.0273726273726274,-0.0236662655435219,441617,425919,431712,15698,9905,0.0368567732362257,0.0229435364316952
"3095","2018","경기","파주시","초등학교",2018-04-01,"여자",2364,2401,2417,16,-53,-37,0.00666389004581424,-0.0219280099296649,-0.0154102457309454,441617,425919,431712,15698,9905,0.0368567732362257,0.0229435364316952
"3096","2018","경기","파주시","초등학교",2018-04-01,"남자",2504,2585,2588,3,-84,-81,0.0011605415860735,-0.0324574961360124,-0.0313346228239845,441617,425919,431712,15698,9905,0.0368567732362257,0.0229435364316952
"3097","2018","경기","동두천시","초등학교",2018-04-01,"전체",864,899,884,-15,-20,-35,-0.0166852057842047,-0.0226244343891403,-0.0389321468298109,96921,98018,97755,-1097,-834,-0.0111918219102614,-0.00853153291391745
"3098","2018","경기","동두천시","초등학교",2018-04-01,"여자",402,426,415,-11,-13,-24,-0.0258215962441315,-0.0313253012048193,-0.0563380281690141,96921,98018,97755,-1097,-834,-0.0111918219102614,-0.00853153291391745
"3099","2018","경기","동두천시","초등학교",2018-04-01,"남자",462,473,469,-4,-7,-11,-0.00845665961945032,-0.0149253731343284,-0.0232558139534884,96921,98018,97755,-1097,-834,-0.0111918219102614,-0.00853153291391745
"3100","2018","경기","양주시","초등학교",2018-04-01,"전체",2205,2174,2185,11,20,31,0.00505979760809568,0.0091533180778032,0.0142594296228151,212276,205252,207327,7024,4949,0.0342213474168339,0.0238705040829221
"3101","2018","경기","양주시","초등학교",2018-04-01,"여자",1091,1040,1056,16,35,51,0.0153846153846154,0.0331439393939394,0.0490384615384615,212276,205252,207327,7024,4949,0.0342213474168339,0.0238705040829221
"3102","2018","경기","양주시","초등학교",2018-04-01,"남자",1114,1134,1129,-5,-15,-20,-0.00440917107583774,-0.0132860938883968,-0.017636684303351,212276,205252,207327,7024,4949,0.0342213474168339,0.0238705040829221
"3103","2018","경기","포천시","초등학교",2018-04-01,"전체",1121,1176,1164,-12,-43,-55,-0.0102040816326531,-0.0369415807560137,-0.0467687074829932,152310,154630,153903,-2320,-1593,-0.0150035568777081,-0.0103506754254303
"3104","2018","경기","포천시","초등학교",2018-04-01,"여자",505,530,531,1,-26,-25,0.00188679245283019,-0.0489642184557439,-0.0471698113207547,152310,154630,153903,-2320,-1593,-0.0150035568777081,-0.0103506754254303
"3105","2018","경기","포천시","초등학교",2018-04-01,"남자",616,646,633,-13,-17,-30,-0.0201238390092879,-0.0268562401263823,-0.0464396284829721,152310,154630,153903,-2320,-1593,-0.0150035568777081,-0.0103506754254303
"3106","2018","경기","가평군","초등학교",2018-04-01,"전체",421,460,474,14,-53,-39,0.0304347826086957,-0.111814345991561,-0.0847826086956522,62818,62119,62369,699,449,0.011252595824144,0.00719908929115426
"3107","2018","경기","가평군","초등학교",2018-04-01,"여자",226,242,245,3,-19,-16,0.012396694214876,-0.0775510204081633,-0.0661157024793388,62818,62119,62369,699,449,0.011252595824144,0.00719908929115426
"3108","2018","경기","가평군","초등학교",2018-04-01,"남자",195,218,229,11,-34,-23,0.0504587155963303,-0.148471615720524,-0.105504587155963,62818,62119,62369,699,449,0.011252595824144,0.00719908929115426
"3109","2018","경기","연천군","초등학교",2018-04-01,"전체",300,344,339,-5,-39,-44,-0.0145348837209302,-0.115044247787611,-0.127906976744186,45018,45834,45755,-816,-737,-0.0178033774054196,-0.0161075292317779
"3110","2018","경기","연천군","초등학교",2018-04-01,"여자",135,168,160,-8,-25,-33,-0.0476190476190476,-0.15625,-0.196428571428571,45018,45834,45755,-816,-737,-0.0178033774054196,-0.0161075292317779
"3111","2018","경기","연천군","초등학교",2018-04-01,"남자",165,176,179,3,-14,-11,0.0170454545454545,-0.0782122905027933,-0.0625,45018,45834,45755,-816,-737,-0.0178033774054196,-0.0161075292317779
"3112","2018","강원","춘천시","초등학교",2018-04-01,"전체",2573,2565,2575,10,-2,8,0.00389863547758285,-0.000776699029126214,0.00311890838206628,280689,278682,279981,2007,708,0.00720175684113075,0.00252874302184791
"3113","2018","강원","춘천시","초등학교",2018-04-01,"여자",1235,1248,1261,13,-26,-13,0.0104166666666667,-0.0206185567010309,-0.0104166666666667,280689,278682,279981,2007,708,0.00720175684113075,0.00252874302184791
"3114","2018","강원","춘천시","초등학교",2018-04-01,"남자",1338,1317,1314,-3,24,21,-0.00227790432801822,0.0182648401826484,0.0159453302961276,280689,278682,279981,2007,708,0.00720175684113075,0.00252874302184791
"3115","2018","강원","원주시","초등학교",2018-04-01,"전체",3224,3186,3225,39,-1,38,0.012241054613936,-0.000310077519379845,0.0119271814187068,341877,335450,339146,6427,2731,0.0191593382024147,0.00805257912521451
"3116","2018","강원","원주시","초등학교",2018-04-01,"여자",1576,1545,1575,30,1,31,0.0194174757281553,0.000634920634920635,0.0200647249190939,341877,335450,339146,6427,2731,0.0191593382024147,0.00805257912521451
"3117","2018","강원","원주시","초등학교",2018-04-01,"남자",1648,1641,1650,9,-2,7,0.00548446069469835,-0.00121212121212121,0.00426569165143205,341877,335450,339146,6427,2731,0.0191593382024147,0.00805257912521451
"3118","2018","강원","강릉시","초등학교",2018-04-01,"전체",1688,1615,1625,10,63,73,0.00619195046439629,0.0387692307692308,0.0452012383900929,213279,214281,213727,-1002,-448,-0.00467610287426323,-0.00209613198145298
"3119","2018","강원","강릉시","초등학교",2018-04-01,"여자",804,749,753,4,51,55,0.00534045393858478,0.0677290836653386,0.0734312416555407,213279,214281,213727,-1002,-448,-0.00467610287426323,-0.00209613198145298
"3120","2018","강원","강릉시","초등학교",2018-04-01,"남자",884,866,872,6,12,18,0.0069284064665127,0.0137614678899083,0.0207852193995381,213279,214281,213727,-1002,-448,-0.00467610287426323,-0.00209613198145298
"3121","2018","강원","동해시","초등학교",2018-04-01,"전체",841,832,842,10,-1,9,0.0120192307692308,-0.00118764845605701,0.0108173076923077,91845,93462,92883,-1617,-1038,-0.0173011491301278,-0.0111753496334098
"3122","2018","강원","동해시","초등학교",2018-04-01,"여자",399,399,403,4,-4,0,0.0100250626566416,-0.00992555831265509,0,91845,93462,92883,-1617,-1038,-0.0173011491301278,-0.0111753496334098
"3123","2018","강원","동해시","초등학교",2018-04-01,"남자",442,433,439,6,3,9,0.0138568129330254,0.00683371298405467,0.0207852193995381,91845,93462,92883,-1617,-1038,-0.0173011491301278,-0.0111753496334098
"3124","2018","강원","태백시","초등학교",2018-04-01,"전체",373,396,389,-7,-16,-23,-0.0176767676767677,-0.0411311053984576,-0.0580808080808081,45484,47464,46480,-1980,-996,-0.0417158267318389,-0.0214285714285714
"3125","2018","강원","태백시","초등학교",2018-04-01,"여자",191,187,181,-6,10,4,-0.0320855614973262,0.0552486187845304,0.0213903743315508,45484,47464,46480,-1980,-996,-0.0417158267318389,-0.0214285714285714
"3126","2018","강원","태백시","초등학교",2018-04-01,"남자",182,209,208,-1,-26,-27,-0.00478468899521531,-0.125,-0.129186602870813,45484,47464,46480,-1980,-996,-0.0417158267318389,-0.0214285714285714
"3127","2018","강원","속초시","초등학교",2018-04-01,"전체",646,672,658,-14,-12,-26,-0.0208333333333333,-0.0182370820668693,-0.0386904761904762,81724,82069,81635,-345,89,-0.00420377974631103,0.00109021865621363
"3128","2018","강원","속초시","초등학교",2018-04-01,"여자",308,336,322,-14,-14,-28,-0.0416666666666667,-0.0434782608695652,-0.0833333333333333,81724,82069,81635,-345,89,-0.00420377974631103,0.00109021865621363
"3129","2018","강원","속초시","초등학교",2018-04-01,"남자",338,336,336,0,2,2,0,0.00595238095238095,0.00595238095238095,81724,82069,81635,-345,89,-0.00420377974631103,0.00109021865621363
"3130","2018","강원","삼척시","초등학교",2018-04-01,"전체",450,496,502,6,-52,-46,0.0120967741935484,-0.103585657370518,-0.092741935483871,68728,69990,69268,-1262,-540,-0.0180311473067581,-0.00779580758791939
"3131","2018","강원","삼척시","초등학교",2018-04-01,"여자",217,237,234,-3,-17,-20,-0.0126582278481013,-0.0726495726495727,-0.0843881856540084,68728,69990,69268,-1262,-540,-0.0180311473067581,-0.00779580758791939
"3132","2018","강원","삼척시","초등학교",2018-04-01,"남자",233,259,268,9,-35,-26,0.0347490347490347,-0.130597014925373,-0.1003861003861,68728,69990,69268,-1262,-540,-0.0180311473067581,-0.00779580758791939
"3133","2018","강원","홍천군","초등학교",2018-04-01,"전체",478,497,503,6,-25,-19,0.0120724346076459,-0.0497017892644135,-0.0382293762575453,70152,70045,70226,107,-74,0.00152758940680991,-0.00105374077976818
"3134","2018","강원","홍천군","초등학교",2018-04-01,"여자",242,266,268,2,-26,-24,0.0075187969924812,-0.0970149253731343,-0.0902255639097744,70152,70045,70226,107,-74,0.00152758940680991,-0.00105374077976818
"3135","2018","강원","홍천군","초등학교",2018-04-01,"남자",236,231,235,4,1,5,0.0173160173160173,0.00425531914893617,0.0216450216450216,70152,70045,70226,107,-74,0.00152758940680991,-0.00105374077976818
"3136","2018","강원","횡성군","초등학교",2018-04-01,"전체",264,256,264,8,0,8,0.03125,0,0.03125,46430,45878,46068,552,362,0.0120319107197349,0.0078579491186941
"3137","2018","강원","횡성군","초등학교",2018-04-01,"여자",125,124,127,3,-2,1,0.0241935483870968,-0.015748031496063,0.00806451612903226,46430,45878,46068,552,362,0.0120319107197349,0.0078579491186941
"3138","2018","강원","횡성군","초등학교",2018-04-01,"남자",139,132,137,5,2,7,0.0378787878787879,0.0145985401459854,0.053030303030303,46430,45878,46068,552,362,0.0120319107197349,0.0078579491186941
"3139","2018","강원","영월군","초등학교",2018-04-01,"전체",240,231,240,9,0,9,0.038961038961039,0,0.038961038961039,40026,40057,40040,-31,-14,-0.000773897196494995,-0.00034965034965035
"3140","2018","강원","영월군","초등학교",2018-04-01,"여자",124,114,116,2,8,10,0.0175438596491228,0.0689655172413793,0.087719298245614,40026,40057,40040,-31,-14,-0.000773897196494995,-0.00034965034965035
"3141","2018","강원","영월군","초등학교",2018-04-01,"남자",116,117,124,7,-8,-1,0.0598290598290598,-0.0645161290322581,-0.00854700854700855,40026,40057,40040,-31,-14,-0.000773897196494995,-0.00034965034965035
"3142","2018","강원","평창군","초등학교",2018-04-01,"전체",240,258,259,1,-19,-18,0.00387596899224806,-0.0733590733590734,-0.0697674418604651,42816,43278,43142,-462,-326,-0.0106751698322473,-0.00755644151870567
"3143","2018","강원","평창군","초등학교",2018-04-01,"여자",123,123,128,5,-5,0,0.040650406504065,-0.0390625,0,42816,43278,43142,-462,-326,-0.0106751698322473,-0.00755644151870567
"3144","2018","강원","평창군","초등학교",2018-04-01,"남자",117,135,131,-4,-14,-18,-0.0296296296296296,-0.106870229007634,-0.133333333333333,42816,43278,43142,-462,-326,-0.0106751698322473,-0.00755644151870567
"3145","2018","강원","정선군","초등학교",2018-04-01,"전체",217,235,238,3,-21,-18,0.0127659574468085,-0.0882352941176471,-0.0765957446808511,37964,38923,38397,-959,-433,-0.0246383886134162,-0.0112769226762507
"3146","2018","강원","정선군","초등학교",2018-04-01,"여자",109,115,117,2,-8,-6,0.0173913043478261,-0.0683760683760684,-0.0521739130434783,37964,38923,38397,-959,-433,-0.0246383886134162,-0.0112769226762507
"3147","2018","강원","정선군","초등학교",2018-04-01,"남자",108,120,121,1,-13,-12,0.00833333333333333,-0.107438016528926,-0.1,37964,38923,38397,-959,-433,-0.0246383886134162,-0.0112769226762507
"3148","2018","강원","철원군","초등학교",2018-04-01,"전체",359,398,396,-2,-37,-39,-0.0050251256281407,-0.0934343434343434,-0.0979899497487437,46856,48354,47735,-1498,-879,-0.0309798568887786,-0.0184141615167068
"3149","2018","강원","철원군","초등학교",2018-04-01,"여자",161,190,192,2,-31,-29,0.0105263157894737,-0.161458333333333,-0.152631578947368,46856,48354,47735,-1498,-879,-0.0309798568887786,-0.0184141615167068
"3150","2018","강원","철원군","초등학교",2018-04-01,"남자",198,208,204,-4,-6,-10,-0.0192307692307692,-0.0294117647058824,-0.0480769230769231,46856,48354,47735,-1498,-879,-0.0309798568887786,-0.0184141615167068
"3151","2018","강원","화천군","초등학교",2018-04-01,"전체",190,220,213,-7,-23,-30,-0.0318181818181818,-0.107981220657277,-0.136363636363636,25600,26628,26204,-1028,-604,-0.0386059786690702,-0.0230499160433522
"3152","2018","강원","화천군","초등학교",2018-04-01,"여자",89,107,105,-2,-16,-18,-0.0186915887850467,-0.152380952380952,-0.168224299065421,25600,26628,26204,-1028,-604,-0.0386059786690702,-0.0230499160433522
"3153","2018","강원","화천군","초등학교",2018-04-01,"남자",101,113,108,-5,-7,-12,-0.0442477876106195,-0.0648148148148148,-0.106194690265487,25600,26628,26204,-1028,-604,-0.0386059786690702,-0.0230499160433522
"3154","2018","강원","양구군","초등학교",2018-04-01,"전체",204,214,210,-4,-6,-10,-0.0186915887850467,-0.0285714285714286,-0.0467289719626168,23650,24006,23866,-356,-216,-0.0148296259268516,-0.00905053213776921
"3155","2018","강원","양구군","초등학교",2018-04-01,"여자",93,93,88,-5,5,0,-0.0537634408602151,0.0568181818181818,0,23650,24006,23866,-356,-216,-0.0148296259268516,-0.00905053213776921
"3156","2018","강원","양구군","초등학교",2018-04-01,"남자",111,121,122,1,-11,-10,0.00826446280991736,-0.0901639344262295,-0.0826446280991736,23650,24006,23866,-356,-216,-0.0148296259268516,-0.00905053213776921
"3157","2018","강원","인제군","초등학교",2018-04-01,"전체",250,297,275,-22,-25,-47,-0.0740740740740741,-0.0909090909090909,-0.158249158249158,32323,32986,32473,-663,-150,-0.0200994361244164,-0.00461922212299449
"3158","2018","강원","인제군","초등학교",2018-04-01,"여자",101,135,128,-7,-27,-34,-0.0518518518518519,-0.2109375,-0.251851851851852,32323,32986,32473,-663,-150,-0.0200994361244164,-0.00461922212299449
"3159","2018","강원","인제군","초등학교",2018-04-01,"남자",149,162,147,-15,2,-13,-0.0925925925925926,0.0136054421768707,-0.0802469135802469,32323,32986,32473,-663,-150,-0.0200994361244164,-0.00461922212299449
"3160","2018","강원","고성군","초등학교",2018-04-01,"전체",162,153,151,-2,11,9,-0.0130718954248366,0.0728476821192053,0.0588235294117647,28739,29288,28989,-549,-250,-0.0187448784485113,-0.00862396081272207
"3161","2018","강원","고성군","초등학교",2018-04-01,"여자",74,72,69,-3,5,2,-0.0416666666666667,0.072463768115942,0.0277777777777778,28739,29288,28989,-549,-250,-0.0187448784485113,-0.00862396081272207
"3162","2018","강원","고성군","초등학교",2018-04-01,"남자",88,81,82,1,6,7,0.0123456790123457,0.0731707317073171,0.0864197530864197,28739,29288,28989,-549,-250,-0.0187448784485113,-0.00862396081272207
"3163","2018","강원","양양군","초등학교",2018-04-01,"전체",144,154,157,3,-13,-10,0.0194805194805195,-0.0828025477707006,-0.0649350649350649,27270,27329,27319,-59,-49,-0.00215887884664642,-0.00179362348548629
"3164","2018","강원","양양군","초등학교",2018-04-01,"여자",71,83,83,0,-12,-12,0,-0.144578313253012,-0.144578313253012,27270,27329,27319,-59,-49,-0.00215887884664642,-0.00179362348548629
"3165","2018","강원","양양군","초등학교",2018-04-01,"남자",73,71,74,3,-1,2,0.0422535211267606,-0.0135135135135135,0.028169014084507,27270,27329,27319,-59,-49,-0.00215887884664642,-0.00179362348548629
"3166","2018","충북","청주시","초등학교",2018-04-01,"전체",8528,8844,8843,-1,-315,-316,-0.000113071008593397,-0.0356213954540314,-0.0357304387155133,835293,833095,836298,2198,-1005,0.00263835456940685,-0.00120172474405057
"3167","2018","충북","청주시","초등학교",2018-04-01,"여자",4215,4342,4333,-9,-118,-127,-0.00207277752187932,-0.0272328640664667,-0.0292491939198526,835293,833095,836298,2198,-1005,0.00263835456940685,-0.00120172474405057
"3168","2018","충북","청주시","초등학교",2018-04-01,"남자",4313,4502,4510,8,-197,-189,0.00177698800533096,-0.0436807095343681,-0.041981341625944,835293,833095,836298,2198,-1005,0.00263835456940685,-0.00120172474405057
"3169","2018","충북","충주시","초등학교",2018-04-01,"전체",1746,1626,1628,2,118,120,0.001230012300123,0.0724815724815725,0.0738007380073801,209491,207835,208158,1656,1333,0.00796785911901268,0.0064037894291836
"3170","2018","충북","충주시","초등학교",2018-04-01,"여자",835,796,801,5,34,39,0.00628140703517588,0.0424469413233458,0.0489949748743719,209491,207835,208158,1656,1333,0.00796785911901268,0.0064037894291836
"3171","2018","충북","충주시","초등학교",2018-04-01,"남자",911,830,827,-3,84,81,-0.0036144578313253,0.101571946795647,0.0975903614457831,209491,207835,208158,1656,1333,0.00796785911901268,0.0064037894291836
"3172","2018","충북","제천시","초등학교",2018-04-01,"전체",1058,1125,1143,18,-85,-67,0.016,-0.0743657042869641,-0.0595555555555556,135916,136134,136534,-218,-618,-0.00160136336256923,-0.00452634508620563
"3173","2018","충북","제천시","초등학교",2018-04-01,"여자",535,561,579,18,-44,-26,0.0320855614973262,-0.075993091537133,-0.0463458110516934,135916,136134,136534,-218,-618,-0.00160136336256923,-0.00452634508620563
"3174","2018","충북","제천시","초등학교",2018-04-01,"남자",523,564,564,0,-41,-41,0,-0.0726950354609929,-0.0726950354609929,135916,136134,136534,-218,-618,-0.00160136336256923,-0.00452634508620563
"3175","2018","충북","보은군","초등학교",2018-04-01,"전체",202,175,178,3,24,27,0.0171428571428571,0.134831460674157,0.154285714285714,33931,34199,34208,-268,-277,-0.00783648644697213,-0.00809752104770814
"3176","2018","충북","보은군","초등학교",2018-04-01,"여자",101,83,90,7,11,18,0.0843373493975904,0.122222222222222,0.216867469879518,33931,34199,34208,-268,-277,-0.00783648644697213,-0.00809752104770814
"3177","2018","충북","보은군","초등학교",2018-04-01,"남자",101,92,88,-4,13,9,-0.0434782608695652,0.147727272727273,0.0978260869565217,33931,34199,34208,-268,-277,-0.00783648644697213,-0.00809752104770814
"3178","2018","충북","옥천군","초등학교",2018-04-01,"전체",379,355,364,9,15,24,0.0253521126760563,0.0412087912087912,0.0676056338028169,51792,52324,51961,-532,-169,-0.0101674183930892,-0.00325243932949712
"3179","2018","충북","옥천군","초등학교",2018-04-01,"여자",169,161,176,15,-7,8,0.093167701863354,-0.0397727272727273,0.0496894409937888,51792,52324,51961,-532,-169,-0.0101674183930892,-0.00325243932949712
"3180","2018","충북","옥천군","초등학교",2018-04-01,"남자",210,194,188,-6,22,16,-0.0309278350515464,0.117021276595745,0.0824742268041237,51792,52324,51961,-532,-169,-0.0101674183930892,-0.00325243932949712
"3181","2018","충북","영동군","초등학교",2018-04-01,"전체",277,309,307,-2,-30,-32,-0.00647249190938511,-0.0977198697068404,-0.103559870550162,50067,50311,50397,-244,-330,-0.00484983403231898,-0.00654800881004822
"3182","2018","충북","영동군","초등학교",2018-04-01,"여자",136,155,150,-5,-14,-19,-0.032258064516129,-0.0933333333333333,-0.12258064516129,50067,50311,50397,-244,-330,-0.00484983403231898,-0.00654800881004822
"3183","2018","충북","영동군","초등학교",2018-04-01,"남자",141,154,157,3,-16,-13,0.0194805194805195,-0.101910828025478,-0.0844155844155844,50067,50311,50397,-244,-330,-0.00484983403231898,-0.00654800881004822
"3184","2018","충북","진천군","초등학교",2018-04-01,"전체",848,715,747,32,101,133,0.0447552447552448,0.13520749665328,0.186013986013986,75238,68452,70698,6786,4540,0.0991351604043709,0.0642168095278509
"3185","2018","충북","진천군","초등학교",2018-04-01,"여자",413,349,363,14,50,64,0.0401146131805158,0.137741046831956,0.183381088825215,75238,68452,70698,6786,4540,0.0991351604043709,0.0642168095278509
"3186","2018","충북","진천군","초등학교",2018-04-01,"남자",435,366,384,18,51,69,0.0491803278688525,0.1328125,0.188524590163934,75238,68452,70698,6786,4540,0.0991351604043709,0.0642168095278509
"3187","2018","충북","괴산군","초등학교",2018-04-01,"전체",144,165,175,10,-31,-21,0.0606060606060606,-0.177142857142857,-0.127272727272727,38500,38101,38425,399,75,0.0104721660848797,0.00195185426154847
"3188","2018","충북","괴산군","초등학교",2018-04-01,"여자",82,92,93,1,-11,-10,0.0108695652173913,-0.118279569892473,-0.108695652173913,38500,38101,38425,399,75,0.0104721660848797,0.00195185426154847
"3189","2018","충북","괴산군","초등학교",2018-04-01,"남자",62,73,82,9,-20,-11,0.123287671232877,-0.24390243902439,-0.150684931506849,38500,38101,38425,399,75,0.0104721660848797,0.00195185426154847
"3190","2018","충북","음성군","초등학교",2018-04-01,"전체",801,872,862,-10,-61,-71,-0.0114678899082569,-0.0707656612529002,-0.0814220183486239,96913,97244,97909,-331,-996,-0.00340380897536095,-0.0101727113952752
"3191","2018","충북","음성군","초등학교",2018-04-01,"여자",369,384,394,10,-25,-15,0.0260416666666667,-0.0634517766497462,-0.0390625,96913,97244,97909,-331,-996,-0.00340380897536095,-0.0101727113952752
"3192","2018","충북","음성군","초등학교",2018-04-01,"남자",432,488,468,-20,-36,-56,-0.040983606557377,-0.0769230769230769,-0.114754098360656,96913,97244,97909,-331,-996,-0.00340380897536095,-0.0101727113952752
"3193","2018","충북","단양군","초등학교",2018-04-01,"전체",163,165,167,2,-4,-2,0.0121212121212121,-0.0239520958083832,-0.0121212121212121,30273,30623,30425,-350,-152,-0.0114293178330013,-0.00499589153656532
"3194","2018","충북","단양군","초등학교",2018-04-01,"여자",73,84,84,0,-11,-11,0,-0.130952380952381,-0.130952380952381,30273,30623,30425,-350,-152,-0.0114293178330013,-0.00499589153656532
"3195","2018","충북","단양군","초등학교",2018-04-01,"남자",90,81,83,2,7,9,0.0246913580246914,0.0843373493975904,0.111111111111111,30273,30623,30425,-350,-152,-0.0114293178330013,-0.00499589153656532
"3196","2018","충북","증평군","초등학교",2018-04-01,"전체",381,390,394,4,-13,-9,0.0102564102564103,-0.032994923857868,-0.0230769230769231,37750,36994,37479,756,271,0.0204357463372439,0.0072307158675525
"3197","2018","충북","증평군","초등학교",2018-04-01,"여자",189,186,191,5,-2,3,0.0268817204301075,-0.0104712041884817,0.0161290322580645,37750,36994,37479,756,271,0.0204357463372439,0.0072307158675525
"3198","2018","충북","증평군","초등학교",2018-04-01,"남자",192,204,203,-1,-11,-12,-0.00490196078431373,-0.0541871921182266,-0.0588235294117647,37750,36994,37479,756,271,0.0204357463372439,0.0072307158675525
"3199","2018","충남","천안시","초등학교",2018-04-01,"전체",7072,6789,7029,240,43,283,0.0353513035793195,0.00611751315976668,0.0416850788039476,637908,608044,624053,29864,13855,0.0491148666872792,0.0222016399248141
"3200","2018","충남","천안시","초등학교",2018-04-01,"여자",3372,3262,3396,134,-24,110,0.0410790925812385,-0.00706713780918728,0.0337216431637032,637908,608044,624053,29864,13855,0.0491148666872792,0.0222016399248141
"3201","2018","충남","천안시","초등학교",2018-04-01,"남자",3700,3527,3633,106,67,173,0.0300538701445988,0.0184420589044866,0.0490501842925999,637908,608044,624053,29864,13855,0.0491148666872792,0.0222016399248141
"3202","2018","충남","공주시","초등학교",2018-04-01,"전체",740,757,738,-19,2,-17,-0.0250990752972259,0.002710027100271,-0.0224570673712021,107839,110306,109234,-2467,-1395,-0.0223650572045038,-0.0127707490341835
"3203","2018","충남","공주시","초등학교",2018-04-01,"여자",374,390,377,-13,-3,-16,-0.0333333333333333,-0.00795755968169761,-0.041025641025641,107839,110306,109234,-2467,-1395,-0.0223650572045038,-0.0127707490341835
"3204","2018","충남","공주시","초등학교",2018-04-01,"남자",366,367,361,-6,5,-1,-0.0163487738419619,0.0138504155124654,-0.00272479564032698,107839,110306,109234,-2467,-1395,-0.0223650572045038,-0.0127707490341835
"3205","2018","충남","보령시","초등학교",2018-04-01,"전체",809,824,816,-8,-7,-15,-0.00970873786407767,-0.00857843137254902,-0.0182038834951456,102716,104432,103487,-1716,-771,-0.0164317450589858,-0.00745021113763081
"3206","2018","충남","보령시","초등학교",2018-04-01,"여자",407,404,400,-4,7,3,-0.0099009900990099,0.0175,0.00742574257425743,102716,104432,103487,-1716,-771,-0.0164317450589858,-0.00745021113763081
"3207","2018","충남","보령시","초등학교",2018-04-01,"남자",402,420,416,-4,-14,-18,-0.00952380952380952,-0.0336538461538462,-0.0428571428571429,102716,104432,103487,-1716,-771,-0.0164317450589858,-0.00745021113763081
"3208","2018","충남","아산시","초등학교",2018-04-01,"전체",3967,4190,4124,-66,-157,-223,-0.0157517899761337,-0.0380698351115422,-0.0532219570405728,311873,301471,305494,10402,6379,0.0345041479943344,0.020880933831761
"3209","2018","충남","아산시","초등학교",2018-04-01,"여자",1930,2098,2054,-44,-124,-168,-0.0209723546234509,-0.0603700097370983,-0.0800762631077216,311873,301471,305494,10402,6379,0.0345041479943344,0.020880933831761
"3210","2018","충남","아산시","초등학교",2018-04-01,"남자",2037,2092,2070,-22,-33,-55,-0.0105162523900574,-0.0159420289855072,-0.0262906309751434,311873,301471,305494,10402,6379,0.0345041479943344,0.020880933831761
"3211","2018","충남","서산시","초등학교",2018-04-01,"전체",1722,1719,1709,-10,13,3,-0.0058173356602676,0.00760678759508484,0.00174520069808028,171903,170025,171102,1878,801,0.0110454344949272,0.00468141810148333
"3212","2018","충남","서산시","초등학교",2018-04-01,"여자",813,812,807,-5,6,1,-0.0061576354679803,0.00743494423791822,0.00123152709359606,171903,170025,171102,1878,801,0.0110454344949272,0.00468141810148333
"3213","2018","충남","서산시","초등학교",2018-04-01,"남자",909,907,902,-5,7,2,-0.00551267916207277,0.00776053215077605,0.00220507166482911,171903,170025,171102,1878,801,0.0110454344949272,0.00468141810148333
"3214","2018","충남","논산시","초등학교",2018-04-01,"전체",918,918,910,-8,8,0,-0.00871459694989107,0.00879120879120879,0,121575,123693,122411,-2118,-836,-0.0171230384904562,-0.00682945160157175
"3215","2018","충남","논산시","초등학교",2018-04-01,"여자",447,434,432,-2,15,13,-0.00460829493087558,0.0347222222222222,0.0299539170506912,121575,123693,122411,-2118,-836,-0.0171230384904562,-0.00682945160157175
"3216","2018","충남","논산시","초등학교",2018-04-01,"남자",471,484,478,-6,-7,-13,-0.012396694214876,-0.0146443514644351,-0.0268595041322314,121575,123693,122411,-2118,-836,-0.0171230384904562,-0.00682945160157175
"3217","2018","충남","계룡시","초등학교",2018-04-01,"전체",507,485,530,45,-23,22,0.0927835051546392,-0.0433962264150943,0.045360824742268,43885,42370,43931,1515,-46,0.0357564314373377,-0.00104709658327832
"3218","2018","충남","계룡시","초등학교",2018-04-01,"여자",234,231,254,23,-20,3,0.0995670995670996,-0.078740157480315,0.012987012987013,43885,42370,43931,1515,-46,0.0357564314373377,-0.00104709658327832
"3219","2018","충남","계룡시","초등학교",2018-04-01,"남자",273,254,276,22,-3,19,0.0866141732283465,-0.0108695652173913,0.0748031496062992,43885,42370,43931,1515,-46,0.0357564314373377,-0.00104709658327832
"3220","2018","충남","금산군","초등학교",2018-04-01,"전체",370,360,359,-1,11,10,-0.00277777777777778,0.0306406685236769,0.0277777777777778,53663,54870,54250,-1207,-587,-0.021997448514671,-0.0108202764976959
"3221","2018","충남","금산군","초등학교",2018-04-01,"여자",184,186,187,1,-3,-2,0.00537634408602151,-0.0160427807486631,-0.010752688172043,53663,54870,54250,-1207,-587,-0.021997448514671,-0.0108202764976959
"3222","2018","충남","금산군","초등학교",2018-04-01,"남자",186,174,172,-2,14,12,-0.0114942528735632,0.0813953488372093,0.0689655172413793,53663,54870,54250,-1207,-587,-0.021997448514671,-0.0108202764976959
"3223","2018","충남","부여군","초등학교",2018-04-01,"전체",360,412,407,-5,-47,-52,-0.0121359223300971,-0.115479115479115,-0.12621359223301,68706,70821,69836,-2115,-1130,-0.0298640233828949,-0.0161807663669168
"3224","2018","충남","부여군","초등학교",2018-04-01,"여자",160,186,187,1,-27,-26,0.00537634408602151,-0.144385026737968,-0.139784946236559,68706,70821,69836,-2115,-1130,-0.0298640233828949,-0.0161807663669168
"3225","2018","충남","부여군","초등학교",2018-04-01,"남자",200,226,220,-6,-20,-26,-0.0265486725663717,-0.0909090909090909,-0.115044247787611,68706,70821,69836,-2115,-1130,-0.0298640233828949,-0.0161807663669168
"3226","2018","충남","서천군","초등학교",2018-04-01,"전체",306,305,300,-5,6,1,-0.0163934426229508,0.02,0.00327868852459016,54802,56479,55691,-1677,-889,-0.0296924520618283,-0.0159630820060692
"3227","2018","충남","서천군","초등학교",2018-04-01,"여자",151,148,151,3,0,3,0.0202702702702703,0,0.0202702702702703,54802,56479,55691,-1677,-889,-0.0296924520618283,-0.0159630820060692
"3228","2018","충남","서천군","초등학교",2018-04-01,"남자",155,157,149,-8,6,-2,-0.0509554140127389,0.0402684563758389,-0.0127388535031847,54802,56479,55691,-1677,-889,-0.0296924520618283,-0.0159630820060692
"3229","2018","충남","청양군","초등학교",2018-04-01,"전체",165,173,164,-9,1,-8,-0.0520231213872832,0.00609756097560976,-0.046242774566474,32297,32227,32298,70,-1,0.00217209172433053,-3.09616694532169e-05
"3230","2018","충남","청양군","초등학교",2018-04-01,"여자",80,75,71,-4,9,5,-0.0533333333333333,0.126760563380282,0.0666666666666667,32297,32227,32298,70,-1,0.00217209172433053,-3.09616694532169e-05
"3231","2018","충남","청양군","초등학교",2018-04-01,"남자",85,98,93,-5,-8,-13,-0.0510204081632653,-0.0860215053763441,-0.13265306122449,32297,32227,32298,70,-1,0.00217209172433053,-3.09616694532169e-05
"3232","2018","충남","홍성군","초등학교",2018-04-01,"전체",945,825,912,87,33,120,0.105454545454545,0.0361842105263158,0.145454545454545,101649,95802,101020,5847,629,0.061032128765579,0.00622648980399921
"3233","2018","충남","홍성군","초등학교",2018-04-01,"여자",455,379,421,42,34,76,0.110817941952507,0.0807600950118765,0.200527704485488,101649,95802,101020,5847,629,0.061032128765579,0.00622648980399921
"3234","2018","충남","홍성군","초등학교",2018-04-01,"남자",490,446,491,45,-1,44,0.100896860986547,-0.00203665987780041,0.0986547085201794,101649,95802,101020,5847,629,0.061032128765579,0.00622648980399921
"3235","2018","충남","예산군","초등학교",2018-04-01,"전체",498,522,513,-9,-15,-24,-0.0172413793103448,-0.0292397660818713,-0.0459770114942529,80415,82820,80782,-2405,-367,-0.0290388794977059,-0.00454309128271149
"3236","2018","충남","예산군","초등학교",2018-04-01,"여자",235,251,240,-11,-5,-16,-0.0438247011952191,-0.0208333333333333,-0.0637450199203187,80415,82820,80782,-2405,-367,-0.0290388794977059,-0.00454309128271149
"3237","2018","충남","예산군","초등학교",2018-04-01,"남자",263,271,273,2,-10,-8,0.00738007380073801,-0.0366300366300366,-0.029520295202952,80415,82820,80782,-2405,-367,-0.0290388794977059,-0.00454309128271149
"3238","2018","충남","태안군","초등학교",2018-04-01,"전체",425,443,439,-4,-14,-18,-0.0090293453724605,-0.0318906605922551,-0.0406320541760722,63895,63505,63812,390,83,0.00614124872057318,0.00130069579389457
"3239","2018","충남","태안군","초등학교",2018-04-01,"여자",202,215,214,-1,-12,-13,-0.00465116279069767,-0.0560747663551402,-0.0604651162790698,63895,63505,63812,390,83,0.00614124872057318,0.00130069579389457
"3240","2018","충남","태안군","초등학교",2018-04-01,"남자",223,228,225,-3,-2,-5,-0.0131578947368421,-0.00888888888888889,-0.0219298245614035,63895,63505,63812,390,83,0.00614124872057318,0.00130069579389457
"3241","2018","충남","당진시","초등학교",2018-04-01,"전체",1876,1964,1951,-13,-75,-88,-0.00661914460285132,-0.0384418247052793,-0.044806517311609,167540,165454,167062,2086,478,0.0126077338716501,0.00286121320228418
"3242","2018","충남","당진시","초등학교",2018-04-01,"여자",906,936,937,1,-31,-30,0.00106837606837607,-0.0330843116328709,-0.032051282051282,167540,165454,167062,2086,478,0.0126077338716501,0.00286121320228418
"3243","2018","충남","당진시","초등학교",2018-04-01,"남자",970,1028,1014,-14,-44,-58,-0.0136186770428016,-0.0433925049309665,-0.056420233463035,167540,165454,167062,2086,478,0.0126077338716501,0.00286121320228418
"3244","2018","전북","전주시","초등학교",2018-04-01,"전체",6549,6246,6345,99,204,303,0.015850144092219,0.0321513002364066,0.0485110470701249,651794,653005,652031,-1211,-237,-0.00185450341115305,-0.000363479650507415
"3245","2018","전북","전주시","초등학교",2018-04-01,"여자",3287,3064,3138,74,149,223,0.0241514360313316,0.0474824729126832,0.0727806788511749,651794,653005,652031,-1211,-237,-0.00185450341115305,-0.000363479650507415
"3246","2018","전북","전주시","초등학교",2018-04-01,"남자",3262,3182,3207,25,55,80,0.00785669390320553,0.0171499844091051,0.0251414204902577,651794,653005,652031,-1211,-237,-0.00185450341115305,-0.000363479650507415
"3247","2018","전북","군산시","초등학교",2018-04-01,"전체",2737,2776,2754,-22,-17,-39,-0.00792507204610951,-0.00617283950617284,-0.0140489913544669,273882,278435,276446,-4553,-2564,-0.0163521109055974,-0.00927486742437945
"3248","2018","전북","군산시","초등학교",2018-04-01,"여자",1329,1330,1323,-7,6,-1,-0.00526315789473684,0.00453514739229025,-0.00075187969924812,273882,278435,276446,-4553,-2564,-0.0163521109055974,-0.00927486742437945
"3249","2018","전북","군산시","초등학교",2018-04-01,"남자",1408,1446,1431,-15,-23,-38,-0.0103734439834025,-0.0160726764500349,-0.0262793914246196,273882,278435,276446,-4553,-2564,-0.0163521109055974,-0.00927486742437945
"3250","2018","전북","익산시","초등학교",2018-04-01,"전체",2621,2748,2731,-17,-110,-127,-0.0061863173216885,-0.0402782863419993,-0.0462154294032023,297313,301285,301269,-3972,-3956,-0.0131835305441691,-0.0131311220205199
"3251","2018","전북","익산시","초등학교",2018-04-01,"여자",1298,1303,1304,1,-6,-5,0.000767459708365311,-0.00460122699386503,-0.00383729854182655,297313,301285,301269,-3972,-3956,-0.0131835305441691,-0.0131311220205199
"3252","2018","전북","익산시","초등학교",2018-04-01,"남자",1323,1445,1427,-18,-104,-122,-0.0124567474048443,-0.0728801681850035,-0.0844290657439446,297313,301285,301269,-3972,-3956,-0.0131835305441691,-0.0131311220205199
"3253","2018","전북","정읍시","초등학교",2018-04-01,"전체",877,859,861,2,16,18,0.00232828870779977,0.0185830429732869,0.0209545983701979,113349,115489,114504,-2140,-1155,-0.0185299032808319,-0.0100869838608258
"3254","2018","전북","정읍시","초등학교",2018-04-01,"여자",421,413,417,4,4,8,0.00968523002421308,0.00959232613908873,0.0193704600484262,113349,115489,114504,-2140,-1155,-0.0185299032808319,-0.0100869838608258
"3255","2018","전북","정읍시","초등학교",2018-04-01,"남자",456,446,444,-2,12,10,-0.00448430493273543,0.027027027027027,0.0224215246636771,113349,115489,114504,-2140,-1155,-0.0185299032808319,-0.0100869838608258
"3256","2018","전북","남원시","초등학교",2018-04-01,"전체",636,619,631,12,5,17,0.0193861066235864,0.00792393026941363,0.0274636510500808,82938,84688,83884,-1750,-946,-0.0206640846400907,-0.0112774784225836
"3257","2018","전북","남원시","초등학교",2018-04-01,"여자",311,292,292,0,19,19,0,0.0650684931506849,0.0650684931506849,82938,84688,83884,-1750,-946,-0.0206640846400907,-0.0112774784225836
"3258","2018","전북","남원시","초등학교",2018-04-01,"남자",325,327,339,12,-14,-2,0.036697247706422,-0.0412979351032448,-0.00611620795107034,82938,84688,83884,-1750,-946,-0.0206640846400907,-0.0112774784225836
"3259","2018","전북","김제시","초등학교",2018-04-01,"전체",662,621,640,19,22,41,0.0305958132045089,0.034375,0.0660225442834139,86421,88502,87453,-2081,-1032,-0.0235135929131545,-0.0118006243353573
"3260","2018","전북","김제시","초등학교",2018-04-01,"여자",342,321,330,9,12,21,0.0280373831775701,0.0363636363636364,0.0654205607476635,86421,88502,87453,-2081,-1032,-0.0235135929131545,-0.0118006243353573
"3261","2018","전북","김제시","초등학교",2018-04-01,"남자",320,300,310,10,10,20,0.0333333333333333,0.032258064516129,0.0666666666666667,86421,88502,87453,-2081,-1032,-0.0235135929131545,-0.0118006243353573
"3262","2018","전북","완주군","초등학교",2018-04-01,"전체",838,1037,1010,-27,-172,-199,-0.0260366441658631,-0.17029702970297,-0.191899710703954,95236,95494,95838,-258,-602,-0.0027017404234821,-0.00628143325194599
"3263","2018","전북","완주군","초등학교",2018-04-01,"여자",382,499,475,-24,-93,-117,-0.0480961923847695,-0.195789473684211,-0.234468937875752,95236,95494,95838,-258,-602,-0.0027017404234821,-0.00628143325194599
"3264","2018","전북","완주군","초등학교",2018-04-01,"남자",456,538,535,-3,-79,-82,-0.00557620817843866,-0.147663551401869,-0.152416356877323,95236,95494,95838,-258,-602,-0.0027017404234821,-0.00628143325194599
"3265","2018","전북","진안군","초등학교",2018-04-01,"전체",149,191,183,-8,-34,-42,-0.0418848167539267,-0.185792349726776,-0.219895287958115,26239,26137,26058,102,181,0.00390251367792784,0.00694604344155346
"3266","2018","전북","진안군","초등학교",2018-04-01,"여자",61,86,84,-2,-23,-25,-0.0232558139534884,-0.273809523809524,-0.290697674418605,26239,26137,26058,102,181,0.00390251367792784,0.00694604344155346
"3267","2018","전북","진안군","초등학교",2018-04-01,"남자",88,105,99,-6,-11,-17,-0.0571428571428571,-0.111111111111111,-0.161904761904762,26239,26137,26058,102,181,0.00390251367792784,0.00694604344155346
"3268","2018","전북","무주군","초등학교",2018-04-01,"전체",164,161,163,2,1,3,0.0124223602484472,0.00613496932515337,0.0186335403726708,24716,25099,24883,-383,-167,-0.0152595720945058,-0.00671140939597315
"3269","2018","전북","무주군","초등학교",2018-04-01,"여자",79,77,77,0,2,2,0,0.025974025974026,0.025974025974026,24716,25099,24883,-383,-167,-0.0152595720945058,-0.00671140939597315
"3270","2018","전북","무주군","초등학교",2018-04-01,"남자",85,84,86,2,-1,1,0.0238095238095238,-0.0116279069767442,0.0119047619047619,24716,25099,24883,-383,-167,-0.0152595720945058,-0.00671140939597315
"3271","2018","전북","장수군","초등학교",2018-04-01,"전체",163,157,153,-4,10,6,-0.0254777070063694,0.065359477124183,0.0382165605095541,22951,23251,23257,-300,-306,-0.0129026708528665,-0.0131573289762222
"3272","2018","전북","장수군","초등학교",2018-04-01,"여자",83,77,73,-4,10,6,-0.051948051948052,0.136986301369863,0.0779220779220779,22951,23251,23257,-300,-306,-0.0129026708528665,-0.0131573289762222
"3273","2018","전북","장수군","초등학교",2018-04-01,"남자",80,80,80,0,0,0,0,0,0,22951,23251,23257,-300,-306,-0.0129026708528665,-0.0131573289762222
"3274","2018","전북","임실군","초등학교",2018-04-01,"전체",157,172,190,18,-33,-15,0.104651162790698,-0.173684210526316,-0.0872093023255814,29239,29428,29440,-189,-201,-0.00642245480494767,-0.00682744565217391
"3275","2018","전북","임실군","초등학교",2018-04-01,"여자",69,76,80,4,-11,-7,0.0526315789473684,-0.1375,-0.0921052631578947,29239,29428,29440,-189,-201,-0.00642245480494767,-0.00682744565217391
"3276","2018","전북","임실군","초등학교",2018-04-01,"남자",88,96,110,14,-22,-8,0.145833333333333,-0.2,-0.0833333333333333,29239,29428,29440,-189,-201,-0.00642245480494767,-0.00682744565217391
"3277","2018","전북","순창군","초등학교",2018-04-01,"전체",160,175,171,-4,-11,-15,-0.0228571428571429,-0.064327485380117,-0.0857142857142857,29440,29388,29411,52,29,0.00176942969919695,0.000986025636666553
"3278","2018","전북","순창군","초등학교",2018-04-01,"여자",88,92,91,-1,-3,-4,-0.0108695652173913,-0.032967032967033,-0.0434782608695652,29440,29388,29411,52,29,0.00176942969919695,0.000986025636666553
"3279","2018","전북","순창군","초등학교",2018-04-01,"남자",72,83,80,-3,-8,-11,-0.036144578313253,-0.1,-0.132530120481928,29440,29388,29411,52,29,0.00176942969919695,0.000986025636666553
"3280","2018","전북","고창군","초등학교",2018-04-01,"전체",361,354,351,-3,10,7,-0.00847457627118644,0.0284900284900285,0.019774011299435,58008,59343,58735,-1335,-727,-0.0224963348667914,-0.0123776283306376
"3281","2018","전북","고창군","초등학교",2018-04-01,"여자",165,167,164,-3,1,-2,-0.0179640718562874,0.00609756097560976,-0.0119760479041916,58008,59343,58735,-1335,-727,-0.0224963348667914,-0.0123776283306376
"3282","2018","전북","고창군","초등학교",2018-04-01,"남자",196,187,187,0,9,9,0,0.0481283422459893,0.0481283422459893,58008,59343,58735,-1335,-727,-0.0224963348667914,-0.0123776283306376
"3283","2018","전북","부안군","초등학교",2018-04-01,"전체",325,345,352,7,-27,-20,0.0202898550724638,-0.0767045454545455,-0.0579710144927536,55563,56640,56494,-1077,-931,-0.0190148305084746,-0.0164796261549899
"3284","2018","전북","부안군","초등학교",2018-04-01,"여자",152,160,161,1,-9,-8,0.00625,-0.0559006211180124,-0.05,55563,56640,56494,-1077,-931,-0.0190148305084746,-0.0164796261549899
"3285","2018","전북","부안군","초등학교",2018-04-01,"남자",173,185,191,6,-18,-12,0.0324324324324324,-0.0942408376963351,-0.0648648648648649,55563,56640,56494,-1077,-931,-0.0190148305084746,-0.0164796261549899
"3286","2018","전남","목포시","초등학교",2018-04-01,"전체",2774,2560,2577,17,197,214,0.006640625,0.0764454792394257,0.08359375,233339,238515,236293,-5176,-2954,-0.0217009412405928,-0.0125014283114608
"3287","2018","전남","목포시","초등학교",2018-04-01,"여자",1397,1299,1301,2,96,98,0.00153964588144727,0.0737893927747886,0.0754426481909161,233339,238515,236293,-5176,-2954,-0.0217009412405928,-0.0125014283114608
"3288","2018","전남","목포시","초등학교",2018-04-01,"남자",1377,1261,1276,15,101,116,0.0118953211736717,0.079153605015674,0.0919904837430611,233339,238515,236293,-5176,-2954,-0.0217009412405928,-0.0125014283114608
"3289","2018","전남","여수시","초등학교",2018-04-01,"전체",2619,2684,2659,-25,-40,-65,-0.00931445603576751,-0.0150432493418578,-0.0242175856929955,285447,289989,287969,-4542,-2522,-0.0156626630665301,-0.00875788713368453
"3290","2018","전남","여수시","초등학교",2018-04-01,"여자",1305,1374,1362,-12,-57,-69,-0.00873362445414847,-0.0418502202643172,-0.0502183406113537,285447,289989,287969,-4542,-2522,-0.0156626630665301,-0.00875788713368453
"3291","2018","전남","여수시","초등학교",2018-04-01,"남자",1314,1310,1297,-13,17,4,-0.0099236641221374,0.0131071703932151,0.00305343511450382,285447,289989,287969,-4542,-2522,-0.0156626630665301,-0.00875788713368453
"3292","2018","전남","순천시","초등학교",2018-04-01,"전체",2742,2561,2635,74,107,181,0.0288949629051152,0.040607210626186,0.070675517376025,280181,279298,280189,883,-8,0.00316149775508597,-2.85521558662189e-05
"3293","2018","전남","순천시","초등학교",2018-04-01,"여자",1335,1238,1271,33,64,97,0.0266558966074313,0.0503540519276161,0.0783521809369952,280181,279298,280189,883,-8,0.00316149775508597,-2.85521558662189e-05
"3294","2018","전남","순천시","초등학교",2018-04-01,"남자",1407,1323,1364,41,43,84,0.0309901738473167,0.031524926686217,0.0634920634920635,280181,279298,280189,883,-8,0.00316149775508597,-2.85521558662189e-05
"3295","2018","전남","나주시","초등학교",2018-04-01,"전체",1004,902,1041,139,-37,102,0.15410199556541,-0.0355427473583093,0.113082039911308,111667,100067,107348,11600,4319,0.115922332037535,0.040233632671312
"3296","2018","전남","나주시","초등학교",2018-04-01,"여자",532,450,524,74,8,82,0.164444444444444,0.0152671755725191,0.182222222222222,111667,100067,107348,11600,4319,0.115922332037535,0.040233632671312
"3297","2018","전남","나주시","초등학교",2018-04-01,"남자",472,452,517,65,-45,20,0.143805309734513,-0.0870406189555126,0.0442477876106195,111667,100067,107348,11600,4319,0.115922332037535,0.040233632671312
"3298","2018","전남","광양시","초등학교",2018-04-01,"전체",1610,1676,1669,-7,-59,-66,-0.00417661097852029,-0.0353505092869982,-0.0393794749403341,152888,152318,152798,570,90,0.00374217098438793,0.000589012945195618
"3299","2018","전남","광양시","초등학교",2018-04-01,"여자",805,821,819,-2,-14,-16,-0.00243605359317905,-0.0170940170940171,-0.0194884287454324,152888,152318,152798,570,90,0.00374217098438793,0.000589012945195618
"3300","2018","전남","광양시","초등학교",2018-04-01,"남자",805,855,850,-5,-45,-50,-0.00584795321637427,-0.0529411764705882,-0.0584795321637427,152888,152318,152798,570,90,0.00374217098438793,0.000589012945195618
"3301","2018","전남","담양군","초등학교",2018-04-01,"전체",223,260,262,2,-39,-37,0.00769230769230769,-0.148854961832061,-0.142307692307692,47234,47138,47282,96,-48,0.00203657346514489,-0.0010151854828476
"3302","2018","전남","담양군","초등학교",2018-04-01,"여자",96,109,115,6,-19,-13,0.055045871559633,-0.165217391304348,-0.119266055045872,47234,47138,47282,96,-48,0.00203657346514489,-0.0010151854828476
"3303","2018","전남","담양군","초등학교",2018-04-01,"남자",127,151,147,-4,-20,-24,-0.0264900662251656,-0.136054421768707,-0.158940397350993,47234,47138,47282,96,-48,0.00203657346514489,-0.0010151854828476
"3304","2018","전남","곡성군","초등학교",2018-04-01,"전체",172,173,169,-4,3,-1,-0.023121387283237,0.0177514792899408,-0.00578034682080925,30206,30623,30461,-417,-255,-0.0136172158181759,-0.00837136009979974
"3305","2018","전남","곡성군","초등학교",2018-04-01,"여자",86,91,92,1,-6,-5,0.010989010989011,-0.0652173913043478,-0.0549450549450549,30206,30623,30461,-417,-255,-0.0136172158181759,-0.00837136009979974
"3306","2018","전남","곡성군","초등학교",2018-04-01,"남자",86,82,77,-5,9,4,-0.0609756097560976,0.116883116883117,0.0487804878048781,30206,30623,30461,-417,-255,-0.0136172158181759,-0.00837136009979974
"3307","2018","전남","구례군","초등학교",2018-04-01,"전체",162,181,176,-5,-14,-19,-0.0276243093922652,-0.0795454545454545,-0.104972375690608,27024,27251,27064,-227,-40,-0.00832996954240211,-0.00147797812592374
"3308","2018","전남","구례군","초등학교",2018-04-01,"여자",84,87,84,-3,0,-3,-0.0344827586206897,0,-0.0344827586206897,27024,27251,27064,-227,-40,-0.00832996954240211,-0.00147797812592374
"3309","2018","전남","구례군","초등학교",2018-04-01,"남자",78,94,92,-2,-14,-16,-0.0212765957446809,-0.152173913043478,-0.170212765957447,27024,27251,27064,-227,-40,-0.00832996954240211,-0.00147797812592374
"3310","2018","전남","고흥군","초등학교",2018-04-01,"전체",292,322,328,6,-36,-30,0.0186335403726708,-0.109756097560976,-0.093167701863354,66380,68287,67355,-1907,-975,-0.0279262524345776,-0.0144755400489941
"3311","2018","전남","고흥군","초등학교",2018-04-01,"여자",135,153,153,0,-18,-18,0,-0.117647058823529,-0.117647058823529,66380,68287,67355,-1907,-975,-0.0279262524345776,-0.0144755400489941
"3312","2018","전남","고흥군","초등학교",2018-04-01,"남자",157,169,175,6,-18,-12,0.0355029585798817,-0.102857142857143,-0.0710059171597633,66380,68287,67355,-1907,-975,-0.0279262524345776,-0.0144755400489941
"3313","2018","전남","보성군","초등학교",2018-04-01,"전체",240,298,274,-24,-34,-58,-0.0805369127516778,-0.124087591240876,-0.194630872483221,43615,45012,44170,-1397,-555,-0.0310361681329423,-0.012565089427213
"3314","2018","전남","보성군","초등학교",2018-04-01,"여자",117,138,124,-14,-7,-21,-0.101449275362319,-0.0564516129032258,-0.152173913043478,43615,45012,44170,-1397,-555,-0.0310361681329423,-0.012565089427213
"3315","2018","전남","보성군","초등학교",2018-04-01,"남자",123,160,150,-10,-27,-37,-0.0625,-0.18,-0.23125,43615,45012,44170,-1397,-555,-0.0310361681329423,-0.012565089427213
"3316","2018","전남","화순군","초등학교",2018-04-01,"전체",473,527,507,-20,-34,-54,-0.0379506641366224,-0.0670611439842209,-0.10246679316888,64492,65898,65139,-1406,-647,-0.0213360041275911,-0.00993260565866839
"3317","2018","전남","화순군","초등학교",2018-04-01,"여자",233,253,248,-5,-15,-20,-0.0197628458498024,-0.0604838709677419,-0.0790513833992095,64492,65898,65139,-1406,-647,-0.0213360041275911,-0.00993260565866839
"3318","2018","전남","화순군","초등학교",2018-04-01,"남자",240,274,259,-15,-19,-34,-0.0547445255474453,-0.0733590733590734,-0.124087591240876,64492,65898,65139,-1406,-647,-0.0213360041275911,-0.00993260565866839
"3319","2018","전남","장흥군","초등학교",2018-04-01,"전체",232,239,237,-2,-5,-7,-0.00836820083682008,-0.0210970464135021,-0.0292887029288703,39848,41149,40063,-1301,-215,-0.031616807212812,-0.00536654768739236
"3320","2018","전남","장흥군","초등학교",2018-04-01,"여자",102,112,108,-4,-6,-10,-0.0357142857142857,-0.0555555555555556,-0.0892857142857143,39848,41149,40063,-1301,-215,-0.031616807212812,-0.00536654768739236
"3321","2018","전남","장흥군","초등학교",2018-04-01,"남자",130,127,129,2,1,3,0.015748031496063,0.00775193798449612,0.0236220472440945,39848,41149,40063,-1301,-215,-0.031616807212812,-0.00536654768739236
"3322","2018","전남","강진군","초등학교",2018-04-01,"전체",226,270,254,-16,-28,-44,-0.0592592592592593,-0.110236220472441,-0.162962962962963,36699,38240,37398,-1541,-699,-0.0402981171548117,-0.0186908390823039
"3323","2018","전남","강진군","초등학교",2018-04-01,"여자",106,136,130,-6,-24,-30,-0.0441176470588235,-0.184615384615385,-0.220588235294118,36699,38240,37398,-1541,-699,-0.0402981171548117,-0.0186908390823039
"3324","2018","전남","강진군","초등학교",2018-04-01,"남자",120,134,124,-10,-4,-14,-0.0746268656716418,-0.032258064516129,-0.104477611940299,36699,38240,37398,-1541,-699,-0.0402981171548117,-0.0186908390823039
"3325","2018","전남","해남군","초등학교",2018-04-01,"전체",415,481,450,-31,-35,-66,-0.0644490644490645,-0.0777777777777778,-0.137214137214137,72906,75732,74454,-2826,-1548,-0.0373157978133418,-0.0207913611088726
"3326","2018","전남","해남군","초등학교",2018-04-01,"여자",210,260,242,-18,-32,-50,-0.0692307692307692,-0.132231404958678,-0.192307692307692,72906,75732,74454,-2826,-1548,-0.0373157978133418,-0.0207913611088726
"3327","2018","전남","해남군","초등학교",2018-04-01,"남자",205,221,208,-13,-3,-16,-0.0588235294117647,-0.0144230769230769,-0.0723981900452489,72906,75732,74454,-2826,-1548,-0.0373157978133418,-0.0207913611088726
"3328","2018","전남","영암군","초등학교",2018-04-01,"전체",415,531,474,-57,-59,-116,-0.107344632768362,-0.124472573839662,-0.218455743879473,55308,58003,56462,-2695,-1154,-0.0464631139768633,-0.020438525025681
"3329","2018","전남","영암군","초등학교",2018-04-01,"여자",220,264,234,-30,-14,-44,-0.113636363636364,-0.0598290598290598,-0.166666666666667,55308,58003,56462,-2695,-1154,-0.0464631139768633,-0.020438525025681
"3330","2018","전남","영암군","초등학교",2018-04-01,"남자",195,267,240,-27,-45,-72,-0.101123595505618,-0.1875,-0.269662921348315,55308,58003,56462,-2695,-1154,-0.0464631139768633,-0.020438525025681
"3331","2018","전남","무안군","초등학교",2018-04-01,"전체",778,896,910,14,-132,-118,0.015625,-0.145054945054945,-0.131696428571429,82498,82136,82409,362,89,0.00440732443751826,0.00107997912849325
"3332","2018","전남","무안군","초등학교",2018-04-01,"여자",394,445,440,-5,-46,-51,-0.0112359550561798,-0.104545454545455,-0.114606741573034,82498,82136,82409,362,89,0.00440732443751826,0.00107997912849325
"3333","2018","전남","무안군","초등학교",2018-04-01,"남자",384,451,470,19,-86,-67,0.0421286031042129,-0.182978723404255,-0.148558758314856,82498,82136,82409,362,89,0.00440732443751826,0.00107997912849325
"3334","2018","전남","함평군","초등학교",2018-04-01,"전체",165,204,195,-9,-30,-39,-0.0441176470588235,-0.153846153846154,-0.191176470588235,34128,34673,34469,-545,-341,-0.015718282236899,-0.0098929472859671
"3335","2018","전남","함평군","초등학교",2018-04-01,"여자",75,89,89,0,-14,-14,0,-0.157303370786517,-0.157303370786517,34128,34673,34469,-545,-341,-0.015718282236899,-0.0098929472859671
"3336","2018","전남","함평군","초등학교",2018-04-01,"남자",90,115,106,-9,-16,-25,-0.0782608695652174,-0.150943396226415,-0.217391304347826,34128,34673,34469,-545,-341,-0.015718282236899,-0.0098929472859671
"3337","2018","전남","영광군","초등학교",2018-04-01,"전체",373,423,396,-27,-23,-50,-0.0638297872340425,-0.0580808080808081,-0.118203309692671,54747,56090,55265,-1343,-518,-0.023943661971831,-0.00937302089930336
"3338","2018","전남","영광군","초등학교",2018-04-01,"여자",186,199,184,-15,2,-13,-0.0753768844221105,0.0108695652173913,-0.0653266331658292,54747,56090,55265,-1343,-518,-0.023943661971831,-0.00937302089930336
"3339","2018","전남","영광군","초등학교",2018-04-01,"남자",187,224,212,-12,-25,-37,-0.0535714285714286,-0.117924528301887,-0.165178571428571,54747,56090,55265,-1343,-518,-0.023943661971831,-0.00937302089930336
"3340","2018","전남","장성군","초등학교",2018-04-01,"전체",367,382,362,-20,5,-15,-0.0523560209424084,0.0138121546961326,-0.0392670157068063,46155,46218,45907,-63,248,-0.00136310528365572,0.00540222624000697
"3341","2018","전남","장성군","초등학교",2018-04-01,"여자",176,192,183,-9,-7,-16,-0.046875,-0.0382513661202186,-0.0833333333333333,46155,46218,45907,-63,248,-0.00136310528365572,0.00540222624000697
"3342","2018","전남","장성군","초등학교",2018-04-01,"남자",191,190,179,-11,12,1,-0.0578947368421053,0.0670391061452514,0.00526315789473684,46155,46218,45907,-63,248,-0.00136310528365572,0.00540222624000697
"3343","2018","전남","완도군","초등학교",2018-04-01,"전체",356,388,395,7,-39,-32,0.0180412371134021,-0.0987341772151899,-0.0824742268041237,51967,52815,52521,-848,-554,-0.0160560446842753,-0.0105481616877059
"3344","2018","전남","완도군","초등학교",2018-04-01,"여자",170,201,200,-1,-30,-31,-0.00497512437810945,-0.15,-0.154228855721393,51967,52815,52521,-848,-554,-0.0160560446842753,-0.0105481616877059
"3345","2018","전남","완도군","초등학교",2018-04-01,"남자",186,187,195,8,-9,-1,0.0427807486631016,-0.0461538461538462,-0.0053475935828877,51967,52815,52521,-848,-554,-0.0160560446842753,-0.0105481616877059
"3346","2018","전남","진도군","초등학교",2018-04-01,"전체",203,223,223,0,-20,-20,0,-0.0896860986547085,-0.0896860986547085,31637,32299,32015,-662,-378,-0.0204959905879439,-0.0118069654849289
"3347","2018","전남","진도군","초등학교",2018-04-01,"여자",113,109,109,0,4,4,0,0.036697247706422,0.036697247706422,31637,32299,32015,-662,-378,-0.0204959905879439,-0.0118069654849289
"3348","2018","전남","진도군","초등학교",2018-04-01,"남자",90,114,114,0,-24,-24,0,-0.210526315789474,-0.210526315789474,31637,32299,32015,-662,-378,-0.0204959905879439,-0.0118069654849289
"3349","2018","전남","신안군","초등학교",2018-04-01,"전체",181,210,205,-5,-24,-29,-0.0238095238095238,-0.117073170731707,-0.138095238095238,42046,43166,42573,-1120,-527,-0.0259463466617245,-0.0123787376976018
"3350","2018","전남","신안군","초등학교",2018-04-01,"여자",98,118,116,-2,-18,-20,-0.0169491525423729,-0.155172413793103,-0.169491525423729,42046,43166,42573,-1120,-527,-0.0259463466617245,-0.0123787376976018
"3351","2018","전남","신안군","초등학교",2018-04-01,"남자",83,92,89,-3,-6,-9,-0.0326086956521739,-0.0674157303370786,-0.0978260869565217,42046,43166,42573,-1120,-527,-0.0259463466617245,-0.0123787376976018
"3352","2018","경북","포항시","초등학교",2018-04-01,"전체",4694,4832,4840,8,-146,-138,0.00165562913907285,-0.0301652892561983,-0.0285596026490066,511519,518152,515255,-6633,-3736,-0.012801262949868,-0.00725077874062357
"3353","2018","경북","포항시","초등학교",2018-04-01,"여자",2207,2322,2317,-5,-110,-115,-0.00215331610680448,-0.0474751834268451,-0.049526270456503,511519,518152,515255,-6633,-3736,-0.012801262949868,-0.00725077874062357
"3354","2018","경북","포항시","초등학교",2018-04-01,"남자",2487,2510,2523,13,-36,-23,0.0051792828685259,-0.014268727705113,-0.00916334661354582,511519,518152,515255,-6633,-3736,-0.012801262949868,-0.00725077874062357
"3355","2018","경북","경주시","초등학교",2018-04-01,"전체",1937,2031,2011,-20,-74,-94,-0.00984736582964057,-0.0367976131277971,-0.0462826193993107,256997,260071,258330,-3074,-1333,-0.0118198491950275,-0.00516006658150428
"3356","2018","경북","경주시","초등학교",2018-04-01,"여자",948,1007,1004,-3,-56,-59,-0.00297914597815293,-0.0557768924302789,-0.0585898709036743,256997,260071,258330,-3074,-1333,-0.0118198491950275,-0.00516006658150428
"3357","2018","경북","경주시","초등학교",2018-04-01,"남자",989,1024,1007,-17,-18,-35,-0.0166015625,-0.0178748758689176,-0.0341796875,256997,260071,258330,-3074,-1333,-0.0118198491950275,-0.00516006658150428
"3358","2018","경북","김천시","초등학교",2018-04-01,"전체",1130,1187,1207,20,-77,-57,0.016849199663016,-0.0637945318972659,-0.0480202190395956,142209,141054,143041,1155,-832,0.00818835339657153,-0.00581651414629372
"3359","2018","경북","김천시","초등학교",2018-04-01,"여자",526,581,593,12,-67,-55,0.0206540447504303,-0.112984822934233,-0.0946643717728055,142209,141054,143041,1155,-832,0.00818835339657153,-0.00581651414629372
"3360","2018","경북","김천시","초등학교",2018-04-01,"남자",604,606,614,8,-10,-2,0.0132013201320132,-0.0162866449511401,-0.0033003300330033,142209,141054,143041,1155,-832,0.00818835339657153,-0.00581651414629372
"3361","2018","경북","안동시","초등학교",2018-04-01,"전체",1475,1442,1412,-30,63,33,-0.0208044382801664,0.0446175637393768,0.0228848821081831,163311,168758,167521,-5447,-4210,-0.0322769883501819,-0.0251311775837059
"3362","2018","경북","안동시","초등학교",2018-04-01,"여자",700,666,648,-18,52,34,-0.027027027027027,0.0802469135802469,0.0510510510510511,163311,168758,167521,-5447,-4210,-0.0322769883501819,-0.0251311775837059
"3363","2018","경북","안동시","초등학교",2018-04-01,"남자",775,776,764,-12,11,-1,-0.0154639175257732,0.0143979057591623,-0.00128865979381443,163311,168758,167521,-5447,-4210,-0.0322769883501819,-0.0251311775837059
"3364","2018","경북","구미시","초등학교",2018-04-01,"전체",5004,5075,5058,-17,-54,-71,-0.00334975369458128,-0.0106761565836299,-0.0139901477832512,422287,420291,419455,1996,2832,0.00474909051109826,0.00675161817119834
"3365","2018","경북","구미시","초등학교",2018-04-01,"여자",2387,2461,2459,-2,-72,-74,-0.000812677773262901,-0.0292801952013013,-0.0300690776107273,422287,420291,419455,1996,2832,0.00474909051109826,0.00675161817119834
"3366","2018","경북","구미시","초등학교",2018-04-01,"남자",2617,2614,2599,-15,18,3,-0.00573833205814843,0.00692574066948826,0.00114766641162969,422287,420291,419455,1996,2832,0.00474909051109826,0.00675161817119834
"3367","2018","경북","영주시","초등학교",2018-04-01,"전체",812,770,820,50,-8,42,0.0649350649350649,-0.00975609756097561,0.0545454545454545,107784,109379,109248,-1595,-1464,-0.0145823238464422,-0.0134007029876977
"3368","2018","경북","영주시","초등학교",2018-04-01,"여자",406,389,414,25,-8,17,0.06426735218509,-0.0193236714975845,0.0437017994858612,107784,109379,109248,-1595,-1464,-0.0145823238464422,-0.0134007029876977
"3369","2018","경북","영주시","초등학교",2018-04-01,"남자",406,381,406,25,0,25,0.0656167979002625,0,0.0656167979002625,107784,109379,109248,-1595,-1464,-0.0145823238464422,-0.0134007029876977
"3370","2018","경북","영천시","초등학교",2018-04-01,"전체",553,638,619,-19,-66,-85,-0.0297805642633229,-0.106623586429725,-0.133228840125392,100421,100527,100314,-106,107,-0.00105444308494235,0.00106665071674941
"3371","2018","경북","영천시","초등학교",2018-04-01,"여자",278,307,299,-8,-21,-29,-0.0260586319218241,-0.0702341137123746,-0.0944625407166124,100421,100527,100314,-106,107,-0.00105444308494235,0.00106665071674941
"3372","2018","경북","영천시","초등학교",2018-04-01,"남자",275,331,320,-11,-45,-56,-0.0332326283987915,-0.140625,-0.169184290030211,100421,100527,100314,-106,107,-0.00105444308494235,0.00106665071674941
"3373","2018","경북","상주시","초등학교",2018-04-01,"전체",607,618,638,20,-31,-11,0.0323624595469256,-0.04858934169279,-0.0177993527508091,100448,102134,101487,-1686,-1039,-0.0165077251453972,-0.0102377644427365
"3374","2018","경북","상주시","초등학교",2018-04-01,"여자",303,304,315,11,-12,-1,0.0361842105263158,-0.0380952380952381,-0.00328947368421053,100448,102134,101487,-1686,-1039,-0.0165077251453972,-0.0102377644427365
"3375","2018","경북","상주시","초등학교",2018-04-01,"남자",304,314,323,9,-19,-10,0.0286624203821656,-0.0588235294117647,-0.0318471337579618,100448,102134,101487,-1686,-1039,-0.0165077251453972,-0.0102377644427365
"3376","2018","경북","문경시","초등학교",2018-04-01,"전체",514,523,498,-25,16,-9,-0.0478011472275335,0.0321285140562249,-0.017208413001912,72824,75370,74244,-2546,-1420,-0.0337800185750299,-0.019126124670007
"3377","2018","경북","문경시","초등학교",2018-04-01,"여자",234,234,221,-13,13,0,-0.0555555555555556,0.0588235294117647,0,72824,75370,74244,-2546,-1420,-0.0337800185750299,-0.019126124670007
"3378","2018","경북","문경시","초등학교",2018-04-01,"남자",280,289,277,-12,3,-9,-0.041522491349481,0.0108303249097473,-0.0311418685121107,72824,75370,74244,-2546,-1420,-0.0337800185750299,-0.019126124670007
"3379","2018","경북","경산시","초등학교",2018-04-01,"전체",2346,2442,2403,-39,-57,-96,-0.015970515970516,-0.0237203495630462,-0.0393120393120393,258824,257456,257735,1368,1089,0.00531352930209434,0.00422527014181233
"3380","2018","경북","경산시","초등학교",2018-04-01,"여자",1123,1158,1141,-17,-18,-35,-0.0146804835924007,-0.0157756354075372,-0.0302245250431779,258824,257456,257735,1368,1089,0.00531352930209434,0.00422527014181233
"3381","2018","경북","경산시","초등학교",2018-04-01,"남자",1223,1284,1262,-22,-39,-61,-0.0171339563862928,-0.0309033280507132,-0.0475077881619938,258824,257456,257735,1368,1089,0.00531352930209434,0.00422527014181233
"3382","2018","경북","군위군","초등학교",2018-04-01,"전체",80,117,111,-6,-31,-37,-0.0512820512820513,-0.279279279279279,-0.316239316239316,24340,24099,24360,241,-20,0.0100004149549774,-0.000821018062397373
"3383","2018","경북","군위군","초등학교",2018-04-01,"여자",37,60,55,-5,-18,-23,-0.0833333333333333,-0.327272727272727,-0.383333333333333,24340,24099,24360,241,-20,0.0100004149549774,-0.000821018062397373
"3384","2018","경북","군위군","초등학교",2018-04-01,"남자",43,57,56,-1,-13,-14,-0.0175438596491228,-0.232142857142857,-0.245614035087719,24340,24099,24360,241,-20,0.0100004149549774,-0.000821018062397373
"3385","2018","경북","의성군","초등학교",2018-04-01,"전체",187,224,217,-7,-30,-37,-0.03125,-0.138248847926267,-0.165178571428571,53316,54298,53936,-982,-620,-0.0180853806770047,-0.011495105309997
"3386","2018","경북","의성군","초등학교",2018-04-01,"여자",98,101,98,-3,0,-3,-0.0297029702970297,0,-0.0297029702970297,53316,54298,53936,-982,-620,-0.0180853806770047,-0.011495105309997
"3387","2018","경북","의성군","초등학교",2018-04-01,"남자",89,123,119,-4,-30,-34,-0.032520325203252,-0.252100840336134,-0.276422764227642,53316,54298,53936,-982,-620,-0.0180853806770047,-0.011495105309997
"3388","2018","경북","청송군","초등학교",2018-04-01,"전체",117,122,122,0,-5,-5,0,-0.040983606557377,-0.040983606557377,25924,26335,26225,-411,-301,-0.015606607176761,-0.0114775977121068
"3389","2018","경북","청송군","초등학교",2018-04-01,"여자",52,60,60,0,-8,-8,0,-0.133333333333333,-0.133333333333333,25924,26335,26225,-411,-301,-0.015606607176761,-0.0114775977121068
"3390","2018","경북","청송군","초등학교",2018-04-01,"남자",65,62,62,0,3,3,0,0.0483870967741935,0.0483870967741935,25924,26335,26225,-411,-301,-0.015606607176761,-0.0114775977121068
"3391","2018","경북","영양군","초등학교",2018-04-01,"전체",73,85,83,-2,-10,-12,-0.0235294117647059,-0.120481927710843,-0.141176470588235,17443,17782,17642,-339,-199,-0.0190642222472163,-0.0112799002380682
"3392","2018","경북","영양군","초등학교",2018-04-01,"여자",26,34,38,4,-12,-8,0.117647058823529,-0.315789473684211,-0.235294117647059,17443,17782,17642,-339,-199,-0.0190642222472163,-0.0112799002380682
"3393","2018","경북","영양군","초등학교",2018-04-01,"남자",47,51,45,-6,2,-4,-0.117647058823529,0.0444444444444444,-0.0784313725490196,17443,17782,17642,-339,-199,-0.0190642222472163,-0.0112799002380682
"3394","2018","경북","영덕군","초등학교",2018-04-01,"전체",187,212,204,-8,-17,-25,-0.0377358490566038,-0.0833333333333333,-0.117924528301887,38469,39162,38906,-693,-437,-0.0176957254481385,-0.0112322006888398
"3395","2018","경북","영덕군","초등학교",2018-04-01,"여자",93,103,98,-5,-5,-10,-0.0485436893203883,-0.0510204081632653,-0.0970873786407767,38469,39162,38906,-693,-437,-0.0176957254481385,-0.0112322006888398
"3396","2018","경북","영덕군","초등학교",2018-04-01,"남자",94,109,106,-3,-12,-15,-0.0275229357798165,-0.113207547169811,-0.137614678899083,38469,39162,38906,-693,-437,-0.0176957254481385,-0.0112322006888398
"3397","2018","경북","청도군","초등학교",2018-04-01,"전체",174,185,172,-13,2,-11,-0.0702702702702703,0.0116279069767442,-0.0594594594594595,43231,43680,43490,-449,-259,-0.010279304029304,-0.00595539204414808
"3398","2018","경북","청도군","초등학교",2018-04-01,"여자",90,91,81,-10,9,-1,-0.10989010989011,0.111111111111111,-0.010989010989011,43231,43680,43490,-449,-259,-0.010279304029304,-0.00595539204414808
"3399","2018","경북","청도군","초등학교",2018-04-01,"남자",84,94,91,-3,-7,-10,-0.0319148936170213,-0.0769230769230769,-0.106382978723404,43231,43680,43490,-449,-259,-0.010279304029304,-0.00595539204414808
"3400","2018","경북","고령군","초등학교",2018-04-01,"전체",160,215,195,-20,-35,-55,-0.0930232558139535,-0.179487179487179,-0.255813953488372,33481,34463,34004,-982,-523,-0.028494327249514,-0.0153805434654747
"3401","2018","경북","고령군","초등학교",2018-04-01,"여자",84,105,92,-13,-8,-21,-0.123809523809524,-0.0869565217391304,-0.2,33481,34463,34004,-982,-523,-0.028494327249514,-0.0153805434654747
"3402","2018","경북","고령군","초등학교",2018-04-01,"남자",76,110,103,-7,-27,-34,-0.0636363636363636,-0.262135922330097,-0.309090909090909,33481,34463,34004,-982,-523,-0.028494327249514,-0.0153805434654747
"3403","2018","경북","성주군","초등학교",2018-04-01,"전체",193,251,233,-18,-40,-58,-0.0717131474103586,-0.171673819742489,-0.231075697211155,44816,44961,45015,-145,-199,-0.0032250172371611,-0.00442074863934244
"3404","2018","경북","성주군","초등학교",2018-04-01,"여자",100,136,131,-5,-31,-36,-0.0367647058823529,-0.236641221374046,-0.264705882352941,44816,44961,45015,-145,-199,-0.0032250172371611,-0.00442074863934244
"3405","2018","경북","성주군","초등학교",2018-04-01,"남자",93,115,102,-13,-9,-22,-0.11304347826087,-0.0882352941176471,-0.191304347826087,44816,44961,45015,-145,-199,-0.0032250172371611,-0.00442074863934244
"3406","2018","경북","칠곡군","초등학교",2018-04-01,"전체",1209,1374,1334,-40,-125,-165,-0.0291120815138282,-0.0937031484257871,-0.120087336244541,119831,122476,122530,-2645,-2699,-0.0215960678010386,-0.0220272586305395
"3407","2018","경북","칠곡군","초등학교",2018-04-01,"여자",617,661,631,-30,-14,-44,-0.0453857791225416,-0.0221870047543582,-0.0665658093797277,119831,122476,122530,-2645,-2699,-0.0215960678010386,-0.0220272586305395
"3408","2018","경북","칠곡군","초등학교",2018-04-01,"남자",592,713,703,-10,-111,-121,-0.0140252454417952,-0.157894736842105,-0.169705469845722,119831,122476,122530,-2645,-2699,-0.0215960678010386,-0.0220272586305395
"3409","2018","경북","예천군","초등학교",2018-04-01,"전체",219,316,343,27,-124,-97,0.0854430379746835,-0.361516034985423,-0.306962025316456,51717,45294,46351,6423,5366,0.141806861836005,0.115768807576967
"3410","2018","경북","예천군","초등학교",2018-04-01,"여자",111,158,171,13,-60,-47,0.0822784810126582,-0.350877192982456,-0.29746835443038,51717,45294,46351,6423,5366,0.141806861836005,0.115768807576967
"3411","2018","경북","예천군","초등학교",2018-04-01,"남자",108,158,172,14,-64,-50,0.0886075949367089,-0.372093023255814,-0.316455696202532,51717,45294,46351,6423,5366,0.141806861836005,0.115768807576967
"3412","2018","경북","봉화군","초등학교",2018-04-01,"전체",160,225,198,-27,-38,-65,-0.12,-0.191919191919192,-0.288888888888889,33163,33683,33404,-520,-241,-0.0154380548050946,-0.00721470482576937
"3413","2018","경북","봉화군","초등학교",2018-04-01,"여자",78,129,109,-20,-31,-51,-0.155038759689922,-0.284403669724771,-0.395348837209302,33163,33683,33404,-520,-241,-0.0154380548050946,-0.00721470482576937
"3414","2018","경북","봉화군","초등학교",2018-04-01,"남자",82,96,89,-7,-7,-14,-0.0729166666666667,-0.0786516853932584,-0.145833333333333,33163,33683,33404,-520,-241,-0.0154380548050946,-0.00721470482576937
"3415","2018","경북","울진군","초등학교",2018-04-01,"전체",346,408,389,-19,-43,-62,-0.0465686274509804,-0.110539845758355,-0.151960784313725,50554,51671,51293,-1117,-739,-0.0216175417545625,-0.0144074240149728
"3416","2018","경북","울진군","초등학교",2018-04-01,"여자",180,203,197,-6,-17,-23,-0.0295566502463054,-0.0862944162436548,-0.113300492610837,50554,51671,51293,-1117,-739,-0.0216175417545625,-0.0144074240149728
"3417","2018","경북","울진군","초등학교",2018-04-01,"남자",166,205,192,-13,-26,-39,-0.0634146341463415,-0.135416666666667,-0.190243902439024,50554,51671,51293,-1117,-739,-0.0216175417545625,-0.0144074240149728
"3418","2018","경북","울릉군","초등학교",2018-04-01,"전체",49,49,49,0,0,0,0,0,0,9988,10142,10024,-154,-36,-0.0151843817787419,-0.00359138068635275
"3419","2018","경북","울릉군","초등학교",2018-04-01,"여자",21,19,17,-2,4,2,-0.105263157894737,0.235294117647059,0.105263157894737,9988,10142,10024,-154,-36,-0.0151843817787419,-0.00359138068635275
"3420","2018","경북","울릉군","초등학교",2018-04-01,"남자",28,30,32,2,-4,-2,0.0666666666666667,-0.125,-0.0666666666666667,9988,10142,10024,-154,-36,-0.0151843817787419,-0.00359138068635275
"3421","2018","경남","창원시","초등학교",2018-04-01,"전체",10192,20750,20596,-154,-10404,-10558,-0.00742168674698795,-0.505146630413673,-0.508819277108434,1055948,1069043,1059959,-13095,-4011,-0.0122492734155689,-0.00378410863061684
"3422","2018","경남","창원시","초등학교",2018-04-01,"여자",4933,10064,10032,-32,-5099,-5131,-0.00317965023847377,-0.508273524720893,-0.509837042925278,1055948,1069043,1059959,-13095,-4011,-0.0122492734155689,-0.00378410863061684
"3423","2018","경남","창원시","초등학교",2018-04-01,"남자",5259,10686,10564,-122,-5305,-5427,-0.011416807037245,-0.502177205603938,-0.5078607523863,1055948,1069043,1059959,-13095,-4011,-0.0122492734155689,-0.00378410863061684
"3424","2018","경남","진주시","초등학교",2018-04-01,"전체",3381,3285,3315,30,66,96,0.0091324200913242,0.0199095022624434,0.0292237442922374,346354,346190,346989,164,-635,0.00047372829948872,-0.00183002919400903
"3425","2018","경남","진주시","초등학교",2018-04-01,"여자",1592,1564,1585,21,7,28,0.0134271099744246,0.00441640378548896,0.0179028132992327,346354,346190,346989,164,-635,0.00047372829948872,-0.00183002919400903
"3426","2018","경남","진주시","초등학교",2018-04-01,"남자",1789,1721,1730,9,59,68,0.0052295177222545,0.0341040462427746,0.0395119116792562,346354,346190,346989,164,-635,0.00047372829948872,-0.00183002919400903
"3427","2018","경남","통영시","초등학교",2018-04-01,"전체",1463,1517,1486,-31,-23,-54,-0.020435069215557,-0.0154777927321669,-0.035596572181938,134948,138883,137053,-3935,-2105,-0.0283332013277363,-0.015359021692338
"3428","2018","경남","통영시","초등학교",2018-04-01,"여자",727,757,749,-8,-22,-30,-0.0105680317040951,-0.0293724966622163,-0.0396301188903567,134948,138883,137053,-3935,-2105,-0.0283332013277363,-0.015359021692338
"3429","2018","경남","통영시","초등학교",2018-04-01,"남자",736,760,737,-23,-1,-24,-0.0302631578947368,-0.00135685210312076,-0.0315789473684211,134948,138883,137053,-3935,-2105,-0.0283332013277363,-0.015359021692338
"3430","2018","경남","사천시","초등학교",2018-04-01,"전체",1063,1117,1097,-20,-34,-54,-0.017905102954342,-0.0309936189608022,-0.0483437779767234,114033,115097,114598,-1064,-565,-0.00924437648244524,-0.00493027801532313
"3431","2018","경남","사천시","초등학교",2018-04-01,"여자",508,537,521,-16,-13,-29,-0.0297951582867784,-0.0249520153550864,-0.0540037243947858,114033,115097,114598,-1064,-565,-0.00924437648244524,-0.00493027801532313
"3432","2018","경남","사천시","초등학교",2018-04-01,"남자",555,580,576,-4,-21,-25,-0.00689655172413793,-0.0364583333333333,-0.0431034482758621,114033,115097,114598,-1064,-565,-0.00924437648244524,-0.00493027801532313
"3433","2018","경남","김해시","초등학교",2018-04-01,"전체",5831,5979,5923,-56,-92,-148,-0.0093661147349055,-0.0155326692554449,-0.0247533032279645,531807,528749,530121,3058,1686,0.00578346247463352,0.00318040598278506
"3434","2018","경남","김해시","초등학교",2018-04-01,"여자",2925,2982,2952,-30,-27,-57,-0.0100603621730382,-0.00914634146341463,-0.0191146881287726,531807,528749,530121,3058,1686,0.00578346247463352,0.00318040598278506
"3435","2018","경남","김해시","초등학교",2018-04-01,"남자",2906,2997,2971,-26,-65,-91,-0.00867534200867534,-0.0218781555031976,-0.0303636970303637,531807,528749,530121,3058,1686,0.00578346247463352,0.00318040598278506
"3436","2018","경남","밀양시","초등학교",2018-04-01,"전체",647,664,680,16,-33,-17,0.0240963855421687,-0.0485294117647059,-0.0256024096385542,107246,107872,108195,-626,-949,-0.00580317413230495,-0.00877120014788114
"3437","2018","경남","밀양시","초등학교",2018-04-01,"여자",315,334,329,-5,-14,-19,-0.0149700598802395,-0.0425531914893617,-0.0568862275449102,107246,107872,108195,-626,-949,-0.00580317413230495,-0.00877120014788114
"3438","2018","경남","밀양시","초등학교",2018-04-01,"남자",332,330,351,21,-19,2,0.0636363636363636,-0.0541310541310541,0.00606060606060606,107246,107872,108195,-626,-949,-0.00580317413230495,-0.00877120014788114
"3439","2018","경남","거제시","초등학교",2018-04-01,"전체",3403,3626,3542,-84,-139,-223,-0.0231660231660232,-0.0392433653303219,-0.0615002757859901,251940,257327,256307,-5387,-4367,-0.0209344530500103,-0.0170381612675424
"3440","2018","경남","거제시","초등학교",2018-04-01,"여자",1668,1749,1716,-33,-48,-81,-0.0188679245283019,-0.027972027972028,-0.0463121783876501,251940,257327,256307,-5387,-4367,-0.0209344530500103,-0.0170381612675424
"3441","2018","경남","거제시","초등학교",2018-04-01,"남자",1735,1877,1826,-51,-91,-142,-0.0271710175812467,-0.0498357064622125,-0.0756526371870005,251940,257327,256307,-5387,-4367,-0.0209344530500103,-0.0170381612675424
"3442","2018","경남","양산시","초등학교",2018-04-01,"전체",3948,3567,3793,226,155,381,0.063358564620129,0.0408647508568415,0.106812447434819,343152,304872,322646,38280,20506,0.12556089112808,0.0635557236103965
"3443","2018","경남","양산시","초등학교",2018-04-01,"여자",1953,1760,1851,91,102,193,0.0517045454545455,0.0551053484602917,0.109659090909091,343152,304872,322646,38280,20506,0.12556089112808,0.0635557236103965
"3444","2018","경남","양산시","초등학교",2018-04-01,"남자",1995,1807,1942,135,53,188,0.0747094631986718,0.0272914521112255,0.104039845047039,343152,304872,322646,38280,20506,0.12556089112808,0.0635557236103965
"3445","2018","경남","의령군","초등학교",2018-04-01,"전체",118,150,137,-13,-19,-32,-0.0866666666666667,-0.138686131386861,-0.213333333333333,27835,28266,27970,-431,-135,-0.0152480011321022,-0.00482659992849482
"3446","2018","경남","의령군","초등학교",2018-04-01,"여자",65,81,72,-9,-7,-16,-0.111111111111111,-0.0972222222222222,-0.197530864197531,27835,28266,27970,-431,-135,-0.0152480011321022,-0.00482659992849482
"3447","2018","경남","의령군","초등학교",2018-04-01,"남자",53,69,65,-4,-12,-16,-0.0579710144927536,-0.184615384615385,-0.231884057971014,27835,28266,27970,-431,-135,-0.0152480011321022,-0.00482659992849482
"3448","2018","경남","함안군","초등학교",2018-04-01,"전체",601,602,594,-8,7,-1,-0.0132890365448505,0.0117845117845118,-0.00166112956810631,67752,68931,68740,-1179,-988,-0.0171040605823215,-0.0143729997090486
"3449","2018","경남","함안군","초등학교",2018-04-01,"여자",310,319,319,0,-9,-9,0,-0.0282131661442006,-0.0282131661442006,67752,68931,68740,-1179,-988,-0.0171040605823215,-0.0143729997090486
"3450","2018","경남","함안군","초등학교",2018-04-01,"남자",291,283,275,-8,16,8,-0.0282685512367491,0.0581818181818182,0.0282685512367491,67752,68931,68740,-1179,-988,-0.0171040605823215,-0.0143729997090486
"3451","2018","경남","창녕군","초등학교",2018-04-01,"전체",393,422,429,7,-36,-29,0.0165876777251185,-0.0839160839160839,-0.0687203791469194,63999,63740,64042,259,-43,0.0040633824913712,-0.000671434371193904
"3452","2018","경남","창녕군","초등학교",2018-04-01,"여자",191,191,196,5,-5,0,0.0261780104712042,-0.0255102040816327,0,63999,63740,64042,259,-43,0.0040633824913712,-0.000671434371193904
"3453","2018","경남","창녕군","초등학교",2018-04-01,"남자",202,231,233,2,-31,-29,0.00865800865800866,-0.133047210300429,-0.125541125541126,63999,63740,64042,259,-43,0.0040633824913712,-0.000671434371193904
"3454","2018","경남","고성군","초등학교",2018-04-01,"전체",367,372,364,-8,3,-5,-0.021505376344086,0.00824175824175824,-0.0134408602150538,53706,55013,54539,-1307,-833,-0.0237580208314398,-0.01527347402776
"3455","2018","경남","고성군","초등학교",2018-04-01,"여자",175,174,171,-3,4,1,-0.0172413793103448,0.0233918128654971,0.00574712643678161,53706,55013,54539,-1307,-833,-0.0237580208314398,-0.01527347402776
"3456","2018","경남","고성군","초등학교",2018-04-01,"남자",192,198,193,-5,-1,-6,-0.0252525252525253,-0.00518134715025907,-0.0303030303030303,53706,55013,54539,-1307,-833,-0.0237580208314398,-0.01527347402776
"3457","2018","경남","남해군","초등학교",2018-04-01,"전체",201,202,209,7,-8,-1,0.0346534653465347,-0.0382775119617225,-0.00495049504950495,44370,45581,44946,-1211,-576,-0.0265680875803515,-0.012815378454145
"3458","2018","경남","남해군","초등학교",2018-04-01,"여자",80,91,97,6,-17,-11,0.0659340659340659,-0.175257731958763,-0.120879120879121,44370,45581,44946,-1211,-576,-0.0265680875803515,-0.012815378454145
"3459","2018","경남","남해군","초등학교",2018-04-01,"남자",121,111,112,1,9,10,0.00900900900900901,0.0803571428571429,0.0900900900900901,44370,45581,44946,-1211,-576,-0.0265680875803515,-0.012815378454145
"3460","2018","경남","하동군","초등학교",2018-04-01,"전체",225,247,238,-9,-13,-22,-0.0364372469635627,-0.0546218487394958,-0.0890688259109312,48083,49643,48857,-1560,-774,-0.0314243700018129,-0.0158421515852386
"3461","2018","경남","하동군","초등학교",2018-04-01,"여자",101,121,114,-7,-13,-20,-0.0578512396694215,-0.114035087719298,-0.165289256198347,48083,49643,48857,-1560,-774,-0.0314243700018129,-0.0158421515852386
"3462","2018","경남","하동군","초등학교",2018-04-01,"남자",124,126,124,-2,0,-2,-0.0158730158730159,0,-0.0158730158730159,48083,49643,48857,-1560,-774,-0.0314243700018129,-0.0158421515852386
"3463","2018","경남","산청군","초등학교",2018-04-01,"전체",150,163,154,-9,-4,-13,-0.0552147239263804,-0.025974025974026,-0.0797546012269939,36278,35974,36158,304,120,0.00845054761772391,0.00331876763095304
"3464","2018","경남","산청군","초등학교",2018-04-01,"여자",61,69,63,-6,-2,-8,-0.0869565217391304,-0.0317460317460317,-0.115942028985507,36278,35974,36158,304,120,0.00845054761772391,0.00331876763095304
"3465","2018","경남","산청군","초등학교",2018-04-01,"남자",89,94,91,-3,-2,-5,-0.0319148936170213,-0.021978021978022,-0.0531914893617021,36278,35974,36158,304,120,0.00845054761772391,0.00331876763095304
"3466","2018","경남","함양군","초등학교",2018-04-01,"전체",193,211,208,-3,-15,-18,-0.014218009478673,-0.0721153846153846,-0.0853080568720379,40124,40213,40125,-89,-1,-0.00221321463208415,-2.49221183800623e-05
"3467","2018","경남","함양군","초등학교",2018-04-01,"여자",98,109,107,-2,-9,-11,-0.018348623853211,-0.0841121495327103,-0.100917431192661,40124,40213,40125,-89,-1,-0.00221321463208415,-2.49221183800623e-05
"3468","2018","경남","함양군","초등학교",2018-04-01,"남자",95,102,101,-1,-6,-7,-0.00980392156862745,-0.0594059405940594,-0.0686274509803922,40124,40213,40125,-89,-1,-0.00221321463208415,-2.49221183800623e-05
"3469","2018","경남","거창군","초등학교",2018-04-01,"전체",521,502,517,15,4,19,0.0298804780876494,0.00773694390715667,0.0378486055776892,62883,63127,63108,-244,-225,-0.00386522407210861,-0.00356531660011409
"3470","2018","경남","거창군","초등학교",2018-04-01,"여자",250,236,237,1,13,14,0.00423728813559322,0.0548523206751055,0.0593220338983051,62883,63127,63108,-244,-225,-0.00386522407210861,-0.00356531660011409
"3471","2018","경남","거창군","초등학교",2018-04-01,"남자",271,266,280,14,-9,5,0.0526315789473684,-0.0321428571428571,0.018796992481203,62883,63127,63108,-244,-225,-0.00386522407210861,-0.00356531660011409
"3472","2018","경남","합천군","초등학교",2018-04-01,"전체",211,247,239,-8,-28,-36,-0.0323886639676113,-0.117154811715481,-0.145748987854251,46668,48137,47350,-1469,-682,-0.0305170658744832,-0.0144033790918691
"3473","2018","경남","합천군","초등학교",2018-04-01,"여자",102,130,123,-7,-21,-28,-0.0538461538461538,-0.170731707317073,-0.215384615384615,46668,48137,47350,-1469,-682,-0.0305170658744832,-0.0144033790918691
"3474","2018","경남","합천군","초등학교",2018-04-01,"남자",109,117,116,-1,-7,-8,-0.00854700854700855,-0.0603448275862069,-0.0683760683760684,46668,48137,47350,-1469,-682,-0.0305170658744832,-0.0144033790918691
"3475","2018","제주","제주시","초등학교",2018-04-01,"전체",5179,5085,5204,119,-25,94,0.0234021632251721,-0.00480399692544197,0.0184857423795477,481526,463921,472838,17605,8688,0.0379482713651678,0.0183741577453589
"3476","2018","제주","제주시","초등학교",2018-04-01,"여자",2512,2449,2513,64,-1,63,0.0261331155573704,-0.000397930760047752,0.0257247856267864,481526,463921,472838,17605,8688,0.0379482713651678,0.0183741577453589
"3477","2018","제주","제주시","초등학교",2018-04-01,"남자",2667,2636,2691,55,-24,31,0.0208649468892261,-0.00891861761426979,0.0117602427921093,481526,463921,472838,17605,8688,0.0379482713651678,0.0183741577453589
"3478","2018","제주","서귀포시","초등학교",2018-04-01,"전체",1618,1510,1605,95,13,108,0.0629139072847682,0.00809968847352025,0.071523178807947,179985,167140,173302,12845,6683,0.0768517410554027,0.0385627401876493
"3479","2018","제주","서귀포시","초등학교",2018-04-01,"여자",747,712,750,38,-3,35,0.0533707865168539,-0.004,0.0491573033707865,179985,167140,173302,12845,6683,0.0768517410554027,0.0385627401876493
"3480","2018","제주","서귀포시","초등학교",2018-04-01,"남자",871,798,855,57,16,73,0.0714285714285714,0.0187134502923977,0.0914786967418546,179985,167140,173302,12845,6683,0.0768517410554027,0.0385627401876493
"3481","2019","서울","종로구","초등학교",2019-04-01,"전체",946,1014,1019,5,-73,-68,0.00493096646942801,-0.0716388616290481,-0.0670611439842209,152495,153937,154312,-1442,-1817,-0.00936746850984494,-0.0117748457670175
"3482","2019","서울","종로구","초등학교",2019-04-01,"여자",466,490,497,7,-31,-24,0.0142857142857143,-0.062374245472837,-0.0489795918367347,152495,153937,154312,-1442,-1817,-0.00936746850984494,-0.0117748457670175
"3483","2019","서울","종로구","초등학교",2019-04-01,"남자",480,524,522,-2,-42,-44,-0.00381679389312977,-0.0804597701149425,-0.083969465648855,152495,153937,154312,-1442,-1817,-0.00936746850984494,-0.0117748457670175
"3484","2019","서울","중구","초등학교",2019-04-01,"전체",925,795,795,0,130,130,0,0.163522012578616,0.163522012578616,125913,124072,125986,1841,-73,0.0148381584886195,-0.000579429460416237
"3485","2019","서울","중구","초등학교",2019-04-01,"여자",462,397,399,2,63,65,0.00503778337531486,0.157894736842105,0.163727959697733,125913,124072,125986,1841,-73,0.0148381584886195,-0.000579429460416237
"3486","2019","서울","중구","초등학교",2019-04-01,"남자",463,398,396,-2,67,65,-0.0050251256281407,0.169191919191919,0.163316582914573,125913,124072,125986,1841,-73,0.0148381584886195,-0.000579429460416237
"3487","2019","서울","용산구","초등학교",2019-04-01,"전체",1260,1735,1695,-40,-435,-475,-0.0230547550432277,-0.256637168141593,-0.273775216138329,228940,229062,229939,-122,-999,-0.000532606892457064,-0.00434463053244556
"3488","2019","서울","용산구","초등학교",2019-04-01,"여자",613,829,819,-10,-206,-216,-0.0120627261761158,-0.251526251526252,-0.260554885404101,228940,229062,229939,-122,-999,-0.000532606892457064,-0.00434463053244556
"3489","2019","서울","용산구","초등학교",2019-04-01,"남자",647,906,876,-30,-229,-259,-0.033112582781457,-0.261415525114155,-0.285871964679912,228940,229062,229939,-122,-999,-0.000532606892457064,-0.00434463053244556
"3490","2019","서울","성동구","초등학교",2019-04-01,"전체",2152,2467,2419,-48,-267,-315,-0.0194568301580867,-0.110376188507648,-0.127685447912444,305785,303576,307460,2209,-1675,0.00727659630537328,-0.00544786313666818
"3491","2019","서울","성동구","초등학교",2019-04-01,"여자",1083,1196,1171,-25,-88,-113,-0.0209030100334448,-0.0751494449188728,-0.0944816053511706,305785,303576,307460,2209,-1675,0.00727659630537328,-0.00544786313666818
"3492","2019","서울","성동구","초등학교",2019-04-01,"남자",1069,1271,1248,-23,-179,-202,-0.018095987411487,-0.143429487179487,-0.158929976396538,305785,303576,307460,2209,-1675,0.00727659630537328,-0.00544786313666818
"3493","2019","서울","광진구","초등학교",2019-04-01,"전체",2603,2564,2511,-53,92,39,-0.0206708268330733,0.0366387893269614,0.015210608424337,354344,357261,356757,-2917,-2413,-0.0081648990513938,-0.00676370750959336
"3494","2019","서울","광진구","초등학교",2019-04-01,"여자",1251,1266,1258,-8,-7,-15,-0.00631911532385466,-0.00556438791732909,-0.0118483412322275,354344,357261,356757,-2917,-2413,-0.0081648990513938,-0.00676370750959336
"3495","2019","서울","광진구","초등학교",2019-04-01,"남자",1352,1298,1253,-45,99,54,-0.0346687211093991,0.0790103750997606,0.0416024653312789,354344,357261,356757,-2917,-2413,-0.0081648990513938,-0.00676370750959336
"3496","2019","서울","동대문구","초등학교",2019-04-01,"전체",2325,2610,2509,-101,-184,-285,-0.0386973180076628,-0.073335990434436,-0.109195402298851,346312,353898,348916,-7586,-2604,-0.0214355548773941,-0.00746311433124305
"3497","2019","서울","동대문구","초등학교",2019-04-01,"여자",1126,1260,1203,-57,-77,-134,-0.0452380952380952,-0.0640066500415628,-0.106349206349206,346312,353898,348916,-7586,-2604,-0.0214355548773941,-0.00746311433124305
"3498","2019","서울","동대문구","초등학교",2019-04-01,"남자",1199,1350,1306,-44,-107,-151,-0.0325925925925926,-0.0819295558958652,-0.111851851851852,346312,353898,348916,-7586,-2604,-0.0214355548773941,-0.00746311433124305
"3499","2019","서울","중랑구","초등학교",2019-04-01,"전체",2722,3050,2917,-133,-195,-328,-0.0436065573770492,-0.0668495029139527,-0.107540983606557,401546,409740,406494,-8194,-4948,-0.0199980475423439,-0.0121723813881632
"3500","2019","서울","중랑구","초등학교",2019-04-01,"여자",1303,1509,1445,-64,-142,-206,-0.0424121935056329,-0.0982698961937716,-0.136514247846256,401546,409740,406494,-8194,-4948,-0.0199980475423439,-0.0121723813881632
"3501","2019","서울","중랑구","초등학교",2019-04-01,"남자",1419,1541,1472,-69,-53,-122,-0.0447761194029851,-0.0360054347826087,-0.0791693705386113,401546,409740,406494,-8194,-4948,-0.0199980475423439,-0.0121723813881632
"3502","2019","서울","성북구","초등학교",2019-04-01,"전체",3542,3621,3563,-58,-21,-79,-0.016017674675504,-0.00589390962671906,-0.0218171775752555,439754,449280,441618,-9526,-1864,-0.0212028133903134,-0.00422084244754516
"3503","2019","서울","성북구","초등학교",2019-04-01,"여자",1711,1797,1772,-25,-61,-86,-0.0139120756816917,-0.0344243792325056,-0.0478575403450195,439754,449280,441618,-9526,-1864,-0.0212028133903134,-0.00422084244754516
"3504","2019","서울","성북구","초등학교",2019-04-01,"남자",1831,1824,1791,-33,40,7,-0.0180921052631579,0.0223338916806253,0.00383771929824561,439754,449280,441618,-9526,-1864,-0.0212028133903134,-0.00422084244754516
"3505","2019","서울","강북구","초등학교",2019-04-01,"전체",1713,2251,2151,-100,-438,-538,-0.0444247001332741,-0.203626220362622,-0.239004886717015,316604,326713,323360,-10109,-6756,-0.0309415297218048,-0.0208931222167244
"3506","2019","서울","강북구","초등학교",2019-04-01,"여자",817,1076,1010,-66,-193,-259,-0.0613382899628253,-0.191089108910891,-0.240706319702602,316604,326713,323360,-10109,-6756,-0.0309415297218048,-0.0208931222167244
"3507","2019","서울","강북구","초등학교",2019-04-01,"남자",896,1175,1141,-34,-245,-279,-0.028936170212766,-0.214723926380368,-0.237446808510638,316604,326713,323360,-10109,-6756,-0.0309415297218048,-0.0208931222167244
"3508","2019","서울","도봉구","초등학교",2019-04-01,"전체",2608,2545,2479,-66,129,63,-0.0259332023575638,0.0520371117386043,0.02475442043222,337346,346161,342528,-8815,-5182,-0.0254650292782838,-0.0151286902092676
"3509","2019","서울","도봉구","초등학교",2019-04-01,"여자",1257,1228,1182,-46,75,29,-0.0374592833876222,0.0634517766497462,0.0236156351791531,337346,346161,342528,-8815,-5182,-0.0254650292782838,-0.0151286902092676
"3510","2019","서울","도봉구","초등학교",2019-04-01,"남자",1351,1317,1297,-20,54,34,-0.0151860288534548,0.0416345412490362,0.0258162490508732,337346,346161,342528,-8815,-5182,-0.0254650292782838,-0.0151286902092676
"3511","2019","서울","노원구","초등학교",2019-04-01,"전체",4326,4368,4213,-155,113,-42,-0.035485347985348,0.026821742226442,-0.00961538461538462,539884,565076,550978,-25192,-11094,-0.0445816138006215,-0.0201351052129123
"3512","2019","서울","노원구","초등학교",2019-04-01,"여자",2105,2100,2011,-89,94,5,-0.0423809523809524,0.0467429139731477,0.00238095238095238,539884,565076,550978,-25192,-11094,-0.0445816138006215,-0.0201351052129123
"3513","2019","서울","노원구","초등학교",2019-04-01,"남자",2221,2268,2202,-66,19,-47,-0.0291005291005291,0.00862851952770209,-0.0207231040564374,539884,565076,550978,-25192,-11094,-0.0445816138006215,-0.0201351052129123
"3514","2019","서울","은평구","초등학교",2019-04-01,"전체",3686,3863,3734,-129,-48,-177,-0.0333937354387782,-0.0128548473486877,-0.0458193114159979,484267,489741,485572,-5474,-1305,-0.0111773365921987,-0.00268755200052721
"3515","2019","서울","은평구","초등학교",2019-04-01,"여자",1756,1874,1802,-72,-46,-118,-0.0384204909284952,-0.025527192008879,-0.0629669156883671,484267,489741,485572,-5474,-1305,-0.0111773365921987,-0.00268755200052721
"3516","2019","서울","은평구","초등학교",2019-04-01,"남자",1930,1989,1932,-57,-2,-59,-0.028657616892911,-0.0010351966873706,-0.0296631473102061,484267,489741,485572,-5474,-1305,-0.0111773365921987,-0.00268755200052721
"3517","2019","서울","서대문구","초등학교",2019-04-01,"전체",2246,2335,2233,-102,13,-89,-0.0436830835117773,0.0058217644424541,-0.0381156316916488,311586,314910,311899,-3324,-313,-0.0105553967800324,-0.0010035299888746
"3518","2019","서울","서대문구","초등학교",2019-04-01,"여자",1102,1144,1108,-36,-6,-42,-0.0314685314685315,-0.00541516245487365,-0.0367132867132867,311586,314910,311899,-3324,-313,-0.0105553967800324,-0.0010035299888746
"3519","2019","서울","서대문구","초등학교",2019-04-01,"남자",1144,1191,1125,-66,19,-47,-0.0554156171284635,0.0168888888888889,-0.0394626364399664,311586,314910,311899,-3324,-313,-0.0105553967800324,-0.0010035299888746
"3520","2019","서울","마포구","초등학교",2019-04-01,"전체",2561,3023,2944,-79,-383,-462,-0.0261329804829639,-0.130095108695652,-0.152828316242144,374824,378366,374655,-3542,169,-0.00936130624844727,0.000451081661795519
"3521","2019","서울","마포구","초등학교",2019-04-01,"여자",1255,1515,1469,-46,-214,-260,-0.0303630363036304,-0.145677331518039,-0.171617161716172,374824,378366,374655,-3542,169,-0.00936130624844727,0.000451081661795519
"3522","2019","서울","마포구","초등학교",2019-04-01,"남자",1306,1508,1475,-33,-169,-202,-0.0218832891246684,-0.114576271186441,-0.13395225464191,374824,378366,374655,-3542,169,-0.00936130624844727,0.000451081661795519
"3523","2019","서울","양천구","초등학교",2019-04-01,"전체",3741,3805,3876,71,-135,-64,0.0186596583442838,-0.0348297213622291,-0.0168199737187911,462126,475545,468539,-13419,-6413,-0.028218149701921,-0.0136872277441152
"3524","2019","서울","양천구","초등학교",2019-04-01,"여자",1838,1869,1924,55,-86,-31,0.0294275013376137,-0.0446985446985447,-0.0165864098448368,462126,475545,468539,-13419,-6413,-0.028218149701921,-0.0136872277441152
"3525","2019","서울","양천구","초등학교",2019-04-01,"남자",1903,1936,1952,16,-49,-33,0.00826446280991736,-0.0251024590163934,-0.0170454545454545,462126,475545,468539,-13419,-6413,-0.028218149701921,-0.0136872277441152
"3526","2019","서울","강서구","초등학교",2019-04-01,"전체",4976,5320,5205,-115,-229,-344,-0.0216165413533835,-0.0439961575408261,-0.0646616541353384,596233,597936,601325,-1703,-5092,-0.00284813090364186,-0.00846796657381616
"3527","2019","서울","강서구","초등학교",2019-04-01,"여자",2410,2643,2576,-67,-166,-233,-0.0253499810821037,-0.0644409937888199,-0.088157396897465,596233,597936,601325,-1703,-5092,-0.00284813090364186,-0.00846796657381616
"3528","2019","서울","강서구","초등학교",2019-04-01,"남자",2566,2677,2629,-48,-63,-111,-0.0179305192379529,-0.0239634842145302,-0.0414643257377662,596233,597936,601325,-1703,-5092,-0.00284813090364186,-0.00846796657381616
"3529","2019","서울","구로구","초등학교",2019-04-01,"전체",3310,3753,3493,-260,-183,-443,-0.0692779110045297,-0.0523904952762668,-0.118038902211564,405516,416096,407890,-10580,-2374,-0.0254268245789433,-0.00582019662163819
"3530","2019","서울","구로구","초등학교",2019-04-01,"여자",1692,1895,1767,-128,-75,-203,-0.0675461741424802,-0.0424448217317487,-0.10712401055409,405516,416096,407890,-10580,-2374,-0.0254268245789433,-0.00582019662163819
"3531","2019","서울","구로구","초등학교",2019-04-01,"남자",1618,1858,1726,-132,-108,-240,-0.0710441334768568,-0.0625724217844728,-0.129171151776103,405516,416096,407890,-10580,-2374,-0.0254268245789433,-0.00582019662163819
"3532","2019","서울","금천구","초등학교",2019-04-01,"전체",1663,1751,1633,-118,30,-88,-0.067390062821245,0.0183710961420698,-0.0502569960022844,234173,236405,233809,-2232,364,-0.00944142467375902,0.00155682629838886
"3533","2019","서울","금천구","초등학교",2019-04-01,"여자",814,865,811,-54,3,-51,-0.0624277456647399,0.00369913686806412,-0.0589595375722543,234173,236405,233809,-2232,364,-0.00944142467375902,0.00155682629838886
"3534","2019","서울","금천구","초등학교",2019-04-01,"남자",849,886,822,-64,27,-37,-0.072234762979684,0.0328467153284672,-0.0417607223476298,234173,236405,233809,-2232,364,-0.00944142467375902,0.00155682629838886
"3535","2019","서울","영등포구","초등학교",2019-04-01,"전체",2570,2889,2816,-73,-246,-319,-0.0252682589131187,-0.0873579545454545,-0.110418830044998,368874,368037,369183,837,-309,0.00227422786295943,-0.00083698328471246
"3536","2019","서울","영등포구","초등학교",2019-04-01,"여자",1282,1433,1397,-36,-115,-151,-0.0251221214235869,-0.082319255547602,-0.105373342637823,368874,368037,369183,837,-309,0.00227422786295943,-0.00083698328471246
"3537","2019","서울","영등포구","초등학교",2019-04-01,"남자",1288,1456,1419,-37,-131,-168,-0.0254120879120879,-0.0923185341789993,-0.115384615384615,368874,368037,369183,837,-309,0.00227422786295943,-0.00083698328471246
"3538","2019","서울","동작구","초등학교",2019-04-01,"전체",2803,3123,3020,-103,-217,-320,-0.0329811079090618,-0.0718543046357616,-0.102465577969901,399118,400101,394249,-983,4869,-0.00245687963789143,0.0123500630312315
"3539","2019","서울","동작구","초등학교",2019-04-01,"여자",1377,1503,1456,-47,-79,-126,-0.0312707917498337,-0.0542582417582418,-0.0838323353293413,399118,400101,394249,-983,4869,-0.00245687963789143,0.0123500630312315
"3540","2019","서울","동작구","초등학교",2019-04-01,"남자",1426,1620,1564,-56,-138,-194,-0.0345679012345679,-0.0882352941176471,-0.119753086419753,399118,400101,394249,-983,4869,-0.00245687963789143,0.0123500630312315
"3541","2019","서울","관악구","초등학교",2019-04-01,"전체",2595,3181,2999,-182,-404,-586,-0.0572147123546055,-0.134711570523508,-0.184218799119774,502251,506905,504437,-4654,-2186,-0.00918120752409229,-0.00433354412939574
"3542","2019","서울","관악구","초등학교",2019-04-01,"여자",1265,1567,1479,-88,-214,-302,-0.0561582641991066,-0.144692359702502,-0.192724952137843,502251,506905,504437,-4654,-2186,-0.00918120752409229,-0.00433354412939574
"3543","2019","서울","관악구","초등학교",2019-04-01,"남자",1330,1614,1520,-94,-190,-284,-0.0582403965303594,-0.125,-0.175960346964064,502251,506905,504437,-4654,-2186,-0.00918120752409229,-0.00433354412939574
"3544","2019","서울","서초구","초등학교",2019-04-01,"전체",3844,4349,4375,26,-531,-505,0.00597838583582433,-0.121371428571429,-0.116118647965049,432336,445474,440574,-13138,-8238,-0.0294921813618752,-0.0186983344455188
"3545","2019","서울","서초구","초등학교",2019-04-01,"여자",1870,2121,2147,26,-277,-251,0.0122583686940123,-0.129017233348859,-0.118340405469118,432336,445474,440574,-13138,-8238,-0.0294921813618752,-0.0186983344455188
"3546","2019","서울","서초구","초등학교",2019-04-01,"남자",1974,2228,2228,0,-254,-254,0,-0.114003590664273,-0.114003590664273,432336,445474,440574,-13138,-8238,-0.0294921813618752,-0.0186983344455188
"3547","2019","서울","강남구","초등학교",2019-04-01,"전체",4104,4468,4501,33,-397,-364,0.00738585496866607,-0.0882026216396356,-0.081468218442256,542108,564885,551140,-22777,-9032,-0.0403214813634634,-0.0163878506368618
"3548","2019","서울","강남구","초등학교",2019-04-01,"여자",1982,2185,2194,9,-212,-203,0.00411899313501144,-0.0966271649954421,-0.0929061784897025,542108,564885,551140,-22777,-9032,-0.0403214813634634,-0.0163878506368618
"3549","2019","서울","강남구","초등학교",2019-04-01,"남자",2122,2283,2307,24,-185,-161,0.0105124835742444,-0.0801907238838318,-0.070521243977223,542108,564885,551140,-22777,-9032,-0.0403214813634634,-0.0163878506368618
"3550","2019","서울","송파구","초등학교",2019-04-01,"전체",5654,5748,5763,15,-109,-94,0.00260960334029228,-0.0189137601943432,-0.0163535142658316,679824,660315,665319,19509,14505,0.0295449898911883,0.0218015718775505
"3551","2019","서울","송파구","초등학교",2019-04-01,"여자",2791,2819,2810,-9,-19,-28,-0.00319262149698475,-0.00676156583629893,-0.00993260021284143,679824,660315,665319,19509,14505,0.0295449898911883,0.0218015718775505
"3552","2019","서울","송파구","초등학교",2019-04-01,"남자",2863,2929,2953,24,-90,-66,0.00819392284055992,-0.0304774805282763,-0.0225332878115398,679824,660315,665319,19509,14505,0.0295449898911883,0.0218015718775505
"3553","2019","서울","강동구","초등학교",2019-04-01,"전체",3296,3616,3441,-175,-145,-320,-0.048396017699115,-0.042138913106655,-0.0884955752212389,424727,449253,433513,-24526,-8786,-0.0545928463471585,-0.0202669816130081
"3554","2019","서울","강동구","초등학교",2019-04-01,"여자",1593,1736,1640,-96,-47,-143,-0.0552995391705069,-0.0286585365853659,-0.0823732718894009,424727,449253,433513,-24526,-8786,-0.0545928463471585,-0.0202669816130081
"3555","2019","서울","강동구","초등학교",2019-04-01,"남자",1703,1880,1801,-79,-98,-177,-0.0420212765957447,-0.0544142143253748,-0.0941489361702128,424727,449253,433513,-24526,-8786,-0.0545928463471585,-0.0202669816130081
"3556","2019","부산","중구","초등학교",2019-04-01,"전체",229,206,181,-25,48,23,-0.121359223300971,0.265193370165746,0.111650485436893,42543,44946,43855,-2403,-1312,-0.0534641569883861,-0.0299167711777448
"3557","2019","부산","중구","초등학교",2019-04-01,"여자",105,105,93,-12,12,0,-0.114285714285714,0.129032258064516,0,42543,44946,43855,-2403,-1312,-0.0534641569883861,-0.0299167711777448
"3558","2019","부산","중구","초등학교",2019-04-01,"남자",124,101,88,-13,36,23,-0.128712871287129,0.409090909090909,0.227722772277228,42543,44946,43855,-2403,-1312,-0.0534641569883861,-0.0299167711777448
"3559","2019","부산","서구","초등학교",2019-04-01,"전체",655,596,621,25,34,59,0.0419463087248322,0.0547504025764895,0.098993288590604,110052,111865,109739,-1813,313,-0.0162070352657221,0.00285222209059678
"3560","2019","부산","서구","초등학교",2019-04-01,"여자",318,273,277,4,41,45,0.0146520146520147,0.148014440433213,0.164835164835165,110052,111865,109739,-1813,313,-0.0162070352657221,0.00285222209059678
"3561","2019","부산","서구","초등학교",2019-04-01,"남자",337,323,344,21,-7,14,0.065015479876161,-0.0203488372093023,0.043343653250774,110052,111865,109739,-1813,313,-0.0162070352657221,0.00285222209059678
"3562","2019","부산","동구","초등학교",2019-04-01,"전체",407,456,435,-21,-28,-49,-0.0460526315789474,-0.064367816091954,-0.107456140350877,86485,89239,88181,-2754,-1696,-0.0308609464471812,-0.0192331681427972
"3563","2019","부산","동구","초등학교",2019-04-01,"여자",199,217,204,-13,-5,-18,-0.0599078341013825,-0.0245098039215686,-0.0829493087557604,86485,89239,88181,-2754,-1696,-0.0308609464471812,-0.0192331681427972
"3564","2019","부산","동구","초등학교",2019-04-01,"남자",208,239,231,-8,-23,-31,-0.0334728033472803,-0.0995670995670996,-0.129707112970711,86485,89239,88181,-2754,-1696,-0.0308609464471812,-0.0192331681427972
"3565","2019","부산","영도구","초등학교",2019-04-01,"전체",650,702,691,-11,-41,-52,-0.0156695156695157,-0.0593342981186686,-0.0740740740740741,119045,125040,122513,-5995,-3468,-0.0479446577095329,-0.0283072000522394
"3566","2019","부산","영도구","초등학교",2019-04-01,"여자",300,340,331,-9,-31,-40,-0.0264705882352941,-0.0936555891238671,-0.117647058823529,119045,125040,122513,-5995,-3468,-0.0479446577095329,-0.0283072000522394
"3567","2019","부산","영도구","초등학교",2019-04-01,"남자",350,362,360,-2,-10,-12,-0.00552486187845304,-0.0277777777777778,-0.0331491712707182,119045,125040,122513,-5995,-3468,-0.0479446577095329,-0.0283072000522394
"3568","2019","부산","부산진구","초등학교",2019-04-01,"전체",2728,2716,2653,-63,75,12,-0.0231958762886598,0.0282698831511496,0.00441826215022091,359247,375508,368940,-16261,-9693,-0.0433040041756767,-0.0262725646446577
"3569","2019","부산","부산진구","초등학교",2019-04-01,"여자",1351,1359,1333,-26,18,-8,-0.0191317144959529,0.013503375843961,-0.00588668138337013,359247,375508,368940,-16261,-9693,-0.0433040041756767,-0.0262725646446577
"3570","2019","부산","부산진구","초등학교",2019-04-01,"남자",1377,1357,1320,-37,57,20,-0.0272660280029477,0.0431818181818182,0.0147383935151069,359247,375508,368940,-16261,-9693,-0.0433040041756767,-0.0262725646446577
"3571","2019","부산","동래구","초등학교",2019-04-01,"전체",2261,2194,2171,-23,90,67,-0.0104831358249772,0.0414555504375864,0.0305378304466727,267567,274541,269777,-6974,-2210,-0.0254023989130949,-0.00819195113000738
"3572","2019","부산","동래구","초등학교",2019-04-01,"여자",1099,1056,1046,-10,53,43,-0.00946969696969697,0.0506692160611855,0.040719696969697,267567,274541,269777,-6974,-2210,-0.0254023989130949,-0.00819195113000738
"3573","2019","부산","동래구","초등학교",2019-04-01,"남자",1162,1138,1125,-13,37,24,-0.0114235500878735,0.0328888888888889,0.0210896309314587,267567,274541,269777,-6974,-2210,-0.0254023989130949,-0.00819195113000738
"3574","2019","부산","남구","초등학교",2019-04-01,"전체",2203,2045,2101,56,102,158,0.0273838630806846,0.048548310328415,0.0772616136919315,278497,277022,275847,1475,2650,0.00532448686385919,0.00960677477007182
"3575","2019","부산","남구","초등학교",2019-04-01,"여자",1094,987,1023,36,71,107,0.0364741641337386,0.0694037145650049,0.108409321175279,278497,277022,275847,1475,2650,0.00532448686385919,0.00960677477007182
"3576","2019","부산","남구","초등학교",2019-04-01,"남자",1109,1058,1078,20,31,51,0.0189035916824197,0.0287569573283859,0.0482041587901701,278497,277022,275847,1475,2650,0.00532448686385919,0.00960677477007182
"3577","2019","부산","북구","초등학교",2019-04-01,"전체",2285,2468,2370,-98,-85,-183,-0.039708265802269,-0.0358649789029536,-0.0741491085899514,293971,308548,300728,-14577,-6757,-0.0472438648119579,-0.0224688090234365
"3578","2019","부산","북구","초등학교",2019-04-01,"여자",1078,1189,1139,-50,-61,-111,-0.0420521446593776,-0.0535557506584723,-0.0933557611438183,293971,308548,300728,-14577,-6757,-0.0472438648119579,-0.0224688090234365
"3579","2019","부산","북구","초등학교",2019-04-01,"남자",1207,1279,1231,-48,-24,-72,-0.037529319781079,-0.0194963444354184,-0.0562939796716184,293971,308548,300728,-14577,-6757,-0.0472438648119579,-0.0224688090234365
"3580","2019","부산","해운대구","초등학교",2019-04-01,"전체",3387,3574,3550,-24,-163,-187,-0.00671516508114158,-0.0459154929577465,-0.0523223279238948,408384,417626,411772,-9242,-3388,-0.0221298482374182,-0.00822785424943901
"3581","2019","부산","해운대구","초등학교",2019-04-01,"여자",1604,1664,1647,-17,-43,-60,-0.0102163461538462,-0.0261080752884032,-0.0360576923076923,408384,417626,411772,-9242,-3388,-0.0221298482374182,-0.00822785424943901
"3582","2019","부산","해운대구","초등학교",2019-04-01,"남자",1783,1910,1903,-7,-120,-127,-0.00366492146596859,-0.0630583289542827,-0.0664921465968586,408384,417626,411772,-9242,-3388,-0.0221298482374182,-0.00822785424943901
"3583","2019","부산","사하구","초등학교",2019-04-01,"전체",2574,2740,2681,-59,-107,-166,-0.0215328467153285,-0.0399104811637449,-0.0605839416058394,325166,333761,331884,-8595,-6718,-0.0257519602350185,-0.0202420122693471
"3584","2019","부산","사하구","초등학교",2019-04-01,"여자",1285,1360,1341,-19,-56,-75,-0.0139705882352941,-0.0417598806860552,-0.0551470588235294,325166,333761,331884,-8595,-6718,-0.0257519602350185,-0.0202420122693471
"3585","2019","부산","사하구","초등학교",2019-04-01,"남자",1289,1380,1340,-40,-51,-91,-0.0289855072463768,-0.0380597014925373,-0.0659420289855072,325166,333761,331884,-8595,-6718,-0.0257519602350185,-0.0202420122693471
"3586","2019","부산","금정구","초등학교",2019-04-01,"전체",1704,1594,1680,86,24,110,0.0539523212045169,0.0142857142857143,0.06900878293601,241986,243951,244546,-1965,-2560,-0.00805489627015261,-0.0104683781374465
"3587","2019","부산","금정구","초등학교",2019-04-01,"여자",817,776,815,39,2,41,0.0502577319587629,0.00245398773006135,0.0528350515463918,241986,243951,244546,-1965,-2560,-0.00805489627015261,-0.0104683781374465
"3588","2019","부산","금정구","초등학교",2019-04-01,"남자",887,818,865,47,22,69,0.0574572127139364,0.0254335260115607,0.0843520782396088,241986,243951,244546,-1965,-2560,-0.00805489627015261,-0.0104683781374465
"3589","2019","부산","강서구","초등학교",2019-04-01,"전체",1958,1833,1908,75,50,125,0.0409165302782324,0.0262054507337526,0.0681942171303873,126333,113353,118760,12980,7573,0.114509540991416,0.0637672617042775
"3590","2019","부산","강서구","초등학교",2019-04-01,"여자",927,874,904,30,23,53,0.034324942791762,0.0254424778761062,0.0606407322654462,126333,113353,118760,12980,7573,0.114509540991416,0.0637672617042775
"3591","2019","부산","강서구","초등학교",2019-04-01,"남자",1031,959,1004,45,27,72,0.0469238790406674,0.0268924302788845,0.0750782064650678,126333,113353,118760,12980,7573,0.114509540991416,0.0637672617042775
"3592","2019","부산","연제구","초등학교",2019-04-01,"전체",1646,1619,1606,-13,40,27,-0.0080296479308215,0.024906600249066,0.0166769610870908,209712,207358,205697,2354,4015,0.01135234714841,0.0195190012494105
"3593","2019","부산","연제구","초등학교",2019-04-01,"여자",824,813,810,-3,14,11,-0.003690036900369,0.0172839506172839,0.013530135301353,209712,207358,205697,2354,4015,0.01135234714841,0.0195190012494105
"3594","2019","부산","연제구","초등학교",2019-04-01,"남자",822,806,796,-10,26,16,-0.0124069478908189,0.0326633165829146,0.0198511166253102,209712,207358,205697,2354,4015,0.01135234714841,0.0195190012494105
"3595","2019","부산","수영구","초등학교",2019-04-01,"전체",1039,1247,1251,4,-212,-208,0.00320769847634322,-0.169464428457234,-0.166800320769848,175744,178366,178955,-2622,-3211,-0.0147001110077033,-0.0179430583107485
"3596","2019","부산","수영구","초등학교",2019-04-01,"여자",502,602,599,-3,-97,-100,-0.00498338870431894,-0.161936560934891,-0.166112956810631,175744,178366,178955,-2622,-3211,-0.0147001110077033,-0.0179430583107485
"3597","2019","부산","수영구","초등학교",2019-04-01,"남자",537,645,652,7,-115,-108,0.0108527131782946,-0.17638036809816,-0.167441860465116,175744,178366,178955,-2622,-3211,-0.0147001110077033,-0.0179430583107485
"3598","2019","부산","사상구","초등학교",2019-04-01,"전체",1495,1759,1683,-76,-188,-264,-0.0432063672541217,-0.111705288175876,-0.150085275724844,221994,231348,226845,-9354,-4851,-0.0404325950516106,-0.0213846459035906
"3599","2019","부산","사상구","초등학교",2019-04-01,"여자",734,899,857,-42,-123,-165,-0.0467185761957731,-0.143523920653442,-0.183537263626251,221994,231348,226845,-9354,-4851,-0.0404325950516106,-0.0213846459035906
"3600","2019","부산","사상구","초등학교",2019-04-01,"남자",761,860,826,-34,-65,-99,-0.0395348837209302,-0.0786924939467312,-0.115116279069767,221994,231348,226845,-9354,-4851,-0.0404325950516106,-0.0213846459035906
"3601","2019","부산","기장군","초등학교",2019-04-01,"전체",2174,2302,2271,-31,-97,-128,-0.0134665508253692,-0.0427124614707177,-0.0556038227628149,165024,158810,162668,6214,2356,0.0391285183552673,0.0144834878402636
"3602","2019","부산","기장군","초등학교",2019-04-01,"여자",1076,1132,1107,-25,-31,-56,-0.0220848056537102,-0.028003613369467,-0.049469964664311,165024,158810,162668,6214,2356,0.0391285183552673,0.0144834878402636
"3603","2019","부산","기장군","초등학교",2019-04-01,"남자",1098,1170,1164,-6,-66,-72,-0.00512820512820513,-0.0567010309278351,-0.0615384615384615,165024,158810,162668,6214,2356,0.0391285183552673,0.0144834878402636
"3604","2019","대구","중구","초등학교",2019-04-01,"전체",790,596,614,18,176,194,0.0302013422818792,0.286644951140065,0.325503355704698,78504,79208,78777,-704,-273,-0.00888799111200889,-0.00346547850260863
"3605","2019","대구","중구","초등학교",2019-04-01,"여자",353,270,273,3,80,83,0.0111111111111111,0.293040293040293,0.307407407407407,78504,79208,78777,-704,-273,-0.00888799111200889,-0.00346547850260863
"3606","2019","대구","중구","초등학교",2019-04-01,"남자",437,326,341,15,96,111,0.0460122699386503,0.281524926686217,0.340490797546012,78504,79208,78777,-704,-273,-0.00888799111200889,-0.00346547850260863
"3607","2019","대구","동구","초등학교",2019-04-01,"전체",3161,3271,3165,-106,-4,-110,-0.0324059920513604,-0.00126382306477093,-0.0336288596759401,350066,351334,350961,-1268,-895,-0.0036091013110032,-0.00255014089884631
"3608","2019","대구","동구","초등학교",2019-04-01,"여자",1512,1591,1530,-61,-18,-79,-0.038340666247643,-0.0117647058823529,-0.049654305468259,350066,351334,350961,-1268,-895,-0.0036091013110032,-0.00255014089884631
"3609","2019","대구","동구","초등학교",2019-04-01,"남자",1649,1680,1635,-45,14,-31,-0.0267857142857143,0.00856269113149847,-0.018452380952381,350066,351334,350961,-1268,-895,-0.0036091013110032,-0.00255014089884631
"3610","2019","대구","서구","초등학교",2019-04-01,"전체",1019,1169,1092,-77,-73,-150,-0.0658682634730539,-0.0668498168498168,-0.128314798973482,181782,197445,189585,-15663,-7803,-0.0793284205728177,-0.0411583194873012
"3611","2019","대구","서구","초등학교",2019-04-01,"여자",513,597,568,-29,-55,-84,-0.0485762144053601,-0.096830985915493,-0.14070351758794,181782,197445,189585,-15663,-7803,-0.0793284205728177,-0.0411583194873012
"3612","2019","대구","서구","초등학교",2019-04-01,"남자",506,572,524,-48,-18,-66,-0.0839160839160839,-0.0343511450381679,-0.115384615384615,181782,197445,189585,-15663,-7803,-0.0793284205728177,-0.0411583194873012
"3613","2019","대구","남구","초등학교",2019-04-01,"전체",740,909,857,-52,-117,-169,-0.0572057205720572,-0.136522753792299,-0.185918591859186,149314,154982,152128,-5668,-2814,-0.0365719890051748,-0.0184975809844342
"3614","2019","대구","남구","초등학교",2019-04-01,"여자",366,466,428,-38,-62,-100,-0.0815450643776824,-0.144859813084112,-0.214592274678112,149314,154982,152128,-5668,-2814,-0.0365719890051748,-0.0184975809844342
"3615","2019","대구","남구","초등학교",2019-04-01,"남자",374,443,429,-14,-55,-69,-0.0316027088036117,-0.128205128205128,-0.155756207674944,149314,154982,152128,-5668,-2814,-0.0365719890051748,-0.0184975809844342
"3616","2019","대구","북구","초등학교",2019-04-01,"전체",3881,4112,4115,3,-234,-231,0.000729571984435798,-0.056865127582017,-0.0561770428015564,437393,439540,441043,-2147,-3650,-0.00488465213632434,-0.00827583704990216
"3617","2019","대구","북구","초등학교",2019-04-01,"여자",1905,1976,2008,32,-103,-71,0.0161943319838057,-0.0512948207171315,-0.0359311740890688,437393,439540,441043,-2147,-3650,-0.00488465213632434,-0.00827583704990216
"3618","2019","대구","북구","초등학교",2019-04-01,"남자",1976,2136,2107,-29,-131,-160,-0.0135767790262172,-0.0621737066919791,-0.0749063670411985,437393,439540,441043,-2147,-3650,-0.00488465213632434,-0.00827583704990216
"3619","2019","대구","수성구","초등학교",2019-04-01,"전체",3679,3452,3587,135,92,227,0.0391077636152955,0.0256481739615277,0.0657589803012746,431613,444973,436405,-13360,-4792,-0.0300242936088257,-0.0109806257948465
"3620","2019","대구","수성구","초등학교",2019-04-01,"여자",1759,1687,1743,56,16,72,0.033195020746888,0.00917957544463568,0.042679312388856,431613,444973,436405,-13360,-4792,-0.0300242936088257,-0.0109806257948465
"3621","2019","대구","수성구","초등학교",2019-04-01,"남자",1920,1765,1844,79,76,155,0.0447592067988669,0.0412147505422994,0.0878186968838527,431613,444973,436405,-13360,-4792,-0.0300242936088257,-0.0109806257948465
"3622","2019","대구","달서구","초등학교",2019-04-01,"전체",5345,5186,5050,-136,295,159,-0.0262244504435017,0.0584158415841584,0.0306594677979175,571682,588536,575414,-16854,-3732,-0.0286371606834586,-0.00648576503178581
"3623","2019","대구","달서구","초등학교",2019-04-01,"여자",2661,2550,2495,-55,166,111,-0.0215686274509804,0.0665330661322645,0.0435294117647059,571682,588536,575414,-16854,-3732,-0.0286371606834586,-0.00648576503178581
"3624","2019","대구","달서구","초등학교",2019-04-01,"남자",2684,2636,2555,-81,129,48,-0.0307283763277693,0.0504892367906067,0.0182094081942337,571682,588536,575414,-16854,-3732,-0.0286371606834586,-0.00648576503178581
"3625","2019","대구","달성군","초등학교",2019-04-01,"전체",3051,2942,3203,261,-152,109,0.0887151597552685,-0.0474555104589447,0.0370496261046907,253800,227087,246823,26713,6977,0.117633329957241,0.0282672198295945
"3626","2019","대구","달성군","초등학교",2019-04-01,"여자",1469,1414,1513,99,-44,55,0.07001414427157,-0.0290812954395241,0.0388967468175389,253800,227087,246823,26713,6977,0.117633329957241,0.0282672198295945
"3627","2019","대구","달성군","초등학교",2019-04-01,"남자",1582,1528,1690,162,-108,54,0.106020942408377,-0.063905325443787,0.0353403141361257,253800,227087,246823,26713,6977,0.117633329957241,0.0282672198295945
"3628","2019","인천","중구","초등학교",2019-04-01,"전체",1436,1199,1203,4,233,237,0.00333611342785655,0.193682460515378,0.1976647206005,127766,115824,118437,11942,9329,0.103104710595386,0.0787676148500891
"3629","2019","인천","중구","초등학교",2019-04-01,"여자",701,598,598,0,103,103,0,0.172240802675585,0.172240802675585,127766,115824,118437,11942,9329,0.103104710595386,0.0787676148500891
"3630","2019","인천","중구","초등학교",2019-04-01,"남자",735,601,605,4,130,134,0.00665557404326123,0.214876033057851,0.222961730449251,127766,115824,118437,11942,9329,0.103104710595386,0.0787676148500891
"3631","2019","인천","동구","초등학교",2019-04-01,"전체",654,609,555,-54,99,45,-0.0886699507389163,0.178378378378378,0.0738916256157636,65257,70570,67887,-5313,-2630,-0.0752869491285249,-0.0387408487633862
"3632","2019","인천","동구","초등학교",2019-04-01,"여자",333,301,276,-25,57,32,-0.0830564784053156,0.206521739130435,0.106312292358804,65257,70570,67887,-5313,-2630,-0.0752869491285249,-0.0387408487633862
"3633","2019","인천","동구","초등학교",2019-04-01,"남자",321,308,279,-29,42,13,-0.0941558441558442,0.150537634408602,0.0422077922077922,65257,70570,67887,-5313,-2630,-0.0752869491285249,-0.0387408487633862
"3634","2019","인천","연수구","초등학교",2019-04-01,"전체",3974,3545,3740,195,234,429,0.0550070521861777,0.0625668449197861,0.121015514809591,352172,332333,339191,19839,12981,0.0596961481405699,0.0382704729783514
"3635","2019","인천","연수구","초등학교",2019-04-01,"여자",1962,1732,1847,115,115,230,0.0663972286374134,0.0622631293990254,0.132794457274827,352172,332333,339191,19839,12981,0.0596961481405699,0.0382704729783514
"3636","2019","인천","연수구","초등학교",2019-04-01,"남자",2012,1813,1893,80,119,199,0.0441257584114727,0.0628631801373481,0.109762824048538,352172,332333,339191,19839,12981,0.0596961481405699,0.0382704729783514
"3637","2019","인천","미추홀구","초등학교",2019-04-01,"전체",3148,3497,3442,-55,-294,-349,-0.0157277666571347,-0.0854154561301569,-0.0997998284243637,414387,418707,419321,-4320,-4934,-0.0103174773767814,-0.0117666417851717
"3638","2019","인천","미추홀구","초등학교",2019-04-01,"여자",1532,1734,1684,-50,-152,-202,-0.0288350634371396,-0.0902612826603325,-0.116493656286044,414387,418707,419321,-4320,-4934,-0.0103174773767814,-0.0117666417851717
"3639","2019","인천","미추홀구","초등학교",2019-04-01,"남자",1616,1763,1758,-5,-142,-147,-0.00283607487237663,-0.080773606370876,-0.0833806012478729,414387,418707,419321,-4320,-4934,-0.0103174773767814,-0.0117666417851717
"3640","2019","인천","남동구","초등학교",2019-04-01,"전체",5227,5572,5587,15,-360,-345,0.00269203158650395,-0.0644352962233757,-0.0619167264895908,536255,531490,538360,4765,-2105,0.0089653615307908,-0.00391002303291478
"3641","2019","인천","남동구","초등학교",2019-04-01,"여자",2579,2682,2703,21,-124,-103,0.00782997762863535,-0.0458749537550869,-0.0384041759880686,536255,531490,538360,4765,-2105,0.0089653615307908,-0.00391002303291478
"3642","2019","인천","남동구","초등학교",2019-04-01,"남자",2648,2890,2884,-6,-236,-242,-0.00207612456747405,-0.0818307905686547,-0.0837370242214533,536255,531490,538360,4765,-2105,0.0089653615307908,-0.00391002303291478
"3643","2019","인천","부평구","초등학교",2019-04-01,"전체",4251,4570,4324,-246,-73,-319,-0.0538293216630197,-0.0168825161887142,-0.0698030634573304,520171,548043,532960,-27872,-12789,-0.0508573232392349,-0.0239961723206244
"3644","2019","인천","부평구","초등학교",2019-04-01,"여자",2078,2248,2115,-133,-37,-170,-0.0591637010676157,-0.0174940898345154,-0.0756227758007118,520171,548043,532960,-27872,-12789,-0.0508573232392349,-0.0239961723206244
"3645","2019","인천","부평구","초등학교",2019-04-01,"남자",2173,2322,2209,-113,-36,-149,-0.0486649440137812,-0.0162969669533726,-0.0641688199827735,520171,548043,532960,-27872,-12789,-0.0508573232392349,-0.0239961723206244
"3646","2019","인천","계양구","초등학교",2019-04-01,"전체",2472,2755,2585,-170,-113,-283,-0.0617059891107078,-0.0437137330754352,-0.102722323049002,308685,327826,318432,-19141,-9747,-0.058387681269942,-0.0306093608682544
"3647","2019","인천","계양구","초등학교",2019-04-01,"여자",1213,1351,1270,-81,-57,-138,-0.0599555884529978,-0.0448818897637795,-0.102146558105107,308685,327826,318432,-19141,-9747,-0.058387681269942,-0.0306093608682544
"3648","2019","인천","계양구","초등학교",2019-04-01,"남자",1259,1404,1315,-89,-56,-145,-0.0633903133903134,-0.0425855513307985,-0.103276353276353,308685,327826,318432,-19141,-9747,-0.058387681269942,-0.0306093608682544
"3649","2019","인천","서구","초등학교",2019-04-01,"전체",5914,5914,6024,110,-110,0,0.0185999323638823,-0.0182602921646746,0,542157,511127,527845,31030,14312,0.0607089823077239,0.0271140202142674
"3650","2019","인천","서구","초등학교",2019-04-01,"여자",2830,2854,2902,48,-72,-24,0.0168185003503854,-0.0248104755341144,-0.00840925017519271,542157,511127,527845,31030,14312,0.0607089823077239,0.0271140202142674
"3651","2019","인천","서구","초등학교",2019-04-01,"남자",3084,3060,3122,62,-38,24,0.0202614379084967,-0.0121716848174247,0.00784313725490196,542157,511127,527845,31030,14312,0.0607089823077239,0.0271140202142674
"3652","2019","인천","강화군","초등학교",2019-04-01,"전체",364,381,395,14,-31,-17,0.036745406824147,-0.0784810126582278,-0.0446194225721785,68992,68097,68735,895,257,0.0131430165792913,0.00373899759947625
"3653","2019","인천","강화군","초등학교",2019-04-01,"여자",172,185,190,5,-18,-13,0.027027027027027,-0.0947368421052632,-0.0702702702702703,68992,68097,68735,895,257,0.0131430165792913,0.00373899759947625
"3654","2019","인천","강화군","초등학교",2019-04-01,"남자",192,196,205,9,-13,-4,0.0459183673469388,-0.0634146341463415,-0.0204081632653061,68992,68097,68735,895,257,0.0131430165792913,0.00373899759947625
"3655","2019","인천","옹진군","초등학교",2019-04-01,"전체",101,120,123,3,-22,-19,0.025,-0.178861788617886,-0.158333333333333,20858,21288,21308,-430,-450,-0.0201991732431417,-0.0211188286089732
"3656","2019","인천","옹진군","초등학교",2019-04-01,"여자",54,60,64,4,-10,-6,0.0666666666666667,-0.15625,-0.1,20858,21288,21308,-430,-450,-0.0201991732431417,-0.0211188286089732
"3657","2019","인천","옹진군","초등학교",2019-04-01,"남자",47,60,59,-1,-12,-13,-0.0166666666666667,-0.203389830508475,-0.216666666666667,20858,21288,21308,-430,-450,-0.0201991732431417,-0.0211188286089732
"3658","2019","광주","동구","초등학교",2019-04-01,"전체",595,716,679,-37,-84,-121,-0.0516759776536313,-0.123711340206186,-0.168994413407821,94653,96830,94673,-2177,-20,-0.0224827016420531,-0.000211253472478954
"3659","2019","광주","동구","초등학교",2019-04-01,"여자",300,358,337,-21,-37,-58,-0.058659217877095,-0.109792284866469,-0.162011173184358,94653,96830,94673,-2177,-20,-0.0224827016420531,-0.000211253472478954
"3660","2019","광주","동구","초등학교",2019-04-01,"남자",295,358,342,-16,-47,-63,-0.0446927374301676,-0.137426900584795,-0.175977653631285,94653,96830,94673,-2177,-20,-0.0224827016420531,-0.000211253472478954
"3661","2019","광주","서구","초등학교",2019-04-01,"전체",2810,2776,2773,-3,37,34,-0.0010806916426513,0.0133429498737829,0.0122478386167147,302607,309119,305483,-6512,-2876,-0.0210663207373212,-0.00941459917573155
"3662","2019","광주","서구","초등학교",2019-04-01,"여자",1341,1327,1318,-9,23,14,-0.00678221552373775,0.0174506828528073,0.0105501130369254,302607,309119,305483,-6512,-2876,-0.0210663207373212,-0.00941459917573155
"3663","2019","광주","서구","초등학교",2019-04-01,"남자",1469,1449,1455,6,14,20,0.0041407867494824,0.00962199312714777,0.0138026224982747,302607,309119,305483,-6512,-2876,-0.0210663207373212,-0.00941459917573155
"3664","2019","광주","남구","초등학교",2019-04-01,"전체",2334,2006,2058,52,276,328,0.0259222333000997,0.134110787172012,0.163509471585244,217679,218692,217558,-1013,121,-0.00463208530719002,0.000556173526140156
"3665","2019","광주","남구","초등학교",2019-04-01,"여자",1118,944,963,19,155,174,0.0201271186440678,0.160955347871236,0.184322033898305,217679,218692,217558,-1013,121,-0.00463208530719002,0.000556173526140156
"3666","2019","광주","남구","초등학교",2019-04-01,"남자",1216,1062,1095,33,121,154,0.0310734463276836,0.110502283105023,0.145009416195857,217679,218692,217558,-1013,121,-0.00463208530719002,0.000556173526140156
"3667","2019","광주","북구","초등학교",2019-04-01,"전체",4082,3868,3943,75,139,214,0.0193898655635988,0.0352523459294953,0.0553257497414685,437617,439200,439681,-1583,-2064,-0.00360428051001821,-0.00469431246744799
"3668","2019","광주","북구","초등학교",2019-04-01,"여자",1972,1846,1869,23,103,126,0.0124593716143012,0.0551096843231675,0.0682556879739978,437617,439200,439681,-1583,-2064,-0.00360428051001821,-0.00469431246744799
"3669","2019","광주","북구","초등학교",2019-04-01,"남자",2110,2022,2074,52,36,88,0.0257171117705242,0.017357762777242,0.0435212660731949,437617,439200,439681,-1583,-2064,-0.00360428051001821,-0.00469431246744799
"3670","2019","광주","광산구","초등학교",2019-04-01,"전체",5374,5210,5246,36,128,164,0.00690978886756238,0.024399542508578,0.0314779270633397,406384,403161,403577,3223,2807,0.00799432484788955,0.00695530220998719
"3671","2019","광주","광산구","초등학교",2019-04-01,"여자",2561,2519,2549,30,12,42,0.0119094878920206,0.00470772852098862,0.0166732830488289,406384,403161,403577,3223,2807,0.00799432484788955,0.00695530220998719
"3672","2019","광주","광산구","초등학교",2019-04-01,"남자",2813,2691,2697,6,116,122,0.00222965440356745,0.043010752688172,0.0453363062058714,406384,403161,403577,3223,2807,0.00799432484788955,0.00695530220998719
"3673","2019","대전","동구","초등학교",2019-04-01,"전체",1878,2074,1946,-128,-68,-196,-0.0617164898746384,-0.0349434737923947,-0.09450337512054,229513,233878,228751,-4365,762,-0.0186635767365892,0.00333113297865365
"3674","2019","대전","동구","초등학교",2019-04-01,"여자",942,1055,976,-79,-34,-113,-0.0748815165876777,-0.0348360655737705,-0.107109004739336,229513,233878,228751,-4365,762,-0.0186635767365892,0.00333113297865365
"3675","2019","대전","동구","초등학교",2019-04-01,"남자",936,1019,970,-49,-34,-83,-0.0480863591756624,-0.0350515463917526,-0.0814524043179588,229513,233878,228751,-4365,762,-0.0186635767365892,0.00333113297865365
"3676","2019","대전","중구","초등학교",2019-04-01,"전체",2028,2134,2068,-66,-40,-106,-0.0309278350515464,-0.0193423597678917,-0.0496719775070291,243096,251717,247070,-8621,-3974,-0.0342487793831962,-0.0160845104626219
"3677","2019","대전","중구","초등학교",2019-04-01,"여자",985,1041,1020,-21,-35,-56,-0.0201729106628242,-0.0343137254901961,-0.0537944284341979,243096,251717,247070,-8621,-3974,-0.0342487793831962,-0.0160845104626219
"3678","2019","대전","중구","초등학교",2019-04-01,"남자",1043,1093,1048,-45,-5,-50,-0.0411710887465691,-0.00477099236641221,-0.0457456541628545,243096,251717,247070,-8621,-3974,-0.0342487793831962,-0.0160845104626219
"3679","2019","대전","서구","초등학교",2019-04-01,"전체",4567,4672,4673,1,-106,-105,0.000214041095890411,-0.0226835009629788,-0.0224743150684932,482783,490217,486976,-7434,-4193,-0.015164712770059,-0.00861028058877645
"3680","2019","대전","서구","초등학교",2019-04-01,"여자",2217,2307,2281,-26,-64,-90,-0.011270047680971,-0.0280578693555458,-0.0390117035110533,482783,490217,486976,-7434,-4193,-0.015164712770059,-0.00861028058877645
"3681","2019","대전","서구","초등학교",2019-04-01,"남자",2350,2365,2392,27,-42,-15,0.0114164904862579,-0.0175585284280936,-0.00634249471458774,482783,490217,486976,-7434,-4193,-0.015164712770059,-0.00861028058877645
"3682","2019","대전","유성구","초등학교",2019-04-01,"전체",4110,4174,4191,17,-81,-64,0.00407283181600383,-0.01932712956335,-0.0153330138955438,349868,344412,347930,5456,1938,0.0158414921663589,0.00557008593682637
"3683","2019","대전","유성구","초등학교",2019-04-01,"여자",1979,1999,2014,15,-35,-20,0.00750375187593797,-0.0173783515392254,-0.0100050025012506,349868,344412,347930,5456,1938,0.0158414921663589,0.00557008593682637
"3684","2019","대전","유성구","초등학교",2019-04-01,"남자",2131,2175,2177,2,-46,-44,0.000919540229885057,-0.0211299954065227,-0.0202298850574713,349868,344412,347930,5456,1938,0.0158414921663589,0.00557008593682637
"3685","2019","대전","대덕구","초등학교",2019-04-01,"전체",1384,1551,1483,-68,-99,-167,-0.0438426821405545,-0.0667565745111261,-0.107672469374597,180249,191172,185396,-10923,-5147,-0.0571370284351265,-0.0277621955166239
"3686","2019","대전","대덕구","초등학교",2019-04-01,"여자",661,775,744,-31,-83,-114,-0.04,-0.111559139784946,-0.147096774193548,180249,191172,185396,-10923,-5147,-0.0571370284351265,-0.0277621955166239
"3687","2019","대전","대덕구","초등학교",2019-04-01,"남자",723,776,739,-37,-16,-53,-0.047680412371134,-0.0216508795669824,-0.0682989690721649,180249,191172,185396,-10923,-5147,-0.0571370284351265,-0.0277621955166239
"3688","2019","울산","중구","초등학교",2019-04-01,"전체",2161,2310,2231,-79,-70,-149,-0.0341991341991342,-0.0313760645450471,-0.0645021645021645,228014,241498,235830,-13484,-7816,-0.0558348309302769,-0.0331425179154476
"3689","2019","울산","중구","초등학교",2019-04-01,"여자",987,1108,1077,-31,-90,-121,-0.0279783393501805,-0.0835654596100279,-0.109205776173285,228014,241498,235830,-13484,-7816,-0.0558348309302769,-0.0331425179154476
"3690","2019","울산","중구","초등학교",2019-04-01,"남자",1174,1202,1154,-48,20,-28,-0.0399334442595674,0.0173310225303293,-0.0232945091514143,228014,241498,235830,-13484,-7816,-0.0558348309302769,-0.0331425179154476
"3691","2019","울산","남구","초등학교",2019-04-01,"전체",2817,2925,2862,-63,-45,-108,-0.0215384615384615,-0.0157232704402516,-0.0369230769230769,327868,338848,332985,-10980,-5117,-0.0324039097176315,-0.0153670585762121
"3692","2019","울산","남구","초등학교",2019-04-01,"여자",1370,1424,1404,-20,-34,-54,-0.0140449438202247,-0.0242165242165242,-0.0379213483146067,327868,338848,332985,-10980,-5117,-0.0324039097176315,-0.0153670585762121
"3693","2019","울산","남구","초등학교",2019-04-01,"남자",1447,1501,1458,-43,-11,-54,-0.0286475682878081,-0.00754458161865569,-0.0359760159893404,327868,338848,332985,-10980,-5117,-0.0324039097176315,-0.0153670585762121
"3694","2019","울산","동구","초등학교",2019-04-01,"전체",1920,2035,1918,-117,2,-115,-0.0574938574938575,0.00104275286757039,-0.0565110565110565,162298,172466,167272,-10168,-4974,-0.0589565479572785,-0.0297359988521689
"3695","2019","울산","동구","초등학교",2019-04-01,"여자",940,985,918,-67,22,-45,-0.0680203045685279,0.0239651416122004,-0.0456852791878173,162298,172466,167272,-10168,-4974,-0.0589565479572785,-0.0297359988521689
"3696","2019","울산","동구","초등학교",2019-04-01,"남자",980,1050,1000,-50,-20,-70,-0.0476190476190476,-0.02,-0.0666666666666667,162298,172466,167272,-10168,-4974,-0.0589565479572785,-0.0297359988521689
"3697","2019","울산","북구","초등학교",2019-04-01,"전체",2846,2620,2733,113,113,226,0.0431297709923664,0.0413465056714233,0.0862595419847328,211922,196900,204568,15022,7354,0.0762925342813611,0.0359489265183215
"3698","2019","울산","북구","초등학교",2019-04-01,"여자",1383,1279,1343,64,40,104,0.0500390930414386,0.0297840655249442,0.0813135261923378,211922,196900,204568,15022,7354,0.0762925342813611,0.0359489265183215
"3699","2019","울산","북구","초등학교",2019-04-01,"남자",1463,1341,1390,49,73,122,0.0365398956002983,0.0525179856115108,0.0909768829231916,211922,196900,204568,15022,7354,0.0762925342813611,0.0359489265183215
"3700","2019","울산","울주군","초등학교",2019-04-01,"전체",2336,2189,2199,10,137,147,0.00456829602558246,0.0623010459299682,0.0671539515760621,222191,218789,220648,3402,1543,0.015549227794816,0.00699303868605199
"3701","2019","울산","울주군","초등학교",2019-04-01,"여자",1190,1116,1112,-4,78,74,-0.003584229390681,0.0701438848920863,0.0663082437275986,222191,218789,220648,3402,1543,0.015549227794816,0.00699303868605199
"3702","2019","울산","울주군","초등학교",2019-04-01,"남자",1146,1073,1087,14,59,73,0.0130475302889096,0.0542778288868445,0.0680335507921715,222191,218789,220648,3402,1543,0.015549227794816,0.00699303868605199
"3703","2019","세종","세종시","초등학교",2019-04-01,"전체",4965,3836,4529,693,436,1129,0.180656934306569,0.0962684919408258,0.294316996871741,324417,254112,295041,70305,29376,0.276669342652059,0.0995658230551008
"3704","2019","세종","세종시","초등학교",2019-04-01,"전체",4965,3836,4529,693,436,1129,0.180656934306569,0.0962684919408258,0.294316996871741,324417,254112,295041,70305,29376,0.276669342652059,0.0995658230551008
"3705","2019","세종","세종시","초등학교",2019-04-01,"전체",4965,3836,4529,693,436,1129,0.180656934306569,0.0962684919408258,0.294316996871741,324417,254112,295041,70305,29376,0.276669342652059,0.0995658230551008
"3706","2019","세종","세종시","초등학교",2019-04-01,"전체",4965,3836,4529,693,436,1129,0.180656934306569,0.0962684919408258,0.294316996871741,324417,254112,295041,70305,29376,0.276669342652059,0.0995658230551008
"3707","2019","세종","세종시","초등학교",2019-04-01,"여자",2421,1853,2192,339,229,568,0.182946573124663,0.104470802919708,0.306529951430113,324417,254112,295041,70305,29376,0.276669342652059,0.0995658230551008
"3708","2019","세종","세종시","초등학교",2019-04-01,"여자",2421,1853,2192,339,229,568,0.182946573124663,0.104470802919708,0.306529951430113,324417,254112,295041,70305,29376,0.276669342652059,0.0995658230551008
"3709","2019","세종","세종시","초등학교",2019-04-01,"여자",2421,1853,2192,339,229,568,0.182946573124663,0.104470802919708,0.306529951430113,324417,254112,295041,70305,29376,0.276669342652059,0.0995658230551008
"3710","2019","세종","세종시","초등학교",2019-04-01,"여자",2421,1853,2192,339,229,568,0.182946573124663,0.104470802919708,0.306529951430113,324417,254112,295041,70305,29376,0.276669342652059,0.0995658230551008
"3711","2019","세종","세종시","초등학교",2019-04-01,"남자",2544,1983,2337,354,207,561,0.178517397881997,0.0885750962772786,0.282904689863843,324417,254112,295041,70305,29376,0.276669342652059,0.0995658230551008
"3712","2019","세종","세종시","초등학교",2019-04-01,"남자",2544,1983,2337,354,207,561,0.178517397881997,0.0885750962772786,0.282904689863843,324417,254112,295041,70305,29376,0.276669342652059,0.0995658230551008
"3713","2019","세종","세종시","초등학교",2019-04-01,"남자",2544,1983,2337,354,207,561,0.178517397881997,0.0885750962772786,0.282904689863843,324417,254112,295041,70305,29376,0.276669342652059,0.0995658230551008
"3714","2019","세종","세종시","초등학교",2019-04-01,"남자",2544,1983,2337,354,207,561,0.178517397881997,0.0885750962772786,0.282904689863843,324417,254112,295041,70305,29376,0.276669342652059,0.0995658230551008
"3715","2019","경기","수원시","초등학교",2019-04-01,"전체",11919,12347,12320,-27,-401,-428,-0.00218676601603628,-0.0325487012987013,-0.0346642909208715,1198461,1196330,1201779,2131,-3318,0.00178128108465056,-0.00276090695543856
"3716","2019","경기","수원시","초등학교",2019-04-01,"여자",5776,5956,5946,-10,-170,-180,-0.00167897918065816,-0.0285906491759166,-0.0302216252518469,1198461,1196330,1201779,2131,-3318,0.00178128108465056,-0.00276090695543856
"3717","2019","경기","수원시","초등학교",2019-04-01,"남자",6143,6391,6374,-17,-231,-248,-0.00265999061179784,-0.0362409789770944,-0.0388045689250509,1198461,1196330,1201779,2131,-3318,0.00178128108465056,-0.00276090695543856
"3718","2019","경기","성남시","초등학교",2019-04-01,"전체",7826,8603,8490,-113,-664,-777,-0.0131349529233988,-0.0782096584216726,-0.0903173311635476,949316,974035,964400,-24719,-15084,-0.0253779381644397,-0.0156408129406885
"3719","2019","경기","성남시","초등학교",2019-04-01,"여자",3721,4110,4028,-82,-307,-389,-0.0199513381995134,-0.0762164846077458,-0.094647201946472,949316,974035,964400,-24719,-15084,-0.0253779381644397,-0.0156408129406885
"3720","2019","경기","성남시","초등학교",2019-04-01,"남자",4105,4493,4462,-31,-357,-388,-0.00689962163365235,-0.08000896458987,-0.086356554640552,949316,974035,964400,-24719,-15084,-0.0253779381644397,-0.0156408129406885
"3721","2019","경기","부천시","초등학교",2019-04-01,"전체",7061,7388,7461,73,-400,-327,0.00988088792636708,-0.0536121163382925,-0.0442609637249594,837937,849842,851589,-11905,-13652,-0.0140084862833327,-0.0160312075426056
"3722","2019","경기","부천시","초등학교",2019-04-01,"여자",3420,3565,3588,23,-168,-145,0.00645161290322581,-0.0468227424749164,-0.0406732117812062,837937,849842,851589,-11905,-13652,-0.0140084862833327,-0.0160312075426056
"3723","2019","경기","부천시","초등학교",2019-04-01,"남자",3641,3823,3873,50,-232,-182,0.0130787339785509,-0.0599018848437903,-0.0476065916819252,837937,849842,851589,-11905,-13652,-0.0140084862833327,-0.0160312075426056
"3724","2019","경기","안양시","초등학교",2019-04-01,"전체",4614,5008,4728,-280,-114,-394,-0.0559105431309904,-0.0241116751269036,-0.0786741214057508,573296,598166,583140,-24870,-9844,-0.0415770872968373,-0.0168810234249065
"3725","2019","경기","안양시","초등학교",2019-04-01,"여자",2249,2407,2290,-117,-41,-158,-0.0486082260074782,-0.0179039301310044,-0.0656418778562526,573296,598166,583140,-24870,-9844,-0.0415770872968373,-0.0168810234249065
"3726","2019","경기","안양시","초등학교",2019-04-01,"남자",2365,2601,2438,-163,-73,-236,-0.0626682045367166,-0.0299425758818704,-0.0907343329488658,573296,598166,583140,-24870,-9844,-0.0415770872968373,-0.0168810234249065
"3727","2019","경기","과천시","초등학교",2019-04-01,"전체",467,455,451,-4,16,12,-0.00879120879120879,0.0354767184035477,0.0263736263736264,58218,59811,57154,-1593,1064,-0.0266338967748407,0.0186163698078875
"3728","2019","경기","과천시","초등학교",2019-04-01,"여자",226,231,227,-4,-1,-5,-0.0173160173160173,-0.00440528634361234,-0.0216450216450216,58218,59811,57154,-1593,1064,-0.0266338967748407,0.0186163698078875
"3729","2019","경기","과천시","초등학교",2019-04-01,"남자",241,224,224,0,17,17,0,0.0758928571428571,0.0758928571428571,58218,59811,57154,-1593,1064,-0.0266338967748407,0.0186163698078875
"3730","2019","경기","안산시","초등학교",2019-04-01,"전체",5625,5962,5532,-430,93,-337,-0.0721234485072123,0.0168112798264642,-0.0565246561556525,657988,686802,666168,-28814,-8180,-0.0419538673445913,-0.012279184830253
"3731","2019","경기","안산시","초등학교",2019-04-01,"여자",2806,2989,2733,-256,73,-183,-0.0856473737035798,0.0267105744603,-0.0612244897959184,657988,686802,666168,-28814,-8180,-0.0419538673445913,-0.012279184830253
"3732","2019","경기","안산시","초등학교",2019-04-01,"남자",2819,2973,2799,-174,20,-154,-0.0585267406659939,0.00714540907466953,-0.05179952909519,657988,686802,666168,-28814,-8180,-0.0419538673445913,-0.012279184830253
"3733","2019","경기","용인시","초등학교",2019-04-01,"전체",12038,11745,11916,171,122,293,0.0145593869731801,0.0102383350117489,0.0249467858663261,1042229,994592,1009823,47637,32406,0.047896021685274,0.032090772343272
"3734","2019","경기","용인시","초등학교",2019-04-01,"여자",5903,5722,5809,87,94,181,0.0152044739601538,0.0161817868824238,0.0316322963998602,1042229,994592,1009823,47637,32406,0.047896021685274,0.032090772343272
"3735","2019","경기","용인시","초등학교",2019-04-01,"남자",6135,6023,6107,84,28,112,0.0139465382699651,0.00458490257082037,0.0185953843599535,1042229,994592,1009823,47637,32406,0.047896021685274,0.032090772343272
"3736","2019","경기","군포시","초등학교",2019-04-01,"전체",2518,2824,2706,-118,-188,-306,-0.0417847025495751,-0.0694752402069475,-0.108356940509915,275207,283660,279634,-8453,-4427,-0.0297997602763872,-0.0158314081978586
"3737","2019","경기","군포시","초등학교",2019-04-01,"여자",1223,1373,1309,-64,-86,-150,-0.0466132556445739,-0.0656990068754775,-0.10924981791697,275207,283660,279634,-8453,-4427,-0.0297997602763872,-0.0158314081978586
"3738","2019","경기","군포시","초등학교",2019-04-01,"남자",1295,1451,1397,-54,-102,-156,-0.0372157133011716,-0.0730136005726557,-0.107512060647829,275207,283660,279634,-8453,-4427,-0.0297997602763872,-0.0158314081978586
"3739","2019","경기","의왕시","초등학교",2019-04-01,"전체",1315,1521,1474,-47,-159,-206,-0.0309007232084155,-0.1078697421981,-0.135437212360289,157090,155599,154679,1491,2411,0.00958232379385472,0.0155871191305866
"3740","2019","경기","의왕시","초등학교",2019-04-01,"여자",628,726,703,-23,-75,-98,-0.0316804407713499,-0.106685633001422,-0.134986225895317,157090,155599,154679,1491,2411,0.00958232379385472,0.0155871191305866
"3741","2019","경기","의왕시","초등학교",2019-04-01,"남자",687,795,771,-24,-84,-108,-0.030188679245283,-0.108949416342412,-0.135849056603774,157090,155599,154679,1491,2411,0.00958232379385472,0.0155871191305866
"3742","2019","경기","시흥시","초등학교",2019-04-01,"전체",5309,4125,4600,475,709,1184,0.115151515151515,0.154130434782609,0.287030303030303,459601,405712,432427,53889,27174,0.132825748314075,0.062840664435847
"3743","2019","경기","시흥시","초등학교",2019-04-01,"여자",2600,1982,2224,242,376,618,0.122098890010091,0.169064748201439,0.311806256306761,459601,405712,432427,53889,27174,0.132825748314075,0.062840664435847
"3744","2019","경기","시흥시","초등학교",2019-04-01,"남자",2709,2143,2376,233,333,566,0.108726084927671,0.140151515151515,0.264115725618292,459601,405712,432427,53889,27174,0.132825748314075,0.062840664435847
"3745","2019","경기","평택시","초등학교",2019-04-01,"전체",5412,5016,5092,76,320,396,0.0151515151515152,0.0628436763550668,0.0789473684210526,500787,475157,486740,25630,14047,0.0539400661255122,0.0288593499609648
"3746","2019","경기","평택시","초등학교",2019-04-01,"여자",2650,2452,2505,53,145,198,0.0216150081566069,0.0578842315369262,0.0807504078303426,500787,475157,486740,25630,14047,0.0539400661255122,0.0288593499609648
"3747","2019","경기","평택시","초등학교",2019-04-01,"남자",2762,2564,2587,23,175,198,0.00897035881435257,0.0676459219172787,0.0772230889235569,500787,475157,486740,25630,14047,0.0539400661255122,0.0288593499609648
"3748","2019","경기","화성시","초등학교",2019-04-01,"전체",11727,9888,10826,938,901,1839,0.0948624595469256,0.083225568076852,0.185983009708738,781507,658730,722220,122777,59287,0.186384406357688,0.0820899448921381
"3749","2019","경기","화성시","초등학교",2019-04-01,"여자",5824,4792,5283,491,541,1032,0.102462437395659,0.102403937156918,0.215358931552588,781507,658730,722220,122777,59287,0.186384406357688,0.0820899448921381
"3750","2019","경기","화성시","초등학교",2019-04-01,"남자",5903,5096,5543,447,360,807,0.0877158555729984,0.0649467797221721,0.158359497645212,781507,658730,722220,122777,59287,0.186384406357688,0.0820899448921381
"3751","2019","경기","오산시","초등학교",2019-04-01,"전체",2984,3001,3012,11,-28,-17,0.00366544485171609,-0.00929614873837981,-0.0056647784071976,220081,210222,216755,9859,3326,0.0468980411184367,0.0153445133906946
"3752","2019","경기","오산시","초등학교",2019-04-01,"여자",1422,1432,1423,-9,-1,-10,-0.00628491620111732,-0.000702740688685875,-0.00698324022346369,220081,210222,216755,9859,3326,0.0468980411184367,0.0153445133906946
"3753","2019","경기","오산시","초등학교",2019-04-01,"남자",1562,1569,1589,20,-27,-7,0.0127469725940089,-0.0169918187539333,-0.00446144040790312,220081,210222,216755,9859,3326,0.0468980411184367,0.0153445133906946
"3754","2019","경기","광명시","초등학교",2019-04-01,"전체",3078,3311,3166,-145,-88,-233,-0.0437934158864391,-0.0277953253316488,-0.0703714889761401,323527,335872,330837,-12345,-7310,-0.0367550733612805,-0.0220954729972766
"3755","2019","경기","광명시","초등학교",2019-04-01,"여자",1503,1626,1557,-69,-54,-123,-0.0424354243542435,-0.0346820809248555,-0.0756457564575646,323527,335872,330837,-12345,-7310,-0.0367550733612805,-0.0220954729972766
"3756","2019","경기","광명시","초등학교",2019-04-01,"남자",1575,1685,1609,-76,-34,-110,-0.0451038575667656,-0.0211311373523928,-0.0652818991097923,323527,335872,330837,-12345,-7310,-0.0367550733612805,-0.0220954729972766
"3757","2019","경기","광주시","초등학교",2019-04-01,"전체",3648,3768,3862,94,-214,-120,0.0249469214437367,-0.0554117037804246,-0.0318471337579618,366092,332845,351494,33247,14598,0.0998873349456954,0.0415312921415444
"3758","2019","경기","광주시","초등학교",2019-04-01,"여자",1773,1836,1899,63,-126,-63,0.0343137254901961,-0.0663507109004739,-0.0343137254901961,366092,332845,351494,33247,14598,0.0998873349456954,0.0415312921415444
"3759","2019","경기","광주시","초등학교",2019-04-01,"남자",1875,1932,1963,31,-88,-57,0.0160455486542443,-0.0448293428425879,-0.0295031055900621,366092,332845,351494,33247,14598,0.0998873349456954,0.0415312921415444
"3760","2019","경기","하남시","초등학교",2019-04-01,"전체",3082,2772,3060,288,22,310,0.103896103896104,0.00718954248366013,0.111832611832612,262261,219326,239662,42935,22599,0.195758824763138,0.0942952992130584
"3761","2019","경기","하남시","초등학교",2019-04-01,"여자",1438,1313,1463,150,-25,125,0.114242193450114,-0.0170881749829118,0.0952018278750952,262261,219326,239662,42935,22599,0.195758824763138,0.0942952992130584
"3762","2019","경기","하남시","초등학교",2019-04-01,"남자",1644,1459,1597,138,47,185,0.0945853324194654,0.0294301815904822,0.126799177518849,262261,219326,239662,42935,22599,0.195758824763138,0.0942952992130584
"3763","2019","경기","김포시","초등학교",2019-04-01,"전체",6026,5175,5649,474,377,851,0.0915942028985507,0.0667374756594087,0.164444444444444,429752,373617,401385,56135,28367,0.150247445913864,0.070672795445769
"3764","2019","경기","김포시","초등학교",2019-04-01,"여자",3000,2570,2807,237,193,430,0.0922178988326848,0.0687566797292483,0.167315175097276,429752,373617,401385,56135,28367,0.150247445913864,0.070672795445769
"3765","2019","경기","김포시","초등학교",2019-04-01,"남자",3026,2605,2842,237,184,421,0.090978886756238,0.0647431386347642,0.161612284069098,429752,373617,401385,56135,28367,0.150247445913864,0.070672795445769
"3766","2019","경기","이천시","초등학교",2019-04-01,"전체",2291,2315,2326,11,-35,-24,0.00475161987041037,-0.0150472914875322,-0.0103671706263499,214814,211066,213248,3748,1566,0.017757478703344,0.00734356242496999
"3767","2019","경기","이천시","초등학교",2019-04-01,"여자",1114,1116,1110,-6,4,-2,-0.00537634408602151,0.0036036036036036,-0.0017921146953405,214814,211066,213248,3748,1566,0.017757478703344,0.00734356242496999
"3768","2019","경기","이천시","초등학교",2019-04-01,"남자",1177,1199,1216,17,-39,-22,0.0141784820683903,-0.0320723684210526,-0.018348623853211,214814,211066,213248,3748,1566,0.017757478703344,0.00734356242496999
"3769","2019","경기","안성시","초등학교",2019-04-01,"전체",1783,1838,1777,-61,6,-55,-0.0331882480957563,0.00337647720877884,-0.029923830250272,183665,182761,182211,904,1454,0.00494635069845317,0.00797975972910527
"3770","2019","경기","안성시","초등학교",2019-04-01,"여자",885,874,854,-20,31,11,-0.022883295194508,0.0362997658079625,0.0125858123569794,183665,182761,182211,904,1454,0.00494635069845317,0.00797975972910527
"3771","2019","경기","안성시","초등학교",2019-04-01,"남자",898,964,923,-41,-25,-66,-0.0425311203319502,-0.0270855904658722,-0.0684647302904564,183665,182761,182211,904,1454,0.00494635069845317,0.00797975972910527
"3772","2019","경기","여주시","초등학교",2019-04-01,"전체",871,945,919,-26,-48,-74,-0.0275132275132275,-0.0522306855277476,-0.0783068783068783,111143,111970,111898,-827,-755,-0.00738590693935876,-0.00674721621476702
"3773","2019","경기","여주시","초등학교",2019-04-01,"여자",411,435,431,-4,-20,-24,-0.00919540229885057,-0.0464037122969838,-0.0551724137931034,111143,111970,111898,-827,-755,-0.00738590693935876,-0.00674721621476702
"3774","2019","경기","여주시","초등학교",2019-04-01,"남자",460,510,488,-22,-28,-50,-0.0431372549019608,-0.0573770491803279,-0.0980392156862745,111143,111970,111898,-827,-755,-0.00738590693935876,-0.00674721621476702
"3775","2019","경기","양평군","초등학교",2019-04-01,"전체",845,823,837,14,8,22,0.0170109356014581,0.00955794504181601,0.0267314702308627,116084,112408,115374,3676,710,0.0327022987687709,0.0061538994920866
"3776","2019","경기","양평군","초등학교",2019-04-01,"여자",403,387,400,13,3,16,0.0335917312661499,0.0075,0.041343669250646,116084,112408,115374,3676,710,0.0327022987687709,0.0061538994920866
"3777","2019","경기","양평군","초등학교",2019-04-01,"남자",442,436,437,1,5,6,0.00229357798165138,0.011441647597254,0.0137614678899083,116084,112408,115374,3676,710,0.0327022987687709,0.0061538994920866
"3778","2019","경기","고양시","초등학교",2019-04-01,"전체",9296,9663,9617,-46,-321,-367,-0.00476042636862258,-0.0333783924300717,-0.037979923419228,1045533,1040608,1041751,4925,3782,0.00473281004950952,0.00363042608070451
"3779","2019","경기","고양시","초등학교",2019-04-01,"여자",4503,4683,4655,-28,-152,-180,-0.00597907324364723,-0.0326530612244898,-0.0384368994234465,1045533,1040608,1041751,4925,3782,0.00473281004950952,0.00363042608070451
"3780","2019","경기","고양시","초등학교",2019-04-01,"남자",4793,4980,4962,-18,-169,-187,-0.0036144578313253,-0.0340588472390165,-0.0375502008032128,1045533,1040608,1041751,4925,3782,0.00473281004950952,0.00363042608070451
"3781","2019","경기","남양주시","초등학교",2019-04-01,"전체",7740,7518,7746,228,-6,222,0.0303272146847566,-0.000774593338497289,0.0295291300877893,687575,662870,673241,24705,14334,0.0372697512332735,0.021291038424576
"3782","2019","경기","남양주시","초등학교",2019-04-01,"여자",3788,3683,3824,141,-36,105,0.038284007602498,-0.00941422594142259,0.0285093673635623,687575,662870,673241,24705,14334,0.0372697512332735,0.021291038424576
"3783","2019","경기","남양주시","초등학교",2019-04-01,"남자",3952,3835,3922,87,30,117,0.0226857887874837,0.00764915859255482,0.0305084745762712,687575,662870,673241,24705,14334,0.0372697512332735,0.021291038424576
"3784","2019","경기","구리시","초등학교",2019-04-01,"전체",2250,1890,1961,71,289,360,0.0375661375661376,0.147373788883223,0.19047619047619,201952,194818,200070,7134,1882,0.0366187929246784,0.00940670765232169
"3785","2019","경기","구리시","초등학교",2019-04-01,"여자",1096,914,942,28,154,182,0.0306345733041575,0.16348195329087,0.199124726477024,201952,194818,200070,7134,1882,0.0366187929246784,0.00940670765232169
"3786","2019","경기","구리시","초등학교",2019-04-01,"남자",1154,976,1019,43,135,178,0.0440573770491803,0.132482826300294,0.182377049180328,201952,194818,200070,7134,1882,0.0366187929246784,0.00940670765232169
"3787","2019","경기","의정부시","초등학교",2019-04-01,"전체",3869,3843,3931,88,-62,26,0.0228987769971377,-0.0157720681760366,0.00676554774915431,450332,438321,442965,12011,7367,0.0274022919276056,0.0166311108101092
"3788","2019","경기","의정부시","초등학교",2019-04-01,"여자",1903,1887,1928,41,-25,16,0.0217276099629041,-0.0129668049792531,0.00847906730259671,450332,438321,442965,12011,7367,0.0274022919276056,0.0166311108101092
"3789","2019","경기","의정부시","초등학교",2019-04-01,"남자",1966,1956,2003,47,-37,10,0.0240286298568507,-0.018472291562656,0.00511247443762781,450332,438321,442965,12011,7367,0.0274022919276056,0.0166311108101092
"3790","2019","경기","파주시","초등학교",2019-04-01,"전체",5242,5099,5109,10,133,143,0.00196116885663856,0.0260324916813466,0.0280447146499314,453366,431712,441617,21654,11749,0.0501584389593062,0.0266045011854163
"3791","2019","경기","파주시","초등학교",2019-04-01,"여자",2553,2483,2497,14,56,70,0.00563834071687475,0.0224269122947537,0.0281917035843737,453366,431712,441617,21654,11749,0.0501584389593062,0.0266045011854163
"3792","2019","경기","파주시","초등학교",2019-04-01,"남자",2689,2616,2612,-4,77,73,-0.00152905198776758,0.02947932618683,0.0279051987767584,453366,431712,441617,21654,11749,0.0501584389593062,0.0266045011854163
"3793","2019","경기","동두천시","초등학교",2019-04-01,"전체",813,851,849,-2,-36,-38,-0.00235017626321974,-0.0424028268551237,-0.0446533490011751,95375,97755,96921,-2380,-1546,-0.0243465807375582,-0.0159511354608392
"3794","2019","경기","동두천시","초등학교",2019-04-01,"여자",404,433,439,6,-35,-29,0.0138568129330254,-0.0797266514806378,-0.0669745958429561,95375,97755,96921,-2380,-1546,-0.0243465807375582,-0.0159511354608392
"3795","2019","경기","동두천시","초등학교",2019-04-01,"남자",409,418,410,-8,-1,-9,-0.0191387559808612,-0.0024390243902439,-0.0215311004784689,95375,97755,96921,-2380,-1546,-0.0243465807375582,-0.0159511354608392
"3796","2019","경기","양주시","초등학교",2019-04-01,"전체",2374,2216,2234,18,140,158,0.00812274368231047,0.062667860340197,0.0712996389891697,219789,207327,212276,12462,7513,0.0601079454195546,0.0353926020840792
"3797","2019","경기","양주시","초등학교",2019-04-01,"여자",1190,1124,1141,17,49,66,0.0151245551601423,0.0429447852760736,0.0587188612099644,219789,207327,212276,12462,7513,0.0601079454195546,0.0353926020840792
"3798","2019","경기","양주시","초등학교",2019-04-01,"남자",1184,1092,1093,1,91,92,0.000915750915750916,0.0832570905763952,0.0842490842490843,219789,207327,212276,12462,7513,0.0601079454195546,0.0353926020840792
"3799","2019","경기","포천시","초등학교",2019-04-01,"전체",1137,1178,1170,-8,-33,-41,-0.0067911714770798,-0.0282051282051282,-0.034804753820034,149603,153903,152310,-4300,-2707,-0.027939676289611,-0.0177729630359136
"3800","2019","경기","포천시","초등학교",2019-04-01,"여자",574,591,597,6,-23,-17,0.0101522842639594,-0.0385259631490787,-0.0287648054145516,149603,153903,152310,-4300,-2707,-0.027939676289611,-0.0177729630359136
"3801","2019","경기","포천시","초등학교",2019-04-01,"남자",563,587,573,-14,-10,-24,-0.0238500851788756,-0.0174520069808028,-0.0408858603066439,149603,153903,152310,-4300,-2707,-0.027939676289611,-0.0177729630359136
"3802","2019","경기","가평군","초등학교",2019-04-01,"전체",444,413,420,7,24,31,0.0169491525423729,0.0571428571428571,0.0750605326876513,62740,62369,62818,371,-78,0.00594846798890474,-0.00124168232035404
"3803","2019","경기","가평군","초등학교",2019-04-01,"여자",236,205,210,5,26,31,0.024390243902439,0.123809523809524,0.151219512195122,62740,62369,62818,371,-78,0.00594846798890474,-0.00124168232035404
"3804","2019","경기","가평군","초등학교",2019-04-01,"남자",208,208,210,2,-2,0,0.00961538461538462,-0.00952380952380952,0,62740,62369,62818,371,-78,0.00594846798890474,-0.00124168232035404
"3805","2019","경기","연천군","초등학교",2019-04-01,"전체",285,393,364,-29,-79,-108,-0.0737913486005089,-0.217032967032967,-0.274809160305344,44187,45755,45018,-1568,-831,-0.0342694787454923,-0.0184592829534853
"3806","2019","경기","연천군","초등학교",2019-04-01,"여자",129,180,162,-18,-33,-51,-0.1,-0.203703703703704,-0.283333333333333,44187,45755,45018,-1568,-831,-0.0342694787454923,-0.0184592829534853
"3807","2019","경기","연천군","초등학교",2019-04-01,"남자",156,213,202,-11,-46,-57,-0.0516431924882629,-0.227722772277228,-0.267605633802817,44187,45755,45018,-1568,-831,-0.0342694787454923,-0.0184592829534853
"3808","2019","강원","춘천시","초등학교",2019-04-01,"전체",2563,2513,2565,52,-2,50,0.0206923995224831,-0.000779727095516569,0.0198965380023876,280098,279981,280689,117,-591,0.000417885499373172,-0.00210553317016342
"3809","2019","강원","춘천시","초등학교",2019-04-01,"여자",1243,1209,1251,42,-8,34,0.0347394540942928,-0.00639488409272582,0.0281224152191894,280098,279981,280689,117,-591,0.000417885499373172,-0.00210553317016342
"3810","2019","강원","춘천시","초등학교",2019-04-01,"남자",1320,1304,1314,10,6,16,0.00766871165644172,0.0045662100456621,0.0122699386503067,280098,279981,280689,117,-591,0.000417885499373172,-0.00210553317016342
"3811","2019","강원","원주시","초등학교",2019-04-01,"전체",3307,3164,3188,24,119,143,0.00758533501896334,0.03732747804266,0.0451959544879899,345712,339146,341877,6566,3835,0.0193603934588643,0.0112174846509125
"3812","2019","강원","원주시","초등학교",2019-04-01,"여자",1668,1613,1623,10,45,55,0.00619962802231866,0.0277264325323475,0.0340979541227526,345712,339146,341877,6566,3835,0.0193603934588643,0.0112174846509125
"3813","2019","강원","원주시","초등학교",2019-04-01,"남자",1639,1551,1565,14,74,88,0.00902643455834945,0.0472843450479233,0.0567375886524823,345712,339146,341877,6566,3835,0.0193603934588643,0.0112174846509125
"3814","2019","강원","강릉시","초등학교",2019-04-01,"전체",1637,1572,1587,15,50,65,0.00954198473282443,0.0315059861373661,0.0413486005089059,213106,213727,213279,-621,-173,-0.00290557580464799,-0.000811144088259979
"3815","2019","강원","강릉시","초등학교",2019-04-01,"여자",807,780,785,5,22,27,0.00641025641025641,0.0280254777070064,0.0346153846153846,213106,213727,213279,-621,-173,-0.00290557580464799,-0.000811144088259979
"3816","2019","강원","강릉시","초등학교",2019-04-01,"남자",830,792,802,10,28,38,0.0126262626262626,0.0349127182044888,0.047979797979798,213106,213727,213279,-621,-173,-0.00290557580464799,-0.000811144088259979
"3817","2019","강원","동해시","초등학교",2019-04-01,"전체",858,842,838,-4,20,16,-0.00475059382422803,0.0238663484486874,0.0190023752969121,90808,92883,91845,-2075,-1037,-0.0223399330340321,-0.0112907616092329
"3818","2019","강원","동해시","초등학교",2019-04-01,"여자",422,401,404,3,18,21,0.00748129675810474,0.0445544554455446,0.0523690773067332,90808,92883,91845,-2075,-1037,-0.0223399330340321,-0.0112907616092329
"3819","2019","강원","동해시","초등학교",2019-04-01,"남자",436,441,434,-7,2,-5,-0.0158730158730159,0.00460829493087558,-0.0113378684807256,90808,92883,91845,-2075,-1037,-0.0223399330340321,-0.0112907616092329
"3820","2019","강원","태백시","초등학교",2019-04-01,"전체",364,375,374,-1,-10,-11,-0.00266666666666667,-0.0267379679144385,-0.0293333333333333,44415,46480,45484,-2065,-1069,-0.0444277108433735,-0.0235027702049072
"3821","2019","강원","태백시","초등학교",2019-04-01,"여자",181,195,195,0,-14,-14,0,-0.0717948717948718,-0.0717948717948718,44415,46480,45484,-2065,-1069,-0.0444277108433735,-0.0235027702049072
"3822","2019","강원","태백시","초등학교",2019-04-01,"남자",183,180,179,-1,4,3,-0.00555555555555556,0.0223463687150838,0.0166666666666667,44415,46480,45484,-2065,-1069,-0.0444277108433735,-0.0235027702049072
"3823","2019","강원","속초시","초등학교",2019-04-01,"전체",660,667,674,7,-14,-7,0.0104947526236882,-0.0207715133531157,-0.0104947526236882,81497,81635,81724,-138,-227,-0.00169045139952226,-0.00277764181880476
"3824","2019","강원","속초시","초등학교",2019-04-01,"여자",338,348,343,-5,-5,-10,-0.014367816091954,-0.0145772594752187,-0.028735632183908,81497,81635,81724,-138,-227,-0.00169045139952226,-0.00277764181880476
"3825","2019","강원","속초시","초등학교",2019-04-01,"남자",322,319,331,12,-9,3,0.0376175548589342,-0.027190332326284,0.00940438871473354,81497,81635,81724,-138,-227,-0.00169045139952226,-0.00277764181880476
"3826","2019","강원","삼척시","초등학교",2019-04-01,"전체",486,479,480,1,6,7,0.00208768267223382,0.0125,0.0146137787056367,68053,69268,68728,-1215,-675,-0.0175405670728186,-0.00982132464206728
"3827","2019","강원","삼척시","초등학교",2019-04-01,"여자",228,232,230,-2,-2,-4,-0.00862068965517241,-0.00869565217391304,-0.0172413793103448,68053,69268,68728,-1215,-675,-0.0175405670728186,-0.00982132464206728
"3828","2019","강원","삼척시","초등학교",2019-04-01,"남자",258,247,250,3,8,11,0.0121457489878543,0.032,0.0445344129554656,68053,69268,68728,-1215,-675,-0.0175405670728186,-0.00982132464206728
"3829","2019","강원","홍천군","초등학교",2019-04-01,"전체",452,484,462,-22,-10,-32,-0.0454545454545455,-0.0216450216450216,-0.0661157024793388,69646,70226,70152,-580,-506,-0.00825904935493977,-0.00721290911164329
"3830","2019","강원","홍천군","초등학교",2019-04-01,"여자",230,242,230,-12,0,-12,-0.0495867768595041,0,-0.0495867768595041,69646,70226,70152,-580,-506,-0.00825904935493977,-0.00721290911164329
"3831","2019","강원","홍천군","초등학교",2019-04-01,"남자",222,242,232,-10,-10,-20,-0.0413223140495868,-0.0431034482758621,-0.0826446280991736,69646,70226,70152,-580,-506,-0.00825904935493977,-0.00721290911164329
"3832","2019","강원","횡성군","초등학교",2019-04-01,"전체",265,249,255,6,10,16,0.0240963855421687,0.0392156862745098,0.0642570281124498,46767,46068,46430,699,337,0.0151732221932795,0.00725823820805514
"3833","2019","강원","횡성군","초등학교",2019-04-01,"여자",135,131,134,3,1,4,0.0229007633587786,0.00746268656716418,0.0305343511450382,46767,46068,46430,699,337,0.0151732221932795,0.00725823820805514
"3834","2019","강원","횡성군","초등학교",2019-04-01,"남자",130,118,121,3,9,12,0.0254237288135593,0.0743801652892562,0.101694915254237,46767,46068,46430,699,337,0.0151732221932795,0.00725823820805514
"3835","2019","강원","영월군","초등학교",2019-04-01,"전체",198,207,200,-7,-2,-9,-0.0338164251207729,-0.01,-0.0434782608695652,39440,40040,40026,-600,-586,-0.014985014985015,-0.0146404836856044
"3836","2019","강원","영월군","초등학교",2019-04-01,"여자",82,94,86,-8,-4,-12,-0.0851063829787234,-0.0465116279069767,-0.127659574468085,39440,40040,40026,-600,-586,-0.014985014985015,-0.0146404836856044
"3837","2019","강원","영월군","초등학교",2019-04-01,"남자",116,113,114,1,2,3,0.00884955752212389,0.0175438596491228,0.0265486725663717,39440,40040,40026,-600,-586,-0.014985014985015,-0.0146404836856044
"3838","2019","강원","평창군","초등학교",2019-04-01,"전체",263,252,252,0,11,11,0,0.0436507936507936,0.0436507936507936,42435,43142,42816,-707,-381,-0.0163877428028371,-0.00889854260089686
"3839","2019","강원","평창군","초등학교",2019-04-01,"여자",129,115,115,0,14,14,0,0.121739130434783,0.121739130434783,42435,43142,42816,-707,-381,-0.0163877428028371,-0.00889854260089686
"3840","2019","강원","평창군","초등학교",2019-04-01,"남자",134,137,137,0,-3,-3,0,-0.0218978102189781,-0.0218978102189781,42435,43142,42816,-707,-381,-0.0163877428028371,-0.00889854260089686
"3841","2019","강원","정선군","초등학교",2019-04-01,"전체",249,240,244,4,5,9,0.0166666666666667,0.0204918032786885,0.0375,37438,38397,37964,-959,-526,-0.024975909576269,-0.0138552312717311
"3842","2019","강원","정선군","초등학교",2019-04-01,"여자",114,121,120,-1,-6,-7,-0.00826446280991736,-0.05,-0.0578512396694215,37438,38397,37964,-959,-526,-0.024975909576269,-0.0138552312717311
"3843","2019","강원","정선군","초등학교",2019-04-01,"남자",135,119,124,5,11,16,0.0420168067226891,0.0887096774193548,0.134453781512605,37438,38397,37964,-959,-526,-0.024975909576269,-0.0138552312717311
"3844","2019","강원","철원군","초등학교",2019-04-01,"전체",340,373,364,-9,-24,-33,-0.0241286863270777,-0.0659340659340659,-0.0884718498659517,45840,47735,46856,-1895,-1016,-0.0396983345553577,-0.0216834556940413
"3845","2019","강원","철원군","초등학교",2019-04-01,"여자",177,187,188,1,-11,-10,0.0053475935828877,-0.0585106382978723,-0.053475935828877,45840,47735,46856,-1895,-1016,-0.0396983345553577,-0.0216834556940413
"3846","2019","강원","철원군","초등학교",2019-04-01,"남자",163,186,176,-10,-13,-23,-0.0537634408602151,-0.0738636363636364,-0.123655913978495,45840,47735,46856,-1895,-1016,-0.0396983345553577,-0.0216834556940413
"3847","2019","강원","화천군","초등학교",2019-04-01,"전체",193,242,215,-27,-22,-49,-0.111570247933884,-0.102325581395349,-0.202479338842975,24979,26204,25600,-1225,-621,-0.0467485880018318,-0.0242578125
"3848","2019","강원","화천군","초등학교",2019-04-01,"여자",106,123,106,-17,0,-17,-0.138211382113821,0,-0.138211382113821,24979,26204,25600,-1225,-621,-0.0467485880018318,-0.0242578125
"3849","2019","강원","화천군","초등학교",2019-04-01,"남자",87,119,109,-10,-22,-32,-0.0840336134453782,-0.201834862385321,-0.26890756302521,24979,26204,25600,-1225,-621,-0.0467485880018318,-0.0242578125
"3850","2019","강원","양구군","초등학교",2019-04-01,"전체",199,207,201,-6,-2,-8,-0.0289855072463768,-0.00995024875621891,-0.0386473429951691,23279,23866,23650,-587,-371,-0.0245956590966228,-0.0156871035940803
"3851","2019","강원","양구군","초등학교",2019-04-01,"여자",100,109,104,-5,-4,-9,-0.0458715596330275,-0.0384615384615385,-0.0825688073394495,23279,23866,23650,-587,-371,-0.0245956590966228,-0.0156871035940803
"3852","2019","강원","양구군","초등학교",2019-04-01,"남자",99,98,97,-1,2,1,-0.0102040816326531,0.0206185567010309,0.0102040816326531,23279,23866,23650,-587,-371,-0.0245956590966228,-0.0156871035940803
"3853","2019","강원","인제군","초등학교",2019-04-01,"전체",277,313,311,-2,-34,-36,-0.00638977635782748,-0.109324758842444,-0.115015974440895,31902,32473,32323,-571,-421,-0.0175838388815324,-0.0130247811156143
"3854","2019","강원","인제군","초등학교",2019-04-01,"여자",135,152,152,0,-17,-17,0,-0.111842105263158,-0.111842105263158,31902,32473,32323,-571,-421,-0.0175838388815324,-0.0130247811156143
"3855","2019","강원","인제군","초등학교",2019-04-01,"남자",142,161,159,-2,-17,-19,-0.0124223602484472,-0.106918238993711,-0.118012422360248,31902,32473,32323,-571,-421,-0.0175838388815324,-0.0130247811156143
"3856","2019","강원","고성군","초등학교",2019-04-01,"전체",156,144,146,2,10,12,0.0138888888888889,0.0684931506849315,0.0833333333333333,27860,28989,28739,-1129,-879,-0.0389458070302529,-0.0305856153658791
"3857","2019","강원","고성군","초등학교",2019-04-01,"여자",77,64,71,7,6,13,0.109375,0.0845070422535211,0.203125,27860,28989,28739,-1129,-879,-0.0389458070302529,-0.0305856153658791
"3858","2019","강원","고성군","초등학교",2019-04-01,"남자",79,80,75,-5,4,-1,-0.0625,0.0533333333333333,-0.0125,27860,28989,28739,-1129,-879,-0.0389458070302529,-0.0305856153658791
"3859","2019","강원","양양군","초등학교",2019-04-01,"전체",153,165,165,0,-12,-12,0,-0.0727272727272727,-0.0727272727272727,27519,27319,27270,200,249,0.00732091218565833,0.00913091309130913
"3860","2019","강원","양양군","초등학교",2019-04-01,"여자",70,72,67,-5,3,-2,-0.0694444444444444,0.0447761194029851,-0.0277777777777778,27519,27319,27270,200,249,0.00732091218565833,0.00913091309130913
"3861","2019","강원","양양군","초등학교",2019-04-01,"남자",83,93,98,5,-15,-10,0.0537634408602151,-0.153061224489796,-0.10752688172043,27519,27319,27270,200,249,0.00732091218565833,0.00913091309130913
"3862","2019","충북","청주시","초등학교",2019-04-01,"전체",8885,8922,8782,-140,103,-37,-0.0156915489800493,0.011728535641084,-0.00414705223044161,838887,836298,835293,2589,3594,0.00309578643019593,0.0043026818134475
"3863","2019","충북","청주시","초등학교",2019-04-01,"여자",4363,4387,4320,-67,43,-24,-0.0152723957146114,0.0099537037037037,-0.0054707089126966,838887,836298,835293,2589,3594,0.00309578643019593,0.0043026818134475
"3864","2019","충북","청주시","초등학교",2019-04-01,"남자",4522,4535,4462,-73,60,-13,-0.0160970231532525,0.0134468848050202,-0.00286659316427784,838887,836298,835293,2589,3594,0.00309578643019593,0.0043026818134475
"3865","2019","충북","충주시","초등학교",2019-04-01,"전체",1691,1675,1713,38,-22,16,0.0226865671641791,-0.0128429655575015,0.00955223880597015,210463,208158,209491,2305,972,0.0110733193055275,0.00463981746232535
"3866","2019","충북","충주시","초등학교",2019-04-01,"여자",863,829,850,21,13,34,0.0253317249698432,0.0152941176470588,0.0410132689987937,210463,208158,209491,2305,972,0.0110733193055275,0.00463981746232535
"3867","2019","충북","충주시","초등학교",2019-04-01,"남자",828,846,863,17,-35,-18,0.0200945626477541,-0.0405561993047509,-0.0212765957446809,210463,208158,209491,2305,972,0.0110733193055275,0.00463981746232535
"3868","2019","충북","제천시","초등학교",2019-04-01,"전체",1071,1015,1037,22,34,56,0.0216748768472906,0.0327868852459016,0.0551724137931034,135243,136534,135916,-1291,-673,-0.00945552023671759,-0.00495158774537214
"3869","2019","충북","제천시","초등학교",2019-04-01,"여자",539,498,505,7,34,41,0.0140562248995984,0.0673267326732673,0.0823293172690763,135243,136534,135916,-1291,-673,-0.00945552023671759,-0.00495158774537214
"3870","2019","충북","제천시","초등학교",2019-04-01,"남자",532,517,532,15,0,15,0.0290135396518375,0,0.0290135396518375,135243,136534,135916,-1291,-673,-0.00945552023671759,-0.00495158774537214
"3871","2019","충북","보은군","초등학교",2019-04-01,"전체",180,196,193,-3,-13,-16,-0.0153061224489796,-0.0673575129533679,-0.0816326530612245,33448,34208,33931,-760,-483,-0.0222170252572498,-0.0142347705637912
"3872","2019","충북","보은군","초등학교",2019-04-01,"여자",89,95,94,-1,-5,-6,-0.0105263157894737,-0.0531914893617021,-0.0631578947368421,33448,34208,33931,-760,-483,-0.0222170252572498,-0.0142347705637912
"3873","2019","충북","보은군","초등학교",2019-04-01,"남자",91,101,99,-2,-8,-10,-0.0198019801980198,-0.0808080808080808,-0.099009900990099,33448,34208,33931,-760,-483,-0.0222170252572498,-0.0142347705637912
"3874","2019","충북","옥천군","초등학교",2019-04-01,"전체",335,320,336,16,-1,15,0.05,-0.00297619047619048,0.046875,51371,51961,51792,-590,-421,-0.0113546698485403,-0.00812866852023479
"3875","2019","충북","옥천군","초등학교",2019-04-01,"여자",171,154,163,9,8,17,0.0584415584415584,0.049079754601227,0.11038961038961,51371,51961,51792,-590,-421,-0.0113546698485403,-0.00812866852023479
"3876","2019","충북","옥천군","초등학교",2019-04-01,"남자",164,166,173,7,-9,-2,0.0421686746987952,-0.0520231213872832,-0.0120481927710843,51371,51961,51792,-590,-421,-0.0113546698485403,-0.00812866852023479
"3877","2019","충북","영동군","초등학교",2019-04-01,"전체",267,261,259,-2,8,6,-0.00766283524904215,0.0308880308880309,0.0229885057471264,49179,50397,50067,-1218,-888,-0.0241681052443598,-0.0177362334471808
"3878","2019","충북","영동군","초등학교",2019-04-01,"여자",134,137,138,1,-4,-3,0.0072992700729927,-0.0289855072463768,-0.0218978102189781,49179,50397,50067,-1218,-888,-0.0241681052443598,-0.0177362334471808
"3879","2019","충북","영동군","초등학교",2019-04-01,"남자",133,124,121,-3,12,9,-0.0241935483870968,0.0991735537190083,0.0725806451612903,49179,50397,50067,-1218,-888,-0.0241681052443598,-0.0177362334471808
"3880","2019","충북","진천군","초등학교",2019-04-01,"전체",906,718,802,84,104,188,0.116991643454039,0.129675810473815,0.261838440111421,79919,70698,75238,9221,4681,0.130428017765708,0.0622159015391159
"3881","2019","충북","진천군","초등학교",2019-04-01,"여자",447,351,396,45,51,96,0.128205128205128,0.128787878787879,0.273504273504274,79919,70698,75238,9221,4681,0.130428017765708,0.0622159015391159
"3882","2019","충북","진천군","초등학교",2019-04-01,"남자",459,367,406,39,53,92,0.106267029972752,0.130541871921182,0.250681198910082,79919,70698,75238,9221,4681,0.130428017765708,0.0622159015391159
"3883","2019","충북","괴산군","초등학교",2019-04-01,"전체",170,159,153,-6,17,11,-0.0377358490566038,0.111111111111111,0.0691823899371069,38133,38425,38500,-292,-367,-0.00759921925829538,-0.00953246753246753
"3884","2019","충북","괴산군","초등학교",2019-04-01,"여자",77,72,67,-5,10,5,-0.0694444444444444,0.149253731343284,0.0694444444444444,38133,38425,38500,-292,-367,-0.00759921925829538,-0.00953246753246753
"3885","2019","충북","괴산군","초등학교",2019-04-01,"남자",93,87,86,-1,7,6,-0.0114942528735632,0.0813953488372093,0.0689655172413793,38133,38425,38500,-292,-367,-0.00759921925829538,-0.00953246753246753
"3886","2019","충북","음성군","초등학교",2019-04-01,"전체",753,857,813,-44,-60,-104,-0.0513418903150525,-0.0738007380073801,-0.121353558926488,95375,97909,96913,-2534,-1538,-0.0258811753771359,-0.0158699039344567
"3887","2019","충북","음성군","초등학교",2019-04-01,"여자",344,394,374,-20,-30,-50,-0.050761421319797,-0.0802139037433155,-0.126903553299492,95375,97909,96913,-2534,-1538,-0.0258811753771359,-0.0158699039344567
"3888","2019","충북","음성군","초등학교",2019-04-01,"남자",409,463,439,-24,-30,-54,-0.0518358531317495,-0.0683371298405467,-0.116630669546436,95375,97909,96913,-2534,-1538,-0.0258811753771359,-0.0158699039344567
"3889","2019","충북","단양군","초등학교",2019-04-01,"전체",155,152,154,2,1,3,0.0131578947368421,0.00649350649350649,0.0197368421052632,30092,30425,30273,-333,-181,-0.0109449465899753,-0.00597892511478876
"3890","2019","충북","단양군","초등학교",2019-04-01,"여자",76,68,73,5,3,8,0.0735294117647059,0.0410958904109589,0.117647058823529,30092,30425,30273,-333,-181,-0.0109449465899753,-0.00597892511478876
"3891","2019","충북","단양군","초등학교",2019-04-01,"남자",79,84,81,-3,-2,-5,-0.0357142857142857,-0.0246913580246914,-0.0595238095238095,30092,30425,30273,-333,-181,-0.0109449465899753,-0.00597892511478876
"3892","2019","충북","증평군","초등학교",2019-04-01,"전체",370,427,425,-2,-55,-57,-0.00468384074941452,-0.129411764705882,-0.133489461358314,37378,37479,37750,-101,-372,-0.00269484244510259,-0.00985430463576159
"3893","2019","충북","증평군","초등학교",2019-04-01,"여자",181,198,199,1,-18,-17,0.00505050505050505,-0.0904522613065327,-0.0858585858585859,37378,37479,37750,-101,-372,-0.00269484244510259,-0.00985430463576159
"3894","2019","충북","증평군","초등학교",2019-04-01,"남자",189,229,226,-3,-37,-40,-0.0131004366812227,-0.163716814159292,-0.174672489082969,37378,37479,37750,-101,-372,-0.00269484244510259,-0.00985430463576159
"3895","2019","충남","천안시","초등학교",2019-04-01,"전체",7469,7086,7215,129,254,383,0.0182049110922947,0.0352044352044352,0.0540502399096811,649107,624053,637908,25054,11199,0.0401472310845393,0.0175558230967475
"3896","2019","충남","천안시","초등학교",2019-04-01,"여자",3739,3582,3633,51,106,157,0.0142378559463987,0.029176988714561,0.0438302624232272,649107,624053,637908,25054,11199,0.0401472310845393,0.0175558230967475
"3897","2019","충남","천안시","초등학교",2019-04-01,"남자",3730,3504,3582,78,148,226,0.0222602739726027,0.0413176996091569,0.0644977168949772,649107,624053,637908,25054,11199,0.0401472310845393,0.0175558230967475
"3898","2019","충남","공주시","초등학교",2019-04-01,"전체",734,767,752,-15,-18,-33,-0.0195567144719687,-0.023936170212766,-0.0430247718383312,107036,109234,107839,-2198,-803,-0.0201219400552941,-0.00744628566659557
"3899","2019","충남","공주시","초등학교",2019-04-01,"여자",343,352,339,-13,4,-9,-0.0369318181818182,0.0117994100294985,-0.0255681818181818,107036,109234,107839,-2198,-803,-0.0201219400552941,-0.00744628566659557
"3900","2019","충남","공주시","초등학교",2019-04-01,"남자",391,415,413,-2,-22,-24,-0.00481927710843374,-0.0532687651331719,-0.0578313253012048,107036,109234,107839,-2198,-803,-0.0201219400552941,-0.00744628566659557
"3901","2019","충남","보령시","초등학교",2019-04-01,"전체",734,745,752,7,-18,-11,0.00939597315436242,-0.023936170212766,-0.0147651006711409,101549,103487,102716,-1938,-1167,-0.0187269898634611,-0.0113614237314537
"3902","2019","충남","보령시","초등학교",2019-04-01,"여자",354,352,356,4,-2,2,0.0113636363636364,-0.00561797752808989,0.00568181818181818,101549,103487,102716,-1938,-1167,-0.0187269898634611,-0.0113614237314537
"3903","2019","충남","보령시","초등학교",2019-04-01,"남자",380,393,396,3,-16,-13,0.00763358778625954,-0.0404040404040404,-0.0330788804071247,101549,103487,102716,-1938,-1167,-0.0187269898634611,-0.0113614237314537
"3904","2019","충남","아산시","초등학교",2019-04-01,"전체",4140,4111,4111,0,29,29,0,0.00705424470931647,0.00705424470931647,313537,305494,311873,8043,1664,0.0263278493194629,0.0053355051575481
"3905","2019","충남","아산시","초등학교",2019-04-01,"여자",2029,1954,1967,13,62,75,0.00665301944728762,0.0315200813421454,0.0383828045035824,313537,305494,311873,8043,1664,0.0263278493194629,0.0053355051575481
"3906","2019","충남","아산시","초등학교",2019-04-01,"남자",2111,2157,2144,-13,-33,-46,-0.00602688919796013,-0.0153917910447761,-0.0213259156235512,313537,305494,311873,8043,1664,0.0263278493194629,0.0053355051575481
"3907","2019","충남","서산시","초등학교",2019-04-01,"전체",1830,1807,1794,-13,36,23,-0.00719424460431655,0.020066889632107,0.0127282789153293,174344,171102,171903,3242,2441,0.0189477621535692,0.0141998685305085
"3908","2019","충남","서산시","초등학교",2019-04-01,"여자",884,884,879,-5,5,0,-0.00565610859728507,0.00568828213879408,0,174344,171102,171903,3242,2441,0.0189477621535692,0.0141998685305085
"3909","2019","충남","서산시","초등학교",2019-04-01,"남자",946,923,915,-8,31,23,-0.00866738894907909,0.033879781420765,0.0249187432286024,174344,171102,171903,3242,2441,0.0189477621535692,0.0141998685305085
"3910","2019","충남","논산시","초등학교",2019-04-01,"전체",899,893,896,3,3,6,0.00335946248600224,0.00334821428571429,0.00671892497200448,120005,122411,121575,-2406,-1570,-0.0196550963557197,-0.0129138391939132
"3911","2019","충남","논산시","초등학교",2019-04-01,"여자",438,449,451,2,-13,-11,0.0044543429844098,-0.0288248337028825,-0.0244988864142539,120005,122411,121575,-2406,-1570,-0.0196550963557197,-0.0129138391939132
"3912","2019","충남","논산시","초등학교",2019-04-01,"남자",461,444,445,1,16,17,0.00225225225225225,0.0359550561797753,0.0382882882882883,120005,122411,121575,-2406,-1570,-0.0196550963557197,-0.0129138391939132
"3913","2019","충남","계룡시","초등학교",2019-04-01,"전체",473,507,532,25,-59,-34,0.0493096646942801,-0.110902255639098,-0.0670611439842209,43378,43931,43885,-553,-507,-0.0125879219685416,-0.0115529224108465
"3914","2019","충남","계룡시","초등학교",2019-04-01,"여자",243,241,262,21,-19,2,0.0871369294605809,-0.0725190839694656,0.00829875518672199,43378,43931,43885,-553,-507,-0.0125879219685416,-0.0115529224108465
"3915","2019","충남","계룡시","초등학교",2019-04-01,"남자",230,266,270,4,-40,-36,0.0150375939849624,-0.148148148148148,-0.135338345864662,43378,43931,43885,-553,-507,-0.0125879219685416,-0.0115529224108465
"3916","2019","충남","금산군","초등학교",2019-04-01,"전체",311,335,332,-3,-21,-24,-0.00895522388059702,-0.0632530120481928,-0.0716417910447761,52957,54250,53663,-1293,-706,-0.0238341013824885,-0.0131561783724354
"3917","2019","충남","금산군","초등학교",2019-04-01,"여자",137,148,147,-1,-10,-11,-0.00675675675675676,-0.0680272108843537,-0.0743243243243243,52957,54250,53663,-1293,-706,-0.0238341013824885,-0.0131561783724354
"3918","2019","충남","금산군","초등학교",2019-04-01,"남자",174,187,185,-2,-11,-13,-0.0106951871657754,-0.0594594594594595,-0.0695187165775401,52957,54250,53663,-1293,-706,-0.0238341013824885,-0.0131561783724354
"3919","2019","충남","부여군","초등학교",2019-04-01,"전체",370,377,381,4,-11,-7,0.0106100795755968,-0.0288713910761155,-0.0185676392572944,67524,69836,68706,-2312,-1182,-0.0331061343719572,-0.0172037376648328
"3920","2019","충남","부여군","초등학교",2019-04-01,"여자",180,176,175,-1,5,4,-0.00568181818181818,0.0285714285714286,0.0227272727272727,67524,69836,68706,-2312,-1182,-0.0331061343719572,-0.0172037376648328
"3921","2019","충남","부여군","초등학교",2019-04-01,"남자",190,201,206,5,-16,-11,0.0248756218905473,-0.0776699029126214,-0.054726368159204,67524,69836,68706,-2312,-1182,-0.0331061343719572,-0.0172037376648328
"3922","2019","충남","서천군","초등학교",2019-04-01,"전체",267,314,309,-5,-42,-47,-0.0159235668789809,-0.135922330097087,-0.14968152866242,53462,55691,54802,-2229,-1340,-0.0400244204629114,-0.0244516623480895
"3923","2019","충남","서천군","초등학교",2019-04-01,"여자",132,162,159,-3,-27,-30,-0.0185185185185185,-0.169811320754717,-0.185185185185185,53462,55691,54802,-2229,-1340,-0.0400244204629114,-0.0244516623480895
"3924","2019","충남","서천군","초등학교",2019-04-01,"남자",135,152,150,-2,-15,-17,-0.0131578947368421,-0.1,-0.111842105263158,53462,55691,54802,-2229,-1340,-0.0400244204629114,-0.0244516623480895
"3925","2019","충남","청양군","초등학교",2019-04-01,"전체",161,177,171,-6,-10,-16,-0.0338983050847458,-0.0584795321637427,-0.0903954802259887,31642,32298,32297,-656,-655,-0.0203108551613103,-0.0202805214106573
"3926","2019","충남","청양군","초등학교",2019-04-01,"여자",79,87,82,-5,-3,-8,-0.0574712643678161,-0.0365853658536585,-0.0919540229885057,31642,32298,32297,-656,-655,-0.0203108551613103,-0.0202805214106573
"3927","2019","충남","청양군","초등학교",2019-04-01,"남자",82,90,89,-1,-7,-8,-0.0111111111111111,-0.0786516853932584,-0.0888888888888889,31642,32298,32297,-656,-655,-0.0203108551613103,-0.0202805214106573
"3928","2019","충남","홍성군","초등학교",2019-04-01,"전체",940,933,968,35,-28,7,0.037513397642015,-0.0289256198347107,0.007502679528403,101037,101020,101649,17,-612,0.000168283508216195,-0.00602071835433698
"3929","2019","충남","홍성군","초등학교",2019-04-01,"여자",457,453,462,9,-5,4,0.0198675496688742,-0.0108225108225108,0.00883002207505519,101037,101020,101649,17,-612,0.000168283508216195,-0.00602071835433698
"3930","2019","충남","홍성군","초등학교",2019-04-01,"남자",483,480,506,26,-23,3,0.0541666666666667,-0.0454545454545455,0.00625,101037,101020,101649,17,-612,0.000168283508216195,-0.00602071835433698
"3931","2019","충남","예산군","초등학교",2019-04-01,"전체",483,451,460,9,23,32,0.0199556541019956,0.05,0.0709534368070953,79791,80782,80415,-991,-624,-0.0122675843628531,-0.00775974631598582
"3932","2019","충남","예산군","초등학교",2019-04-01,"여자",219,225,229,4,-10,-6,0.0177777777777778,-0.0436681222707424,-0.0266666666666667,79791,80782,80415,-991,-624,-0.0122675843628531,-0.00775974631598582
"3933","2019","충남","예산군","초등학교",2019-04-01,"남자",264,226,231,5,33,38,0.0221238938053097,0.142857142857143,0.168141592920354,79791,80782,80415,-991,-624,-0.0122675843628531,-0.00775974631598582
"3934","2019","충남","태안군","초등학교",2019-04-01,"전체",395,400,398,-2,-3,-5,-0.005,-0.00753768844221105,-0.0125,63062,63812,63895,-750,-833,-0.0117532752460352,-0.013037013850849
"3935","2019","충남","태안군","초등학교",2019-04-01,"여자",208,202,203,1,5,6,0.00495049504950495,0.0246305418719212,0.0297029702970297,63062,63812,63895,-750,-833,-0.0117532752460352,-0.013037013850849
"3936","2019","충남","태안군","초등학교",2019-04-01,"남자",187,198,195,-3,-8,-11,-0.0151515151515152,-0.041025641025641,-0.0555555555555556,63062,63812,63895,-750,-833,-0.0117532752460352,-0.013037013850849
"3937","2019","충남","당진시","초등학교",2019-04-01,"전체",1863,1860,1832,-28,31,3,-0.0150537634408602,0.0169213973799127,0.00161290322580645,167481,167062,167540,419,-59,0.00250805090325747,-0.000352154709323147
"3938","2019","충남","당진시","초등학교",2019-04-01,"여자",895,905,905,0,-10,-10,0,-0.0110497237569061,-0.0110497237569061,167481,167062,167540,419,-59,0.00250805090325747,-0.000352154709323147
"3939","2019","충남","당진시","초등학교",2019-04-01,"남자",968,955,927,-28,41,13,-0.0293193717277487,0.0442286947141316,0.0136125654450262,167481,167062,167540,419,-59,0.00250805090325747,-0.000352154709323147
"3940","2019","전북","전주시","초등학교",2019-04-01,"전체",6706,6311,6421,110,285,395,0.0174298843289495,0.0443856097181124,0.0625891300903185,653694,652031,651794,1663,1900,0.0025504922311976,0.0029150314363127
"3941","2019","전북","전주시","초등학교",2019-04-01,"여자",3273,3071,3121,50,152,202,0.0162813415825464,0.0487023389939122,0.0657766199934875,653694,652031,651794,1663,1900,0.0025504922311976,0.0029150314363127
"3942","2019","전북","전주시","초등학교",2019-04-01,"남자",3433,3240,3300,60,133,193,0.0185185185185185,0.0403030303030303,0.0595679012345679,653694,652031,651794,1663,1900,0.0025504922311976,0.0029150314363127
"3943","2019","전북","군산시","초등학교",2019-04-01,"전체",2713,2768,2760,-8,-47,-55,-0.00289017341040462,-0.0170289855072464,-0.0198699421965318,271781,276446,273882,-4665,-2101,-0.0168749050447465,-0.0076711868614951
"3944","2019","전북","군산시","초등학교",2019-04-01,"여자",1295,1349,1344,-5,-49,-54,-0.00370644922164566,-0.0364583333333333,-0.0400296515937732,271781,276446,273882,-4665,-2101,-0.0168749050447465,-0.0076711868614951
"3945","2019","전북","군산시","초등학교",2019-04-01,"남자",1418,1419,1416,-3,2,-1,-0.00211416490486258,0.00141242937853107,-0.000704721634954193,271781,276446,273882,-4665,-2101,-0.0168749050447465,-0.0076711868614951
"3946","2019","전북","익산시","초등학교",2019-04-01,"전체",2595,2647,2585,-62,10,-52,-0.0234227427276162,0.00386847195357834,-0.0196448809973555,291001,301269,297313,-10268,-6312,-0.0340824977013898,-0.0212301513892766
"3947","2019","전북","익산시","초등학교",2019-04-01,"여자",1272,1279,1263,-16,9,-7,-0.0125097732603597,0.00712589073634204,-0.00547302580140735,291001,301269,297313,-10268,-6312,-0.0340824977013898,-0.0212301513892766
"3948","2019","전북","익산시","초등학교",2019-04-01,"남자",1323,1368,1322,-46,1,-45,-0.033625730994152,0.00075642965204236,-0.0328947368421053,291001,301269,297313,-10268,-6312,-0.0340824977013898,-0.0212301513892766
"3949","2019","전북","정읍시","초등학교",2019-04-01,"전체",857,807,814,7,43,50,0.00867410161090459,0.0528255528255528,0.0619578686493185,111535,114504,113349,-2969,-1814,-0.0259292251799064,-0.0160036700809006
"3950","2019","전북","정읍시","초등학교",2019-04-01,"여자",412,394,402,8,10,18,0.0203045685279188,0.0248756218905473,0.0456852791878173,111535,114504,113349,-2969,-1814,-0.0259292251799064,-0.0160036700809006
"3951","2019","전북","정읍시","초등학교",2019-04-01,"남자",445,413,412,-1,33,32,-0.00242130750605327,0.0800970873786408,0.0774818401937046,111535,114504,113349,-2969,-1814,-0.0259292251799064,-0.0160036700809006
"3952","2019","전북","남원시","초등학교",2019-04-01,"전체",571,612,608,-4,-37,-41,-0.0065359477124183,-0.0608552631578947,-0.0669934640522876,82095,83884,82938,-1789,-843,-0.021327070716704,-0.0101642190551979
"3953","2019","전북","남원시","초등학교",2019-04-01,"여자",262,293,286,-7,-24,-31,-0.0238907849829352,-0.0839160839160839,-0.10580204778157,82095,83884,82938,-1789,-843,-0.021327070716704,-0.0101642190551979
"3954","2019","전북","남원시","초등학교",2019-04-01,"남자",309,319,322,3,-13,-10,0.00940438871473354,-0.0403726708074534,-0.0313479623824451,82095,83884,82938,-1789,-843,-0.021327070716704,-0.0101642190551979
"3955","2019","전북","김제시","초등학교",2019-04-01,"전체",608,581,567,-14,41,27,-0.0240963855421687,0.072310405643739,0.0464716006884682,84734,87453,86421,-2719,-1687,-0.0310909860153454,-0.019520718343921
"3956","2019","전북","김제시","초등학교",2019-04-01,"여자",283,246,238,-8,45,37,-0.032520325203252,0.189075630252101,0.150406504065041,84734,87453,86421,-2719,-1687,-0.0310909860153454,-0.019520718343921
"3957","2019","전북","김제시","초등학교",2019-04-01,"남자",325,335,329,-6,-4,-10,-0.017910447761194,-0.0121580547112462,-0.0298507462686567,84734,87453,86421,-2719,-1687,-0.0310909860153454,-0.019520718343921
"3958","2019","전북","완주군","초등학교",2019-04-01,"전체",824,1046,994,-52,-170,-222,-0.0497131931166348,-0.17102615694165,-0.212237093690249,93382,95838,95236,-2456,-1854,-0.0256265781840189,-0.0194674282834222
"3959","2019","전북","완주군","초등학교",2019-04-01,"여자",381,504,474,-30,-93,-123,-0.0595238095238095,-0.19620253164557,-0.244047619047619,93382,95838,95236,-2456,-1854,-0.0256265781840189,-0.0194674282834222
"3960","2019","전북","완주군","초등학교",2019-04-01,"남자",443,542,520,-22,-77,-99,-0.040590405904059,-0.148076923076923,-0.182656826568266,93382,95838,95236,-2456,-1854,-0.0256265781840189,-0.0194674282834222
"3961","2019","전북","진안군","초등학교",2019-04-01,"전체",148,174,170,-4,-22,-26,-0.0229885057471264,-0.129411764705882,-0.149425287356322,25871,26058,26239,-187,-368,-0.00717629902525136,-0.0140249247303632
"3962","2019","전북","진안군","초등학교",2019-04-01,"여자",81,95,92,-3,-11,-14,-0.0315789473684211,-0.119565217391304,-0.147368421052632,25871,26058,26239,-187,-368,-0.00717629902525136,-0.0140249247303632
"3963","2019","전북","진안군","초등학교",2019-04-01,"남자",67,79,78,-1,-11,-12,-0.0126582278481013,-0.141025641025641,-0.151898734177215,25871,26058,26239,-187,-368,-0.00717629902525136,-0.0140249247303632
"3964","2019","전북","무주군","초등학교",2019-04-01,"전체",155,162,162,0,-7,-7,0,-0.0432098765432099,-0.0432098765432099,24432,24883,24716,-451,-284,-0.0181248241771491,-0.0114905324486163
"3965","2019","전북","무주군","초등학교",2019-04-01,"여자",76,74,77,3,-1,2,0.0405405405405405,-0.012987012987013,0.027027027027027,24432,24883,24716,-451,-284,-0.0181248241771491,-0.0114905324486163
"3966","2019","전북","무주군","초등학교",2019-04-01,"남자",79,88,85,-3,-6,-9,-0.0340909090909091,-0.0705882352941176,-0.102272727272727,24432,24883,24716,-451,-284,-0.0181248241771491,-0.0114905324486163
"3967","2019","전북","장수군","초등학교",2019-04-01,"전체",150,176,173,-3,-23,-26,-0.0170454545454545,-0.132947976878613,-0.147727272727273,22809,23257,22951,-448,-142,-0.0192630175861031,-0.00618709424425951
"3968","2019","전북","장수군","초등학교",2019-04-01,"여자",74,82,83,1,-9,-8,0.0121951219512195,-0.108433734939759,-0.0975609756097561,22809,23257,22951,-448,-142,-0.0192630175861031,-0.00618709424425951
"3969","2019","전북","장수군","초등학교",2019-04-01,"남자",76,94,90,-4,-14,-18,-0.0425531914893617,-0.155555555555556,-0.191489361702128,22809,23257,22951,-448,-142,-0.0192630175861031,-0.00618709424425951
"3970","2019","전북","임실군","초등학교",2019-04-01,"전체",144,178,167,-11,-23,-34,-0.0617977528089888,-0.137724550898204,-0.191011235955056,28606,29440,29239,-834,-633,-0.0283288043478261,-0.0216491672081809
"3971","2019","전북","임실군","초등학교",2019-04-01,"여자",75,85,91,6,-16,-10,0.0705882352941176,-0.175824175824176,-0.117647058823529,28606,29440,29239,-834,-633,-0.0283288043478261,-0.0216491672081809
"3972","2019","전북","임실군","초등학교",2019-04-01,"남자",69,93,76,-17,-7,-24,-0.182795698924731,-0.0921052631578947,-0.258064516129032,28606,29440,29239,-834,-633,-0.0283288043478261,-0.0216491672081809
"3973","2019","전북","순창군","초등학교",2019-04-01,"전체",155,194,195,1,-40,-39,0.00515463917525773,-0.205128205128205,-0.201030927835052,28896,29411,29440,-515,-544,-0.0175104552718371,-0.0184782608695652
"3974","2019","전북","순창군","초등학교",2019-04-01,"여자",66,84,84,0,-18,-18,0,-0.214285714285714,-0.214285714285714,28896,29411,29440,-515,-544,-0.0175104552718371,-0.0184782608695652
"3975","2019","전북","순창군","초등학교",2019-04-01,"남자",89,110,111,1,-22,-21,0.00909090909090909,-0.198198198198198,-0.190909090909091,28896,29411,29440,-515,-544,-0.0175104552718371,-0.0184782608695652
"3976","2019","전북","고창군","초등학교",2019-04-01,"전체",325,331,331,0,-6,-6,0,-0.0181268882175227,-0.0181268882175227,56407,58735,58008,-2328,-1601,-0.0396356516557419,-0.0275996414287684
"3977","2019","전북","고창군","초등학교",2019-04-01,"여자",153,157,157,0,-4,-4,0,-0.0254777070063694,-0.0254777070063694,56407,58735,58008,-2328,-1601,-0.0396356516557419,-0.0275996414287684
"3978","2019","전북","고창군","초등학교",2019-04-01,"남자",172,174,174,0,-2,-2,0,-0.0114942528735632,-0.0114942528735632,56407,58735,58008,-2328,-1601,-0.0396356516557419,-0.0275996414287684
"3979","2019","전북","부안군","초등학교",2019-04-01,"전체",305,331,329,-2,-24,-26,-0.00604229607250755,-0.0729483282674772,-0.0785498489425982,54030,56494,55563,-2464,-1533,-0.0436152511771162,-0.0275903028994115
"3980","2019","전북","부안군","초등학교",2019-04-01,"여자",139,154,151,-3,-12,-15,-0.0194805194805195,-0.0794701986754967,-0.0974025974025974,54030,56494,55563,-2464,-1533,-0.0436152511771162,-0.0275903028994115
"3981","2019","전북","부안군","초등학교",2019-04-01,"남자",166,177,178,1,-12,-11,0.00564971751412429,-0.0674157303370786,-0.0621468926553672,54030,56494,55563,-2464,-1533,-0.0436152511771162,-0.0275903028994115
"3982","2019","전남","목포시","초등학교",2019-04-01,"전체",2768,2492,2514,22,254,276,0.00882825040128411,0.101034208432776,0.110754414125201,230930,236293,233339,-5363,-2409,-0.0226963981158985,-0.0103240349877217
"3983","2019","전남","목포시","초등학교",2019-04-01,"여자",1373,1224,1220,-4,153,149,-0.00326797385620915,0.125409836065574,0.121732026143791,230930,236293,233339,-5363,-2409,-0.0226963981158985,-0.0103240349877217
"3984","2019","전남","목포시","초등학교",2019-04-01,"남자",1395,1268,1294,26,101,127,0.0205047318611987,0.0780525502318393,0.100157728706625,230930,236293,233339,-5363,-2409,-0.0226963981158985,-0.0103240349877217
"3985","2019","전남","여수시","초등학교",2019-04-01,"전체",2483,2454,2456,2,27,29,0.000814995925020375,0.0109934853420195,0.0118174409127954,282946,287969,285447,-5023,-2501,-0.0174428497511885,-0.00876169656713856
"3986","2019","전남","여수시","초등학교",2019-04-01,"여자",1273,1228,1244,16,29,45,0.0130293159609121,0.0233118971061093,0.0366449511400651,282946,287969,285447,-5023,-2501,-0.0174428497511885,-0.00876169656713856
"3987","2019","전남","여수시","초등학교",2019-04-01,"남자",1210,1226,1212,-14,-2,-16,-0.0114192495921697,-0.00165016501650165,-0.0130505709624796,282946,287969,285447,-5023,-2501,-0.0174428497511885,-0.00876169656713856
"3988","2019","전남","순천시","초등학교",2019-04-01,"전체",2853,2684,2695,11,158,169,0.00409836065573771,0.0586270871985158,0.0629657228017884,280361,280189,280181,172,180,0.000613871351123706,0.000642441850089763
"3989","2019","전남","순천시","초등학교",2019-04-01,"여자",1388,1346,1337,-9,51,42,-0.00668647845468053,0.0381451009723261,0.0312035661218425,280361,280189,280181,172,180,0.000613871351123706,0.000642441850089763
"3990","2019","전남","순천시","초등학교",2019-04-01,"남자",1465,1338,1358,20,107,127,0.0149476831091181,0.0787923416789396,0.0949177877428999,280361,280189,280181,172,180,0.000613871351123706,0.000642441850089763
"3991","2019","전남","나주시","초등학교",2019-04-01,"전체",1147,1113,1147,34,0,34,0.0305480682839173,0,0.0305480682839173,114815,107348,111667,7467,3148,0.0695588180497075,0.0281909606239981
"3992","2019","전남","나주시","초등학교",2019-04-01,"여자",562,543,560,17,2,19,0.0313075506445672,0.00357142857142857,0.0349907918968692,114815,107348,111667,7467,3148,0.0695588180497075,0.0281909606239981
"3993","2019","전남","나주시","초등학교",2019-04-01,"남자",585,570,587,17,-2,15,0.0298245614035088,-0.00340715502555366,0.0263157894736842,114815,107348,111667,7467,3148,0.0695588180497075,0.0281909606239981
"3994","2019","전남","광양시","초등학교",2019-04-01,"전체",1650,1703,1692,-11,-42,-53,-0.00645918966529654,-0.024822695035461,-0.0311215502055197,152104,152798,152888,-694,-784,-0.00454194426628621,-0.00512793679033018
"3995","2019","전남","광양시","초등학교",2019-04-01,"여자",813,827,830,3,-17,-14,0.00362756952841596,-0.0204819277108434,-0.0169286577992745,152104,152798,152888,-694,-784,-0.00454194426628621,-0.00512793679033018
"3996","2019","전남","광양시","초등학교",2019-04-01,"남자",837,876,862,-14,-25,-39,-0.0159817351598174,-0.0290023201856148,-0.0445205479452055,152104,152798,152888,-694,-784,-0.00454194426628621,-0.00512793679033018
"3997","2019","전남","담양군","초등학교",2019-04-01,"전체",246,288,276,-12,-30,-42,-0.0416666666666667,-0.108695652173913,-0.145833333333333,46603,47282,47234,-679,-631,-0.0143606446427816,-0.0133590210441631
"3998","2019","전남","담양군","초등학교",2019-04-01,"여자",118,148,147,-1,-29,-30,-0.00675675675675676,-0.197278911564626,-0.202702702702703,46603,47282,47234,-679,-631,-0.0143606446427816,-0.0133590210441631
"3999","2019","전남","담양군","초등학교",2019-04-01,"남자",128,140,129,-11,-1,-12,-0.0785714285714286,-0.00775193798449612,-0.0857142857142857,46603,47282,47234,-679,-631,-0.0143606446427816,-0.0133590210441631
"4000","2019","전남","곡성군","초등학교",2019-04-01,"전체",129,148,137,-11,-8,-19,-0.0743243243243243,-0.0583941605839416,-0.128378378378378,29530,30461,30206,-931,-676,-0.0305636715800532,-0.0223796596702642
"4001","2019","전남","곡성군","초등학교",2019-04-01,"여자",59,64,60,-4,-1,-5,-0.0625,-0.0166666666666667,-0.078125,29530,30461,30206,-931,-676,-0.0305636715800532,-0.0223796596702642
"4002","2019","전남","곡성군","초등학교",2019-04-01,"남자",70,84,77,-7,-7,-14,-0.0833333333333333,-0.0909090909090909,-0.166666666666667,29530,30461,30206,-931,-676,-0.0305636715800532,-0.0223796596702642
"4003","2019","전남","구례군","초등학교",2019-04-01,"전체",136,165,155,-10,-19,-29,-0.0606060606060606,-0.12258064516129,-0.175757575757576,26474,27064,27024,-590,-550,-0.0218001773573751,-0.020352279455299
"4004","2019","전남","구례군","초등학교",2019-04-01,"여자",77,87,87,0,-10,-10,0,-0.114942528735632,-0.114942528735632,26474,27064,27024,-590,-550,-0.0218001773573751,-0.020352279455299
"4005","2019","전남","구례군","초등학교",2019-04-01,"남자",59,78,68,-10,-9,-19,-0.128205128205128,-0.132352941176471,-0.243589743589744,26474,27064,27024,-590,-550,-0.0218001773573751,-0.020352279455299
"4006","2019","전남","고흥군","초등학교",2019-04-01,"전체",310,320,319,-1,-9,-10,-0.003125,-0.0282131661442006,-0.03125,65570,67355,66380,-1785,-810,-0.0265013733204662,-0.0122024706236818
"4007","2019","전남","고흥군","초등학교",2019-04-01,"여자",162,164,166,2,-4,-2,0.0121951219512195,-0.0240963855421687,-0.0121951219512195,65570,67355,66380,-1785,-810,-0.0265013733204662,-0.0122024706236818
"4008","2019","전남","고흥군","초등학교",2019-04-01,"남자",148,156,153,-3,-5,-8,-0.0192307692307692,-0.0326797385620915,-0.0512820512820513,65570,67355,66380,-1785,-810,-0.0265013733204662,-0.0122024706236818
"4009","2019","전남","보성군","초등학교",2019-04-01,"전체",203,264,243,-21,-40,-61,-0.0795454545454545,-0.164609053497942,-0.231060606060606,42262,44170,43615,-1908,-1353,-0.0431967398686892,-0.0310214375788146
"4010","2019","전남","보성군","초등학교",2019-04-01,"여자",92,118,103,-15,-11,-26,-0.127118644067797,-0.106796116504854,-0.220338983050847,42262,44170,43615,-1908,-1353,-0.0431967398686892,-0.0310214375788146
"4011","2019","전남","보성군","초등학교",2019-04-01,"남자",111,146,140,-6,-29,-35,-0.0410958904109589,-0.207142857142857,-0.23972602739726,42262,44170,43615,-1908,-1353,-0.0431967398686892,-0.0310214375788146
"4012","2019","전남","화순군","초등학교",2019-04-01,"전체",450,437,435,-2,15,13,-0.0045766590389016,0.0344827586206897,0.0297482837528604,63499,65139,64492,-1640,-993,-0.0251769293357282,-0.0153972585747069
"4013","2019","전남","화순군","초등학교",2019-04-01,"여자",224,215,208,-7,16,9,-0.0325581395348837,0.0769230769230769,0.0418604651162791,63499,65139,64492,-1640,-993,-0.0251769293357282,-0.0153972585747069
"4014","2019","전남","화순군","초등학교",2019-04-01,"남자",226,222,227,5,-1,4,0.0225225225225225,-0.00440528634361234,0.018018018018018,63499,65139,64492,-1640,-993,-0.0251769293357282,-0.0153972585747069
"4015","2019","전남","장흥군","초등학교",2019-04-01,"전체",245,248,245,-3,0,-3,-0.0120967741935484,0,-0.0120967741935484,38967,40063,39848,-1096,-881,-0.027356912862242,-0.0221090142541658
"4016","2019","전남","장흥군","초등학교",2019-04-01,"여자",118,134,131,-3,-13,-16,-0.0223880597014925,-0.099236641221374,-0.119402985074627,38967,40063,39848,-1096,-881,-0.027356912862242,-0.0221090142541658
"4017","2019","전남","장흥군","초등학교",2019-04-01,"남자",127,114,114,0,13,13,0,0.114035087719298,0.114035087719298,38967,40063,39848,-1096,-881,-0.027356912862242,-0.0221090142541658
"4018","2019","전남","강진군","초등학교",2019-04-01,"전체",192,250,228,-22,-36,-58,-0.088,-0.157894736842105,-0.232,35755,37398,36699,-1643,-944,-0.0439328306326542,-0.0257227717376495
"4019","2019","전남","강진군","초등학교",2019-04-01,"여자",94,117,107,-10,-13,-23,-0.0854700854700855,-0.121495327102804,-0.196581196581197,35755,37398,36699,-1643,-944,-0.0439328306326542,-0.0257227717376495
"4020","2019","전남","강진군","초등학교",2019-04-01,"남자",98,133,121,-12,-23,-35,-0.0902255639097744,-0.190082644628099,-0.263157894736842,35755,37398,36699,-1643,-944,-0.0439328306326542,-0.0257227717376495
"4021","2019","전남","해남군","초등학교",2019-04-01,"전체",464,528,504,-24,-40,-64,-0.0454545454545455,-0.0793650793650794,-0.121212121212121,71214,74454,72906,-3240,-1692,-0.0435168023208961,-0.0232079664225167
"4022","2019","전남","해남군","초등학교",2019-04-01,"여자",248,282,272,-10,-24,-34,-0.0354609929078014,-0.0882352941176471,-0.120567375886525,71214,74454,72906,-3240,-1692,-0.0435168023208961,-0.0232079664225167
"4023","2019","전남","해남군","초등학교",2019-04-01,"남자",216,246,232,-14,-16,-30,-0.0569105691056911,-0.0689655172413793,-0.121951219512195,71214,74454,72906,-3240,-1692,-0.0435168023208961,-0.0232079664225167
"4024","2019","전남","영암군","초등학교",2019-04-01,"전체",412,491,464,-27,-52,-79,-0.054989816700611,-0.112068965517241,-0.160896130346232,54287,56462,55308,-2175,-1021,-0.0385214834756119,-0.0184602589137195
"4025","2019","전남","영암군","초등학교",2019-04-01,"여자",200,236,230,-6,-30,-36,-0.0254237288135593,-0.130434782608696,-0.152542372881356,54287,56462,55308,-2175,-1021,-0.0385214834756119,-0.0184602589137195
"4026","2019","전남","영암군","초등학교",2019-04-01,"남자",212,255,234,-21,-22,-43,-0.0823529411764706,-0.094017094017094,-0.168627450980392,54287,56462,55308,-2175,-1021,-0.0385214834756119,-0.0184602589137195
"4027","2019","전남","무안군","초등학교",2019-04-01,"전체",827,906,924,18,-97,-79,0.0198675496688742,-0.104978354978355,-0.08719646799117,81808,82409,82498,-601,-690,-0.00729289276656676,-0.00836383912337269
"4028","2019","전남","무안군","초등학교",2019-04-01,"여자",392,437,458,21,-66,-45,0.0480549199084668,-0.14410480349345,-0.102974828375286,81808,82409,82498,-601,-690,-0.00729289276656676,-0.00836383912337269
"4029","2019","전남","무안군","초등학교",2019-04-01,"남자",435,469,466,-3,-31,-34,-0.00639658848614072,-0.0665236051502146,-0.0724946695095949,81808,82409,82498,-601,-690,-0.00729289276656676,-0.00836383912337269
"4030","2019","전남","함평군","초등학교",2019-04-01,"전체",162,207,207,0,-45,-45,0,-0.217391304347826,-0.217391304347826,33107,34469,34128,-1362,-1021,-0.0395137659926311,-0.0299167838724801
"4031","2019","전남","함평군","초등학교",2019-04-01,"여자",75,90,89,-1,-14,-15,-0.0111111111111111,-0.157303370786517,-0.166666666666667,33107,34469,34128,-1362,-1021,-0.0395137659926311,-0.0299167838724801
"4032","2019","전남","함평군","초등학교",2019-04-01,"남자",87,117,118,1,-31,-30,0.00854700854700855,-0.26271186440678,-0.256410256410256,33107,34469,34128,-1362,-1021,-0.0395137659926311,-0.0299167838724801
"4033","2019","전남","영광군","초등학교",2019-04-01,"전체",380,435,420,-15,-40,-55,-0.0344827586206897,-0.0952380952380952,-0.126436781609195,54040,55265,54747,-1225,-707,-0.0221659278024066,-0.0129139496228104
"4034","2019","전남","영광군","초등학교",2019-04-01,"여자",183,219,210,-9,-27,-36,-0.0410958904109589,-0.128571428571429,-0.164383561643836,54040,55265,54747,-1225,-707,-0.0221659278024066,-0.0129139496228104
"4035","2019","전남","영광군","초등학교",2019-04-01,"남자",197,216,210,-6,-13,-19,-0.0277777777777778,-0.0619047619047619,-0.087962962962963,54040,55265,54747,-1225,-707,-0.0221659278024066,-0.0129139496228104
"4036","2019","전남","장성군","초등학교",2019-04-01,"전체",321,329,319,-10,2,-8,-0.0303951367781155,0.00626959247648903,-0.0243161094224924,45631,45907,46155,-276,-524,-0.00601215500904002,-0.0113530495070957
"4037","2019","전남","장성군","초등학교",2019-04-01,"여자",164,172,165,-7,-1,-8,-0.0406976744186047,-0.00606060606060606,-0.0465116279069767,45631,45907,46155,-276,-524,-0.00601215500904002,-0.0113530495070957
"4038","2019","전남","장성군","초등학교",2019-04-01,"남자",157,157,154,-3,3,0,-0.0191082802547771,0.0194805194805195,0,45631,45907,46155,-276,-524,-0.00601215500904002,-0.0113530495070957
"4039","2019","전남","완도군","초등학교",2019-04-01,"전체",392,394,388,-6,4,-2,-0.0152284263959391,0.0103092783505155,-0.0050761421319797,51213,52521,51967,-1308,-754,-0.0249043239846918,-0.0145092077664672
"4040","2019","전남","완도군","초등학교",2019-04-01,"여자",199,196,192,-4,7,3,-0.0204081632653061,0.0364583333333333,0.0153061224489796,51213,52521,51967,-1308,-754,-0.0249043239846918,-0.0145092077664672
"4041","2019","전남","완도군","초등학교",2019-04-01,"남자",193,198,196,-2,-3,-5,-0.0101010101010101,-0.0153061224489796,-0.0252525252525253,51213,52521,51967,-1308,-754,-0.0249043239846918,-0.0145092077664672
"4042","2019","전남","진도군","초등학교",2019-04-01,"전체",199,227,227,0,-28,-28,0,-0.123348017621145,-0.123348017621145,31032,32015,31637,-983,-605,-0.0307043573325004,-0.0191231785567532
"4043","2019","전남","진도군","초등학교",2019-04-01,"여자",94,100,99,-1,-5,-6,-0.01,-0.0505050505050505,-0.06,31032,32015,31637,-983,-605,-0.0307043573325004,-0.0191231785567532
"4044","2019","전남","진도군","초등학교",2019-04-01,"남자",105,127,128,1,-23,-22,0.0078740157480315,-0.1796875,-0.173228346456693,31032,32015,31637,-983,-605,-0.0307043573325004,-0.0191231785567532
"4045","2019","전남","신안군","초등학교",2019-04-01,"전체",178,239,228,-11,-50,-61,-0.0460251046025105,-0.219298245614035,-0.255230125523013,41035,42573,42046,-1538,-1011,-0.0361261832616917,-0.0240450934690577
"4046","2019","전남","신안군","초등학교",2019-04-01,"여자",91,127,115,-12,-24,-36,-0.094488188976378,-0.208695652173913,-0.283464566929134,41035,42573,42046,-1538,-1011,-0.0361261832616917,-0.0240450934690577
"4047","2019","전남","신안군","초등학교",2019-04-01,"남자",87,112,113,1,-26,-25,0.00892857142857143,-0.230088495575221,-0.223214285714286,41035,42573,42046,-1538,-1011,-0.0361261832616917,-0.0240450934690577
"4048","2019","경북","포항시","초등학교",2019-04-01,"전체",4870,4917,4898,-19,-28,-47,-0.00386414480374212,-0.00571661902817477,-0.00955867398820419,509064,515255,511519,-6191,-2455,-0.0120154098456104,-0.0047994307151836
"4049","2019","경북","포항시","초등학교",2019-04-01,"여자",2309,2322,2323,1,-14,-13,0.000430663221360896,-0.00602668962548429,-0.00559862187769164,509064,515255,511519,-6191,-2455,-0.0120154098456104,-0.0047994307151836
"4050","2019","경북","포항시","초등학교",2019-04-01,"남자",2561,2595,2575,-20,-14,-34,-0.00770712909441233,-0.0054368932038835,-0.013102119460501,509064,515255,511519,-6191,-2455,-0.0120154098456104,-0.0047994307151836
"4051","2019","경북","경주시","초등학교",2019-04-01,"전체",1969,1905,1911,6,58,64,0.0031496062992126,0.0303506017791732,0.0335958005249344,256426,258330,256997,-1904,-571,-0.00737041768280881,-0.0022218158188617
"4052","2019","경북","경주시","초등학교",2019-04-01,"여자",965,934,945,11,20,31,0.0117773019271949,0.0211640211640212,0.0331905781584582,256426,258330,256997,-1904,-571,-0.00737041768280881,-0.0022218158188617
"4053","2019","경북","경주시","초등학교",2019-04-01,"남자",1004,971,966,-5,38,33,-0.00514933058702369,0.0393374741200828,0.0339855818743563,256426,258330,256997,-1904,-571,-0.00737041768280881,-0.0022218158188617
"4054","2019","경북","김천시","초등학교",2019-04-01,"전체",1227,1247,1237,-10,-10,-20,-0.00801924619085806,-0.00808407437348424,-0.0160384923817161,141397,143041,142209,-1644,-812,-0.0114932082409938,-0.00570990584280882
"4055","2019","경북","김천시","초등학교",2019-04-01,"여자",596,612,604,-8,-8,-16,-0.0130718954248366,-0.0132450331125828,-0.0261437908496732,141397,143041,142209,-1644,-812,-0.0114932082409938,-0.00570990584280882
"4056","2019","경북","김천시","초등학교",2019-04-01,"남자",631,635,633,-2,-2,-4,-0.0031496062992126,-0.00315955766192733,-0.0062992125984252,141397,143041,142209,-1644,-812,-0.0114932082409938,-0.00570990584280882
"4057","2019","경북","안동시","초등학교",2019-04-01,"전체",1420,1431,1347,-84,73,-11,-0.0587002096436059,0.0541945063103192,-0.0076869322152341,160737,167521,163311,-6784,-2574,-0.0404964153747888,-0.0157613387953047
"4058","2019","경북","안동시","초등학교",2019-04-01,"여자",669,659,627,-32,42,10,-0.0485584218512898,0.0669856459330144,0.0151745068285281,160737,167521,163311,-6784,-2574,-0.0404964153747888,-0.0157613387953047
"4059","2019","경북","안동시","초등학교",2019-04-01,"남자",751,772,720,-52,31,-21,-0.0673575129533679,0.0430555555555556,-0.0272020725388601,160737,167521,163311,-6784,-2574,-0.0404964153747888,-0.0157613387953047
"4060","2019","경북","구미시","초등학교",2019-04-01,"전체",5158,4942,4991,49,167,216,0.00991501416430595,0.0334602284111401,0.0437070012140834,420294,419455,422287,839,-1993,0.0020002145641368,-0.00471953908124096
"4061","2019","경북","구미시","초등학교",2019-04-01,"여자",2498,2373,2397,24,101,125,0.0101137800252845,0.0421360033375052,0.0526759376316898,420294,419455,422287,839,-1993,0.0020002145641368,-0.00471953908124096
"4062","2019","경북","구미시","초등학교",2019-04-01,"남자",2660,2569,2594,25,66,91,0.00973141300116777,0.0254433307632999,0.0354223433242507,420294,419455,422287,839,-1993,0.0020002145641368,-0.00471953908124096
"4063","2019","경북","영주시","초등학교",2019-04-01,"전체",843,800,802,2,41,43,0.0025,0.0511221945137157,0.05375,106100,109248,107784,-3148,-1684,-0.028815172817809,-0.0156238402731389
"4064","2019","경북","영주시","초등학교",2019-04-01,"여자",406,384,384,0,22,22,0,0.0572916666666667,0.0572916666666667,106100,109248,107784,-3148,-1684,-0.028815172817809,-0.0156238402731389
"4065","2019","경북","영주시","초등학교",2019-04-01,"남자",437,416,418,2,19,21,0.00480769230769231,0.0454545454545455,0.0504807692307692,106100,109248,107784,-3148,-1684,-0.028815172817809,-0.0156238402731389
"4066","2019","경북","영천시","초등학교",2019-04-01,"전체",609,644,641,-3,-32,-35,-0.0046583850931677,-0.0499219968798752,-0.0543478260869565,101360,100314,100421,1046,939,0.010427258408597,0.00935063383156909
"4067","2019","경북","영천시","초등학교",2019-04-01,"여자",319,339,333,-6,-14,-20,-0.0176991150442478,-0.042042042042042,-0.0589970501474926,101360,100314,100421,1046,939,0.010427258408597,0.00935063383156909
"4068","2019","경북","영천시","초등학교",2019-04-01,"남자",290,305,308,3,-18,-15,0.00983606557377049,-0.0584415584415584,-0.0491803278688525,101360,100314,100421,1046,939,0.010427258408597,0.00935063383156909
"4069","2019","경북","상주시","초등학교",2019-04-01,"전체",605,628,630,2,-25,-23,0.00318471337579618,-0.0396825396825397,-0.036624203821656,100051,101487,100448,-1436,-397,-0.0141495955146965,-0.00395229372411596
"4070","2019","경북","상주시","초등학교",2019-04-01,"여자",285,294,294,0,-9,-9,0,-0.0306122448979592,-0.0306122448979592,100051,101487,100448,-1436,-397,-0.0141495955146965,-0.00395229372411596
"4071","2019","경북","상주시","초등학교",2019-04-01,"남자",320,334,336,2,-16,-14,0.00598802395209581,-0.0476190476190476,-0.0419161676646707,100051,101487,100448,-1436,-397,-0.0141495955146965,-0.00395229372411596
"4072","2019","경북","문경시","초등학교",2019-04-01,"전체",488,533,510,-23,-22,-45,-0.0431519699812383,-0.0431372549019608,-0.0844277673545966,71939,74244,72824,-2305,-885,-0.0310462798340607,-0.0121525870592112
"4073","2019","경북","문경시","초등학교",2019-04-01,"여자",232,247,237,-10,-5,-15,-0.0404858299595142,-0.0210970464135021,-0.0607287449392713,71939,74244,72824,-2305,-885,-0.0310462798340607,-0.0121525870592112
"4074","2019","경북","문경시","초등학교",2019-04-01,"남자",256,286,273,-13,-17,-30,-0.0454545454545455,-0.0622710622710623,-0.104895104895105,71939,74244,72824,-2305,-885,-0.0310462798340607,-0.0121525870592112
"4075","2019","경북","경산시","초등학교",2019-04-01,"전체",2433,2462,2455,-7,-22,-29,-0.00284321689683184,-0.00896130346232179,-0.0117790414297319,261087,257735,258824,3352,2263,0.0130056065338429,0.00874339319383056
"4076","2019","경북","경산시","초등학교",2019-04-01,"여자",1189,1230,1217,-13,-28,-41,-0.0105691056910569,-0.0230073952341824,-0.0333333333333333,261087,257735,258824,3352,2263,0.0130056065338429,0.00874339319383056
"4077","2019","경북","경산시","초등학교",2019-04-01,"남자",1244,1232,1238,6,6,12,0.00487012987012987,0.00484652665589661,0.00974025974025974,261087,257735,258824,3352,2263,0.0130056065338429,0.00874339319383056
"4078","2019","경북","군위군","초등학교",2019-04-01,"전체",89,93,91,-2,-2,-4,-0.021505376344086,-0.021978021978022,-0.043010752688172,23699,24360,24340,-661,-641,-0.0271346469622332,-0.0263352506162695
"4079","2019","경북","군위군","초등학교",2019-04-01,"여자",39,43,40,-3,-1,-4,-0.0697674418604651,-0.025,-0.0930232558139535,23699,24360,24340,-661,-641,-0.0271346469622332,-0.0263352506162695
"4080","2019","경북","군위군","초등학교",2019-04-01,"남자",50,50,51,1,-1,0,0.02,-0.0196078431372549,0,23699,24360,24340,-661,-641,-0.0271346469622332,-0.0263352506162695
"4081","2019","경북","의성군","초등학교",2019-04-01,"전체",178,189,182,-7,-4,-11,-0.037037037037037,-0.021978021978022,-0.0582010582010582,52679,53936,53316,-1257,-637,-0.0233053989913972,-0.0119476329807187
"4082","2019","경북","의성군","초등학교",2019-04-01,"여자",88,98,93,-5,-5,-10,-0.0510204081632653,-0.0537634408602151,-0.102040816326531,52679,53936,53316,-1257,-637,-0.0233053989913972,-0.0119476329807187
"4083","2019","경북","의성군","초등학교",2019-04-01,"남자",90,91,89,-2,1,-1,-0.021978021978022,0.0112359550561798,-0.010989010989011,52679,53936,53316,-1257,-637,-0.0233053989913972,-0.0119476329807187
"4084","2019","경북","청송군","초등학교",2019-04-01,"전체",116,133,131,-2,-15,-17,-0.0150375939849624,-0.114503816793893,-0.12781954887218,25643,26225,25924,-582,-281,-0.0221925643469971,-0.0108393766394075
"4085","2019","경북","청송군","초등학교",2019-04-01,"여자",57,64,61,-3,-4,-7,-0.046875,-0.0655737704918033,-0.109375,25643,26225,25924,-582,-281,-0.0221925643469971,-0.0108393766394075
"4086","2019","경북","청송군","초등학교",2019-04-01,"남자",59,69,70,1,-11,-10,0.0144927536231884,-0.157142857142857,-0.144927536231884,25643,26225,25924,-582,-281,-0.0221925643469971,-0.0108393766394075
"4087","2019","경북","영양군","초등학교",2019-04-01,"전체",69,89,83,-6,-14,-20,-0.0674157303370786,-0.168674698795181,-0.224719101123595,17193,17642,17443,-449,-250,-0.025450629180365,-0.0143323969500659
"4088","2019","경북","영양군","초등학교",2019-04-01,"여자",28,41,39,-2,-11,-13,-0.0487804878048781,-0.282051282051282,-0.317073170731707,17193,17642,17443,-449,-250,-0.025450629180365,-0.0143323969500659
"4089","2019","경북","영양군","초등학교",2019-04-01,"남자",41,48,44,-4,-3,-7,-0.0833333333333333,-0.0681818181818182,-0.145833333333333,17193,17642,17443,-449,-250,-0.025450629180365,-0.0143323969500659
"4090","2019","경북","영덕군","초등학교",2019-04-01,"전체",173,205,210,5,-37,-32,0.024390243902439,-0.176190476190476,-0.15609756097561,37837,38906,38469,-1069,-632,-0.0274764817765897,-0.0164288128103148
"4091","2019","경북","영덕군","초등학교",2019-04-01,"여자",87,98,99,1,-12,-11,0.0102040816326531,-0.121212121212121,-0.112244897959184,37837,38906,38469,-1069,-632,-0.0274764817765897,-0.0164288128103148
"4092","2019","경북","영덕군","초등학교",2019-04-01,"남자",86,107,111,4,-25,-21,0.0373831775700935,-0.225225225225225,-0.196261682242991,37837,38906,38469,-1069,-632,-0.0274764817765897,-0.0164288128103148
"4093","2019","경북","청도군","초등학교",2019-04-01,"전체",183,190,185,-5,-2,-7,-0.0263157894736842,-0.0108108108108108,-0.0368421052631579,43087,43490,43231,-403,-144,-0.00926649804552771,-0.00333094307325762
"4094","2019","경북","청도군","초등학교",2019-04-01,"여자",86,84,83,-1,3,2,-0.0119047619047619,0.036144578313253,0.0238095238095238,43087,43490,43231,-403,-144,-0.00926649804552771,-0.00333094307325762
"4095","2019","경북","청도군","초등학교",2019-04-01,"남자",97,106,102,-4,-5,-9,-0.0377358490566038,-0.0490196078431373,-0.0849056603773585,43087,43490,43231,-403,-144,-0.00926649804552771,-0.00333094307325762
"4096","2019","경북","고령군","초등학교",2019-04-01,"전체",188,227,211,-16,-23,-39,-0.0704845814977974,-0.109004739336493,-0.171806167400881,32774,34004,33481,-1230,-707,-0.0361722150335255,-0.0211164541083002
"4097","2019","경북","고령군","초등학교",2019-04-01,"여자",87,123,114,-9,-27,-36,-0.0731707317073171,-0.236842105263158,-0.292682926829268,32774,34004,33481,-1230,-707,-0.0361722150335255,-0.0211164541083002
"4098","2019","경북","고령군","초등학교",2019-04-01,"남자",101,104,97,-7,4,-3,-0.0673076923076923,0.0412371134020619,-0.0288461538461538,32774,34004,33481,-1230,-707,-0.0361722150335255,-0.0211164541083002
"4099","2019","경북","성주군","초등학교",2019-04-01,"전체",192,250,227,-23,-35,-58,-0.092,-0.154185022026432,-0.232,44312,45015,44816,-703,-504,-0.0156170165500389,-0.0112459835772938
"4100","2019","경북","성주군","초등학교",2019-04-01,"여자",98,126,109,-17,-11,-28,-0.134920634920635,-0.100917431192661,-0.222222222222222,44312,45015,44816,-703,-504,-0.0156170165500389,-0.0112459835772938
"4101","2019","경북","성주군","초등학교",2019-04-01,"남자",94,124,118,-6,-24,-30,-0.0483870967741935,-0.203389830508475,-0.241935483870968,44312,45015,44816,-703,-504,-0.0156170165500389,-0.0112459835772938
"4102","2019","경북","칠곡군","초등학교",2019-04-01,"전체",1243,1354,1311,-43,-68,-111,-0.0317577548005908,-0.0518688024408848,-0.0819793205317578,118389,122530,119831,-4141,-1442,-0.0337958051089529,-0.0120336140063923
"4103","2019","경북","칠곡군","초등학교",2019-04-01,"여자",595,662,646,-16,-51,-67,-0.0241691842900302,-0.0789473684210526,-0.101208459214502,118389,122530,119831,-4141,-1442,-0.0337958051089529,-0.0120336140063923
"4104","2019","경북","칠곡군","초등학교",2019-04-01,"남자",648,692,665,-27,-17,-44,-0.0390173410404624,-0.0255639097744361,-0.0635838150289017,118389,122530,119831,-4141,-1442,-0.0337958051089529,-0.0120336140063923
"4105","2019","경북","예천군","초등학교",2019-04-01,"전체",368,306,435,129,-67,62,0.42156862745098,-0.154022988505747,0.202614379084967,54290,46351,51717,7939,2573,0.171280015533645,0.0497515323781349
"4106","2019","경북","예천군","초등학교",2019-04-01,"여자",157,136,206,70,-49,21,0.514705882352941,-0.237864077669903,0.154411764705882,54290,46351,51717,7939,2573,0.171280015533645,0.0497515323781349
"4107","2019","경북","예천군","초등학교",2019-04-01,"남자",211,170,229,59,-18,41,0.347058823529412,-0.0786026200873362,0.241176470588235,54290,46351,51717,7939,2573,0.171280015533645,0.0497515323781349
"4108","2019","경북","봉화군","초등학교",2019-04-01,"전체",141,196,187,-9,-46,-55,-0.0459183673469388,-0.245989304812834,-0.280612244897959,32649,33404,33163,-755,-514,-0.0226020835828045,-0.0154992009166843
"4109","2019","경북","봉화군","초등학교",2019-04-01,"여자",63,90,86,-4,-23,-27,-0.0444444444444444,-0.267441860465116,-0.3,32649,33404,33163,-755,-514,-0.0226020835828045,-0.0154992009166843
"4110","2019","경북","봉화군","초등학교",2019-04-01,"남자",78,106,101,-5,-23,-28,-0.0471698113207547,-0.227722772277228,-0.264150943396226,32649,33404,33163,-755,-514,-0.0226020835828045,-0.0154992009166843
"4111","2019","경북","울진군","초등학교",2019-04-01,"전체",330,356,350,-6,-20,-26,-0.0168539325842697,-0.0571428571428571,-0.0730337078651685,49650,51293,50554,-1643,-904,-0.0320316612403252,-0.0178818688926692
"4112","2019","경북","울진군","초등학교",2019-04-01,"여자",145,159,158,-1,-13,-14,-0.00628930817610063,-0.0822784810126582,-0.0880503144654088,49650,51293,50554,-1643,-904,-0.0320316612403252,-0.0178818688926692
"4113","2019","경북","울진군","초등학교",2019-04-01,"남자",185,197,192,-5,-7,-12,-0.0253807106598985,-0.0364583333333333,-0.0609137055837563,49650,51293,50554,-1643,-904,-0.0320316612403252,-0.0178818688926692
"4114","2019","경북","울릉군","초등학교",2019-04-01,"전체",50,56,56,0,-6,-6,0,-0.107142857142857,-0.107142857142857,9718,10024,9988,-306,-270,-0.0305267358339984,-0.0270324389267121
"4115","2019","경북","울릉군","초등학교",2019-04-01,"여자",30,32,34,2,-4,-2,0.0625,-0.117647058823529,-0.0625,9718,10024,9988,-306,-270,-0.0305267358339984,-0.0270324389267121
"4116","2019","경북","울릉군","초등학교",2019-04-01,"남자",20,24,22,-2,-2,-4,-0.0833333333333333,-0.0909090909090909,-0.166666666666667,9718,10024,9988,-306,-270,-0.0305267358339984,-0.0270324389267121
"4117","2019","경남","창원시","초등학교",2019-04-01,"전체",10414,20448,20526,78,-10112,-10034,0.00381455399061033,-0.492643476566306,-0.49070813771518,1049897,1059959,1055948,-10062,-6051,-0.00949282000530209,-0.00573039581494543
"4118","2019","경남","창원시","초등학교",2019-04-01,"여자",5004,9814,9896,82,-4892,-4810,0.00835541063786428,-0.494341147938561,-0.490116160586917,1049897,1059959,1055948,-10062,-6051,-0.00949282000530209,-0.00573039581494543
"4119","2019","경남","창원시","초등학교",2019-04-01,"남자",5410,10634,10630,-4,-5220,-5224,-0.000376151965394019,-0.491063029162747,-0.491254466804589,1049897,1059959,1055948,-10062,-6051,-0.00949282000530209,-0.00573039581494543
"4120","2019","경남","진주시","초등학교",2019-04-01,"전체",3438,3279,3304,25,134,159,0.00762427569380909,0.0405569007263923,0.0484903934126258,346678,346989,346354,-311,324,-0.000896282014703636,0.000935459096762272
"4121","2019","경남","진주시","초등학교",2019-04-01,"여자",1651,1582,1581,-1,70,69,-0.000632111251580278,0.0442757748260595,0.0436156763590392,346678,346989,346354,-311,324,-0.000896282014703636,0.000935459096762272
"4122","2019","경남","진주시","초등학교",2019-04-01,"남자",1787,1697,1723,26,64,90,0.0153211549793754,0.0371445153801509,0.0530347672362994,346678,346989,346354,-311,324,-0.000896282014703636,0.000935459096762272
"4123","2019","경남","통영시","초등학교",2019-04-01,"전체",1426,1443,1385,-58,41,-17,-0.0401940401940402,0.0296028880866426,-0.0117810117810118,132676,137053,134948,-4377,-2272,-0.0319365500937593,-0.0168361146515695
"4124","2019","경남","통영시","초등학교",2019-04-01,"여자",685,697,668,-29,17,-12,-0.0416068866571019,0.0254491017964072,-0.0172166427546628,132676,137053,134948,-4377,-2272,-0.0319365500937593,-0.0168361146515695
"4125","2019","경남","통영시","초등학교",2019-04-01,"남자",741,746,717,-29,24,-5,-0.0388739946380697,0.0334728033472803,-0.00670241286863271,132676,137053,134948,-4377,-2272,-0.0319365500937593,-0.0168361146515695
"4126","2019","경남","사천시","초등학교",2019-04-01,"전체",1067,1071,1053,-18,14,-4,-0.0168067226890756,0.01329534662868,-0.00373482726423903,112975,114598,114033,-1623,-1058,-0.0141625508298574,-0.00927801601290854
"4127","2019","경남","사천시","초등학교",2019-04-01,"여자",517,489,487,-2,30,28,-0.00408997955010225,0.0616016427104723,0.0572597137014315,112975,114598,114033,-1623,-1058,-0.0141625508298574,-0.00927801601290854
"4128","2019","경남","사천시","초등학교",2019-04-01,"남자",550,582,566,-16,-16,-32,-0.0274914089347079,-0.0282685512367491,-0.0549828178694158,112975,114598,114033,-1623,-1058,-0.0141625508298574,-0.00927801601290854
"4129","2019","경남","김해시","초등학교",2019-04-01,"전체",6141,5883,5899,16,242,258,0.00271970083290838,0.0410239023563316,0.0438551759306476,536707,530121,531807,6586,4900,0.0124235787678662,0.00921386894117603
"4130","2019","경남","김해시","초등학교",2019-04-01,"여자",3091,2964,2961,-3,130,127,-0.00101214574898785,0.0439040864572779,0.0428475033738192,536707,530121,531807,6586,4900,0.0124235787678662,0.00921386894117603
"4131","2019","경남","김해시","초등학교",2019-04-01,"남자",3050,2919,2938,19,112,131,0.00650907845152449,0.0381211708645337,0.0448783830078794,536707,530121,531807,6586,4900,0.0124235787678662,0.00921386894117603
"4132","2019","경남","밀양시","초등학교",2019-04-01,"전체",669,707,702,-5,-33,-38,-0.00707213578500707,-0.047008547008547,-0.0537482319660538,106240,108195,107246,-1955,-1006,-0.0180692268589122,-0.00938030322809242
"4133","2019","경남","밀양시","초등학교",2019-04-01,"여자",311,340,341,1,-30,-29,0.00294117647058824,-0.0879765395894428,-0.0852941176470588,106240,108195,107246,-1955,-1006,-0.0180692268589122,-0.00938030322809242
"4134","2019","경남","밀양시","초등학교",2019-04-01,"남자",358,367,361,-6,-3,-9,-0.0163487738419619,-0.00831024930747922,-0.0245231607629428,106240,108195,107246,-1955,-1006,-0.0180692268589122,-0.00938030322809242
"4135","2019","경남","거제시","초등학교",2019-04-01,"전체",3415,3573,3483,-90,-68,-158,-0.0251889168765743,-0.0195233993683606,-0.0442205429610971,248856,256307,251940,-7451,-3084,-0.0290706067333315,-0.0122410097642296
"4136","2019","경남","거제시","초등학교",2019-04-01,"여자",1617,1680,1627,-53,-10,-63,-0.031547619047619,-0.00614628149969269,-0.0375,248856,256307,251940,-7451,-3084,-0.0290706067333315,-0.0122410097642296
"4137","2019","경남","거제시","초등학교",2019-04-01,"남자",1798,1893,1856,-37,-58,-95,-0.0195456946645536,-0.03125,-0.0501848917062863,248856,256307,251940,-7451,-3084,-0.0290706067333315,-0.0122410097642296
"4138","2019","경남","양산시","초등학교",2019-04-01,"전체",4023,3653,3922,269,101,370,0.0736381056665754,0.0257521672616012,0.10128661374213,349925,322646,343152,27279,6773,0.0845477706216721,0.0197376089896023
"4139","2019","경남","양산시","초등학교",2019-04-01,"여자",1940,1819,1969,150,-29,121,0.0824628916987356,-0.0147282884713052,0.0665200659703134,349925,322646,343152,27279,6773,0.0845477706216721,0.0197376089896023
"4140","2019","경남","양산시","초등학교",2019-04-01,"남자",2083,1834,1953,119,130,249,0.0648854961832061,0.0665642601126472,0.13576881134133,349925,322646,343152,27279,6773,0.0845477706216721,0.0197376089896023
"4141","2019","경남","의령군","초등학교",2019-04-01,"전체",129,167,156,-11,-27,-38,-0.0658682634730539,-0.173076923076923,-0.227544910179641,27487,27970,27835,-483,-348,-0.0172685019663926,-0.0125022453745285
"4142","2019","경남","의령군","초등학교",2019-04-01,"여자",50,75,69,-6,-19,-25,-0.08,-0.27536231884058,-0.333333333333333,27487,27970,27835,-483,-348,-0.0172685019663926,-0.0125022453745285
"4143","2019","경남","의령군","초등학교",2019-04-01,"남자",79,92,87,-5,-8,-13,-0.0543478260869565,-0.0919540229885057,-0.141304347826087,27487,27970,27835,-483,-348,-0.0172685019663926,-0.0125022453745285
"4144","2019","경남","함안군","초등학교",2019-04-01,"전체",590,594,585,-9,5,-4,-0.0151515151515152,0.00854700854700855,-0.00673400673400673,66406,68740,67752,-2334,-1346,-0.0339540296770439,-0.0198665722045106
"4145","2019","경남","함안군","초등학교",2019-04-01,"여자",288,282,271,-11,17,6,-0.0390070921985816,0.0627306273062731,0.0212765957446809,66406,68740,67752,-2334,-1346,-0.0339540296770439,-0.0198665722045106
"4146","2019","경남","함안군","초등학교",2019-04-01,"남자",302,312,314,2,-12,-10,0.00641025641025641,-0.0382165605095541,-0.032051282051282,66406,68740,67752,-2334,-1346,-0.0339540296770439,-0.0198665722045106
"4147","2019","경남","창녕군","초등학교",2019-04-01,"전체",389,394,403,9,-14,-5,0.0228426395939086,-0.0347394540942928,-0.0126903553299492,62860,64042,63999,-1182,-1139,-0.0184566378314231,-0.0177971530805169
"4148","2019","경남","창녕군","초등학교",2019-04-01,"여자",202,190,198,8,4,12,0.0421052631578947,0.0202020202020202,0.0631578947368421,62860,64042,63999,-1182,-1139,-0.0184566378314231,-0.0177971530805169
"4149","2019","경남","창녕군","초등학교",2019-04-01,"남자",187,204,205,1,-18,-17,0.00490196078431373,-0.0878048780487805,-0.0833333333333333,62860,64042,63999,-1182,-1139,-0.0184566378314231,-0.0177971530805169
"4150","2019","경남","고성군","초등학교",2019-04-01,"전체",383,419,403,-16,-20,-36,-0.0381861575178998,-0.0496277915632754,-0.0859188544152745,53017,54539,53706,-1522,-689,-0.0279066356185482,-0.0128291066175101
"4151","2019","경남","고성군","초등학교",2019-04-01,"여자",182,216,202,-14,-20,-34,-0.0648148148148148,-0.099009900990099,-0.157407407407407,53017,54539,53706,-1522,-689,-0.0279066356185482,-0.0128291066175101
"4152","2019","경남","고성군","초등학교",2019-04-01,"남자",201,203,201,-2,0,-2,-0.00985221674876847,0,-0.00985221674876847,53017,54539,53706,-1522,-689,-0.0279066356185482,-0.0128291066175101
"4153","2019","경남","남해군","초등학교",2019-04-01,"전체",182,187,196,9,-14,-5,0.0481283422459893,-0.0714285714285714,-0.0267379679144385,44163,44946,44370,-783,-207,-0.0174209050861033,-0.00466531440162272
"4154","2019","경남","남해군","초등학교",2019-04-01,"여자",91,91,99,8,-8,0,0.0879120879120879,-0.0808080808080808,0,44163,44946,44370,-783,-207,-0.0174209050861033,-0.00466531440162272
"4155","2019","경남","남해군","초등학교",2019-04-01,"남자",91,96,97,1,-6,-5,0.0104166666666667,-0.0618556701030928,-0.0520833333333333,44163,44946,44370,-783,-207,-0.0174209050861033,-0.00466531440162272
"4156","2019","경남","하동군","초등학교",2019-04-01,"전체",214,242,234,-8,-20,-28,-0.0330578512396694,-0.0854700854700855,-0.115702479338843,47056,48857,48083,-1801,-1027,-0.0368626808850318,-0.0213589002350103
"4157","2019","경남","하동군","초등학교",2019-04-01,"여자",101,111,106,-5,-5,-10,-0.045045045045045,-0.0471698113207547,-0.0900900900900901,47056,48857,48083,-1801,-1027,-0.0368626808850318,-0.0213589002350103
"4158","2019","경남","하동군","초등학교",2019-04-01,"남자",113,131,128,-3,-15,-18,-0.0229007633587786,-0.1171875,-0.137404580152672,47056,48857,48083,-1801,-1027,-0.0368626808850318,-0.0213589002350103
"4159","2019","경남","산청군","초등학교",2019-04-01,"전체",158,188,183,-5,-25,-30,-0.0265957446808511,-0.136612021857924,-0.159574468085106,35713,36158,36278,-445,-565,-0.0123070966314509,-0.015574177187276
"4160","2019","경남","산청군","초등학교",2019-04-01,"여자",70,96,92,-4,-22,-26,-0.0416666666666667,-0.239130434782609,-0.270833333333333,35713,36158,36278,-445,-565,-0.0123070966314509,-0.015574177187276
"4161","2019","경남","산청군","초등학교",2019-04-01,"남자",88,92,91,-1,-3,-4,-0.0108695652173913,-0.032967032967033,-0.0434782608695652,35713,36158,36278,-445,-565,-0.0123070966314509,-0.015574177187276
"4162","2019","경남","함양군","초등학교",2019-04-01,"전체",616,229,232,3,384,387,0.0131004366812227,1.6551724137931,1.68995633187773,39922,40125,40124,-203,-202,-0.00505919003115265,-0.00503439338052039
"4163","2019","경남","함양군","초등학교",2019-04-01,"여자",289,91,92,1,197,198,0.010989010989011,2.14130434782609,2.17582417582418,39922,40125,40124,-203,-202,-0.00505919003115265,-0.00503439338052039
"4164","2019","경남","함양군","초등학교",2019-04-01,"남자",327,138,140,2,187,189,0.0144927536231884,1.33571428571429,1.3695652173913,39922,40125,40124,-203,-202,-0.00505919003115265,-0.00503439338052039
"4165","2019","경남","거창군","초등학교",2019-04-01,"전체",482,444,450,6,32,38,0.0135135135135135,0.0711111111111111,0.0855855855855856,62676,63108,62883,-432,-207,-0.00684540787221905,-0.0032918276799771
"4166","2019","경남","거창군","초등학교",2019-04-01,"여자",228,218,219,1,9,10,0.00458715596330275,0.0410958904109589,0.0458715596330275,62676,63108,62883,-432,-207,-0.00684540787221905,-0.0032918276799771
"4167","2019","경남","거창군","초등학교",2019-04-01,"남자",254,226,231,5,23,28,0.0221238938053097,0.0995670995670996,0.123893805309735,62676,63108,62883,-432,-207,-0.00684540787221905,-0.0032918276799771
"4168","2019","경남","합천군","초등학교",2019-04-01,"전체",176,226,220,-6,-44,-50,-0.0265486725663717,-0.2,-0.221238938053097,45679,47350,46668,-1671,-989,-0.0352903907074974,-0.0211922516499529
"4169","2019","경남","합천군","초등학교",2019-04-01,"여자",80,103,104,1,-24,-23,0.00970873786407767,-0.230769230769231,-0.223300970873786,45679,47350,46668,-1671,-989,-0.0352903907074974,-0.0211922516499529
"4170","2019","경남","합천군","초등학교",2019-04-01,"남자",96,123,116,-7,-20,-27,-0.0569105691056911,-0.172413793103448,-0.219512195121951,45679,47350,46668,-1671,-989,-0.0352903907074974,-0.0211922516499529
"4171","2019","제주","제주시","초등학교",2019-04-01,"전체",5569,5130,5311,181,258,439,0.0352826510721248,0.0485784221427226,0.0855750487329435,487143,472838,481526,14305,5617,0.030253490624696,0.0116649983593825
"4172","2019","제주","제주시","초등학교",2019-04-01,"여자",2731,2548,2645,97,86,183,0.0380690737833595,0.0325141776937618,0.0718210361067504,487143,472838,481526,14305,5617,0.030253490624696,0.0116649983593825
"4173","2019","제주","제주시","초등학교",2019-04-01,"남자",2838,2582,2666,84,172,256,0.0325329202168861,0.0645161290322581,0.099147947327653,487143,472838,481526,14305,5617,0.030253490624696,0.0116649983593825
"4174","2019","제주","서귀포시","초등학교",2019-04-01,"전체",1620,1561,1673,112,-53,59,0.0717488789237668,-0.031679617453676,0.0377962844330557,181505,173302,179985,8203,1520,0.0473335564505891,0.00844514820679501
"4175","2019","제주","서귀포시","초등학교",2019-04-01,"여자",796,769,818,49,-22,27,0.0637191157347204,-0.0268948655256724,0.035110533159948,181505,173302,179985,8203,1520,0.0473335564505891,0.00844514820679501
"4176","2019","제주","서귀포시","초등학교",2019-04-01,"남자",824,792,855,63,-31,32,0.0795454545454545,-0.0362573099415205,0.0404040404040404,181505,173302,179985,8203,1520,0.0473335564505891,0.00844514820679501
"4177","2020","서울","종로구","초등학교",2020-04-01,"전체",764,871,862,-9,-98,-107,-0.0103329506314581,-0.11368909512761,-0.12284730195178,150936,154312,152495,-3376,-1559,-0.0218777541604023,-0.0102232860093774
"4178","2020","서울","종로구","초등학교",2020-04-01,"여자",383,428,439,11,-56,-45,0.0257009345794393,-0.127562642369021,-0.105140186915888,150936,154312,152495,-3376,-1559,-0.0218777541604023,-0.0102232860093774
"4179","2020","서울","종로구","초등학교",2020-04-01,"남자",381,443,423,-20,-42,-62,-0.0451467268623025,-0.099290780141844,-0.139954853273138,150936,154312,152495,-3376,-1559,-0.0218777541604023,-0.0102232860093774
"4180","2020","서울","중구","초등학교",2020-04-01,"전체",901,822,789,-33,112,79,-0.0401459854014599,0.141951837769328,0.0961070559610706,126126,125986,125913,140,213,0.00111123458162018,0.00169164423054013
"4181","2020","서울","중구","초등학교",2020-04-01,"여자",446,408,383,-25,63,38,-0.0612745098039216,0.164490861618799,0.0931372549019608,126126,125986,125913,140,213,0.00111123458162018,0.00169164423054013
"4182","2020","서울","중구","초등학교",2020-04-01,"남자",455,414,406,-8,49,41,-0.0193236714975845,0.120689655172414,0.0990338164251208,126126,125986,125913,140,213,0.00111123458162018,0.00169164423054013
"4183","2020","서울","용산구","초등학교",2020-04-01,"전체",1087,1502,1456,-46,-369,-415,-0.0306258322237017,-0.253434065934066,-0.2762982689747,229369,229939,228940,-570,429,-0.00247891832181579,0.00187385341137416
"4184","2020","서울","용산구","초등학교",2020-04-01,"여자",539,744,724,-20,-185,-205,-0.0268817204301075,-0.255524861878453,-0.275537634408602,229369,229939,228940,-570,429,-0.00247891832181579,0.00187385341137416
"4185","2020","서울","용산구","초등학교",2020-04-01,"남자",548,758,732,-26,-184,-210,-0.0343007915567282,-0.251366120218579,-0.277044854881267,229369,229939,228940,-570,429,-0.00247891832181579,0.00187385341137416
"4186","2020","서울","성동구","초등학교",2020-04-01,"전체",1926,2409,2276,-133,-350,-483,-0.0552096305520963,-0.15377855887522,-0.200498132004981,298249,307460,305785,-9211,-7536,-0.029958368568269,-0.0246447667478784
"4187","2020","서울","성동구","초등학교",2020-04-01,"여자",924,1184,1126,-58,-202,-260,-0.0489864864864865,-0.179396092362345,-0.219594594594595,298249,307460,305785,-9211,-7536,-0.029958368568269,-0.0246447667478784
"4188","2020","서울","성동구","초등학교",2020-04-01,"남자",1002,1225,1150,-75,-148,-223,-0.0612244897959184,-0.128695652173913,-0.182040816326531,298249,307460,305785,-9211,-7536,-0.029958368568269,-0.0246447667478784
"4189","2020","서울","광진구","초등학교",2020-04-01,"전체",2250,2308,2273,-35,-23,-58,-0.0151646447140381,-0.0101187857457105,-0.0251299826689775,350016,356757,354344,-6741,-4328,-0.0188952143896266,-0.0122141196125799
"4190","2020","서울","광진구","초등학교",2020-04-01,"여자",1123,1085,1068,-17,55,38,-0.015668202764977,0.051498127340824,0.0350230414746544,350016,356757,354344,-6741,-4328,-0.0188952143896266,-0.0122141196125799
"4191","2020","서울","광진구","초등학교",2020-04-01,"남자",1127,1223,1205,-18,-78,-96,-0.0147179067865904,-0.0647302904564315,-0.0784955028618152,350016,356757,354344,-6741,-4328,-0.0188952143896266,-0.0122141196125799
"4192","2020","서울","동대문구","초등학교",2020-04-01,"전체",2127,2266,2263,-3,-136,-139,-0.00132391879964696,-0.0600972160848431,-0.0613415710503089,345793,348916,346312,-3123,-519,-0.00895057836270048,-0.00149864861743168
"4193","2020","서울","동대문구","초등학교",2020-04-01,"여자",1009,1103,1111,8,-102,-94,0.00725294650951949,-0.0918091809180918,-0.085222121486854,345793,348916,346312,-3123,-519,-0.00895057836270048,-0.00149864861743168
"4194","2020","서울","동대문구","초등학교",2020-04-01,"남자",1118,1163,1152,-11,-34,-45,-0.00945829750644884,-0.0295138888888889,-0.0386930352536543,345793,348916,346312,-3123,-519,-0.00895057836270048,-0.00149864861743168
"4195","2020","서울","중랑구","초등학교",2020-04-01,"전체",2377,2834,2695,-139,-318,-457,-0.0490472829922371,-0.117996289424861,-0.161256175017643,395072,406494,401546,-11422,-6474,-0.0280988157266774,-0.0161226858193084
"4196","2020","서울","중랑구","초등학교",2020-04-01,"여자",1158,1375,1302,-73,-144,-217,-0.0530909090909091,-0.110599078341014,-0.157818181818182,395072,406494,401546,-11422,-6474,-0.0280988157266774,-0.0161226858193084
"4197","2020","서울","중랑구","초등학교",2020-04-01,"남자",1219,1459,1393,-66,-174,-240,-0.0452364633310487,-0.124910265613783,-0.164496230294722,395072,406494,401546,-11422,-6474,-0.0280988157266774,-0.0161226858193084
"4198","2020","서울","성북구","초등학교",2020-04-01,"전체",3145,3269,3215,-54,-70,-124,-0.0165188130926889,-0.0217729393468118,-0.0379320893239523,442174,441618,439754,556,2420,0.00125900665280854,0.00550307672016627
"4199","2020","서울","성북구","초등학교",2020-04-01,"여자",1585,1598,1579,-19,6,-13,-0.0118898623279099,0.00379987333755541,-0.0081351689612015,442174,441618,439754,556,2420,0.00125900665280854,0.00550307672016627
"4200","2020","서울","성북구","초등학교",2020-04-01,"남자",1560,1671,1636,-35,-76,-111,-0.0209455415918612,-0.0464547677261614,-0.066427289048474,442174,441618,439754,556,2420,0.00125900665280854,0.00550307672016627
"4201","2020","서울","강북구","초등학교",2020-04-01,"전체",1528,1979,1869,-110,-341,-451,-0.0555836280949975,-0.182450508293205,-0.22789287518949,312691,323360,316604,-10669,-3913,-0.0329941860465116,-0.0123592879432983
"4202","2020","서울","강북구","초등학교",2020-04-01,"여자",722,969,916,-53,-194,-247,-0.0546955624355005,-0.2117903930131,-0.254901960784314,312691,323360,316604,-10669,-3913,-0.0329941860465116,-0.0123592879432983
"4203","2020","서울","강북구","초등학교",2020-04-01,"남자",806,1010,953,-57,-147,-204,-0.0564356435643564,-0.154249737670514,-0.201980198019802,312691,323360,316604,-10669,-3913,-0.0329941860465116,-0.0123592879432983
"4204","2020","서울","도봉구","초등학교",2020-04-01,"전체",2247,2233,2144,-89,103,14,-0.0398566950291088,0.0480410447761194,0.00626959247648903,330707,342528,337346,-11821,-6639,-0.0345110472720478,-0.0196800910637743
"4205","2020","서울","도봉구","초등학교",2020-04-01,"여자",1099,1078,1043,-35,56,21,-0.0324675324675325,0.0536912751677852,0.0194805194805195,330707,342528,337346,-11821,-6639,-0.0345110472720478,-0.0196800910637743
"4206","2020","서울","도봉구","초등학교",2020-04-01,"남자",1148,1155,1101,-54,47,-7,-0.0467532467532468,0.0426884650317893,-0.00606060606060606,330707,342528,337346,-11821,-6639,-0.0345110472720478,-0.0196800910637743
"4207","2020","서울","노원구","초등학교",2020-04-01,"전체",3856,3790,3653,-137,203,66,-0.0361477572559367,0.0555707637558171,0.0174142480211082,530302,550978,539884,-20676,-9582,-0.0375259992231995,-0.0177482570329923
"4208","2020","서울","노원구","초등학교",2020-04-01,"여자",1858,1844,1754,-90,104,14,-0.0488069414316703,0.0592930444697834,0.00759219088937093,530302,550978,539884,-20676,-9582,-0.0375259992231995,-0.0177482570329923
"4209","2020","서울","노원구","초등학교",2020-04-01,"남자",1998,1946,1899,-47,99,52,-0.0241521068859198,0.0521327014218009,0.02672147995889,530302,550978,539884,-20676,-9582,-0.0375259992231995,-0.0177482570329923
"4210","2020","서울","은평구","초등학교",2020-04-01,"전체",3171,3315,3246,-69,-75,-144,-0.020814479638009,-0.0231053604436229,-0.0434389140271493,477973,485572,484267,-7599,-6294,-0.0156495844076677,-0.0129969624194917
"4211","2020","서울","은평구","초등학교",2020-04-01,"여자",1507,1555,1529,-26,-22,-48,-0.0167202572347267,-0.0143884892086331,-0.0308681672025723,477973,485572,484267,-7599,-6294,-0.0156495844076677,-0.0129969624194917
"4212","2020","서울","은평구","초등학교",2020-04-01,"남자",1664,1760,1717,-43,-53,-96,-0.0244318181818182,-0.0308677926616191,-0.0545454545454545,477973,485572,484267,-7599,-6294,-0.0156495844076677,-0.0129969624194917
"4213","2020","서울","서대문구","초등학교",2020-04-01,"전체",2188,2206,2188,-18,0,-18,-0.00815956482320943,0,-0.00815956482320943,312809,311899,311586,910,1223,0.00291761114976322,0.00392508007420102
"4214","2020","서울","서대문구","초등학교",2020-04-01,"여자",1082,1097,1082,-15,0,-15,-0.0136736554238833,0,-0.0136736554238833,312809,311899,311586,910,1223,0.00291761114976322,0.00392508007420102
"4215","2020","서울","서대문구","초등학교",2020-04-01,"남자",1106,1109,1106,-3,0,-3,-0.00270513976555455,0,-0.00270513976555455,312809,311899,311586,910,1223,0.00291761114976322,0.00392508007420102
"4216","2020","서울","마포구","초등학교",2020-04-01,"전체",2193,2727,2675,-52,-482,-534,-0.0190685735240191,-0.18018691588785,-0.195819581958196,374426,374655,374824,-229,-398,-0.000611228997344223,-0.00106183168633812
"4217","2020","서울","마포구","초등학교",2020-04-01,"여자",1110,1393,1367,-26,-257,-283,-0.018664752333094,-0.188002926115582,-0.203158650394831,374426,374655,374824,-229,-398,-0.000611228997344223,-0.00106183168633812
"4218","2020","서울","마포구","초등학교",2020-04-01,"남자",1083,1334,1308,-26,-225,-251,-0.0194902548725637,-0.172018348623853,-0.188155922038981,374426,374655,374824,-229,-398,-0.000611228997344223,-0.00106183168633812
"4219","2020","서울","양천구","초등학교",2020-04-01,"전체",3518,3471,3512,41,6,47,0.0118121578795736,0.00170842824601367,0.0135407663497551,457132,468539,462126,-11407,-4994,-0.0243458922309562,-0.0108065765613707
"4220","2020","서울","양천구","초등학교",2020-04-01,"여자",1696,1686,1710,24,-14,10,0.0142348754448399,-0.00818713450292398,0.00593119810201661,457132,468539,462126,-11407,-4994,-0.0243458922309562,-0.0108065765613707
"4221","2020","서울","양천구","초등학교",2020-04-01,"남자",1822,1785,1802,17,20,37,0.00952380952380952,0.0110987791342952,0.0207282913165266,457132,468539,462126,-11407,-4994,-0.0243458922309562,-0.0108065765613707
"4222","2020","서울","강서구","초등학교",2020-04-01,"전체",4327,5076,4835,-241,-508,-749,-0.047478329393223,-0.10506721820062,-0.147557131599685,588281,601325,596233,-13044,-7952,-0.0216920966199642,-0.0133370678912439
"4223","2020","서울","강서구","초등학교",2020-04-01,"여자",2134,2486,2349,-137,-215,-352,-0.0551086082059533,-0.0915283099191145,-0.141592920353982,588281,601325,596233,-13044,-7952,-0.0216920966199642,-0.0133370678912439
"4224","2020","서울","강서구","초등학교",2020-04-01,"남자",2193,2590,2486,-104,-293,-397,-0.0401544401544402,-0.117860016090105,-0.153281853281853,588281,601325,596233,-13044,-7952,-0.0216920966199642,-0.0133370678912439
"4225","2020","서울","구로구","초등학교",2020-04-01,"전체",3039,3346,3216,-130,-177,-307,-0.0388523610280932,-0.0550373134328358,-0.0917513448894202,405271,407890,405516,-2619,-245,-0.00642084875824364,-0.000604168516162124
"4226","2020","서울","구로구","초등학교",2020-04-01,"여자",1474,1634,1556,-78,-82,-160,-0.0477356181150551,-0.0526992287917738,-0.0979192166462668,405271,407890,405516,-2619,-245,-0.00642084875824364,-0.000604168516162124
"4227","2020","서울","구로구","초등학교",2020-04-01,"남자",1565,1712,1660,-52,-95,-147,-0.0303738317757009,-0.0572289156626506,-0.0858644859813084,405271,407890,405516,-2619,-245,-0.00642084875824364,-0.000604168516162124
"4228","2020","서울","금천구","초등학교",2020-04-01,"전체",1345,1485,1443,-42,-98,-140,-0.0282828282828283,-0.0679140679140679,-0.0942760942760943,232396,233809,234173,-1413,-1777,-0.00604339439456993,-0.00758840686159378
"4229","2020","서울","금천구","초등학교",2020-04-01,"여자",663,712,683,-29,-20,-49,-0.0407303370786517,-0.0292825768667643,-0.0688202247191011,232396,233809,234173,-1413,-1777,-0.00604339439456993,-0.00758840686159378
"4230","2020","서울","금천구","초등학교",2020-04-01,"남자",682,773,760,-13,-78,-91,-0.0168175937904269,-0.102631578947368,-0.117723156532988,232396,233809,234173,-1413,-1777,-0.00604339439456993,-0.00758840686159378
"4231","2020","서울","영등포구","초등학교",2020-04-01,"전체",2282,2665,2542,-123,-260,-383,-0.0461538461538462,-0.10228166797797,-0.143714821763602,372225,369183,368874,3042,3351,0.00823981602619839,0.00908440280420957
"4232","2020","서울","영등포구","초등학교",2020-04-01,"여자",1100,1263,1220,-43,-120,-163,-0.0340459224069675,-0.0983606557377049,-0.129057798891528,372225,369183,368874,3042,3351,0.00823981602619839,0.00908440280420957
"4233","2020","서울","영등포구","초등학교",2020-04-01,"남자",1182,1402,1322,-80,-140,-220,-0.0570613409415121,-0.10590015128593,-0.156918687589158,372225,369183,368874,3042,3351,0.00823981602619839,0.00908440280420957
"4234","2020","서울","동작구","초등학교",2020-04-01,"전체",2557,2772,2722,-50,-165,-215,-0.018037518037518,-0.0606171932402645,-0.0775613275613276,394988,394249,399118,739,-4130,0.00187444990348739,-0.0103478169363446
"4235","2020","서울","동작구","초등학교",2020-04-01,"여자",1262,1365,1339,-26,-77,-103,-0.019047619047619,-0.0575056011949216,-0.0754578754578755,394988,394249,399118,739,-4130,0.00187444990348739,-0.0103478169363446
"4236","2020","서울","동작구","초등학교",2020-04-01,"남자",1295,1407,1383,-24,-88,-112,-0.0170575692963753,-0.0636297903109183,-0.0796019900497512,394988,394249,399118,739,-4130,0.00187444990348739,-0.0103478169363446
"4237","2020","서울","관악구","초등학교",2020-04-01,"전체",2310,2804,2634,-170,-324,-494,-0.0606276747503566,-0.123006833712984,-0.176176890156919,498978,504437,502251,-5459,-3273,-0.0108219658748268,-0.00651666198773123
"4238","2020","서울","관악구","초등학교",2020-04-01,"여자",1167,1372,1279,-93,-112,-205,-0.0677842565597668,-0.0875684128225176,-0.149416909620991,498978,504437,502251,-5459,-3273,-0.0108219658748268,-0.00651666198773123
"4239","2020","서울","관악구","초등학교",2020-04-01,"남자",1143,1432,1355,-77,-212,-289,-0.0537709497206704,-0.156457564575646,-0.201815642458101,498978,504437,502251,-5459,-3273,-0.0108219658748268,-0.00651666198773123
"4240","2020","서울","서초구","초등학교",2020-04-01,"전체",3452,3807,3817,10,-365,-355,0.0026267402153927,-0.095624836258842,-0.0932492776464408,429729,440574,432336,-10845,-2607,-0.0246156150839587,-0.00603003219717997
"4241","2020","서울","서초구","초등학교",2020-04-01,"여자",1640,1832,1825,-7,-185,-192,-0.00382096069868996,-0.101369863013699,-0.104803493449782,429729,440574,432336,-10845,-2607,-0.0246156150839587,-0.00603003219717997
"4242","2020","서울","서초구","초등학교",2020-04-01,"남자",1812,1975,1992,17,-180,-163,0.00860759493670886,-0.0903614457831325,-0.0825316455696203,429729,440574,432336,-10845,-2607,-0.0246156150839587,-0.00603003219717997
"4243","2020","서울","강남구","초등학교",2020-04-01,"전체",3906,4013,4061,48,-155,-107,0.011961126339397,-0.0381679389312977,-0.0266633441315724,543240,551140,542108,-7900,1132,-0.0143339260441993,0.00208814479771558
"4244","2020","서울","강남구","초등학교",2020-04-01,"여자",1850,1922,1952,30,-102,-72,0.0156087408949011,-0.0522540983606557,-0.0374609781477627,543240,551140,542108,-7900,1132,-0.0143339260441993,0.00208814479771558
"4245","2020","서울","강남구","초등학교",2020-04-01,"남자",2056,2091,2109,18,-53,-35,0.00860832137733142,-0.0251303935514462,-0.0167384026781444,543240,551140,542108,-7900,1132,-0.0143339260441993,0.00208814479771558
"4246","2020","서울","송파구","초등학교",2020-04-01,"전체",4982,5268,5402,134,-420,-286,0.0254365983295368,-0.0777489818585709,-0.054290053151101,672862,665319,679824,7543,-6962,0.0113374185916831,-0.0102408858763445
"4247","2020","서울","송파구","초등학교",2020-04-01,"여자",2429,2575,2638,63,-209,-146,0.0244660194174757,-0.079226686884003,-0.0566990291262136,672862,665319,679824,7543,-6962,0.0113374185916831,-0.0102408858763445
"4248","2020","서울","송파구","초등학교",2020-04-01,"남자",2553,2693,2764,71,-211,-140,0.0263646490902339,-0.0763386396526773,-0.051986632008912,672862,665319,679824,7543,-6962,0.0113374185916831,-0.0102408858763445
"4249","2020","서울","강동구","초등학교",2020-04-01,"전체",3420,3293,3176,-117,244,127,-0.0355299119344063,0.0768261964735516,0.0385666565441846,455042,433513,424727,21529,30315,0.0496617171803383,0.0713752598728124
"4250","2020","서울","강동구","초등학교",2020-04-01,"여자",1609,1581,1521,-60,88,28,-0.0379506641366224,0.0578566732412886,0.0177103099304238,455042,433513,424727,21529,30315,0.0496617171803383,0.0713752598728124
"4251","2020","서울","강동구","초등학교",2020-04-01,"남자",1811,1712,1655,-57,156,99,-0.0332943925233645,0.0942598187311178,0.0578271028037383,455042,433513,424727,21529,30315,0.0496617171803383,0.0713752598728124
"4252","2020","부산","중구","초등학교",2020-04-01,"전체",210,183,170,-13,40,27,-0.0710382513661202,0.235294117647059,0.147540983606557,41714,43855,42543,-2141,-829,-0.0488199749173412,-0.0194861669369814
"4253","2020","부산","중구","초등학교",2020-04-01,"여자",95,84,75,-9,20,11,-0.107142857142857,0.266666666666667,0.130952380952381,41714,43855,42543,-2141,-829,-0.0488199749173412,-0.0194861669369814
"4254","2020","부산","중구","초등학교",2020-04-01,"남자",115,99,95,-4,20,16,-0.0404040404040404,0.210526315789474,0.161616161616162,41714,43855,42543,-2141,-829,-0.0488199749173412,-0.0194861669369814
"4255","2020","부산","서구","초등학교",2020-04-01,"전체",555,598,628,30,-73,-43,0.0501672240802676,-0.116242038216561,-0.0719063545150502,107722,109739,110052,-2017,-2330,-0.0183799743026636,-0.0211718096899647
"4256","2020","부산","서구","초등학교",2020-04-01,"여자",240,279,295,16,-55,-39,0.0573476702508961,-0.186440677966102,-0.139784946236559,107722,109739,110052,-2017,-2330,-0.0183799743026636,-0.0211718096899647
"4257","2020","부산","서구","초등학교",2020-04-01,"남자",315,319,333,14,-18,-4,0.0438871473354232,-0.0540540540540541,-0.0125391849529781,107722,109739,110052,-2017,-2330,-0.0183799743026636,-0.0211718096899647
"4258","2020","부산","동구","초등학교",2020-04-01,"전체",422,429,420,-9,2,-7,-0.020979020979021,0.00476190476190476,-0.0163170163170163,89673,88181,86485,1492,3188,0.0169197446161872,0.0368618835636237
"4259","2020","부산","동구","초등학교",2020-04-01,"여자",198,209,202,-7,-4,-11,-0.0334928229665072,-0.0198019801980198,-0.0526315789473684,89673,88181,86485,1492,3188,0.0169197446161872,0.0368618835636237
"4260","2020","부산","동구","초등학교",2020-04-01,"남자",224,220,218,-2,6,4,-0.00909090909090909,0.0275229357798165,0.0181818181818182,89673,88181,86485,1492,3188,0.0169197446161872,0.0368618835636237
"4261","2020","부산","영도구","초등학교",2020-04-01,"전체",585,658,634,-24,-49,-73,-0.0364741641337386,-0.0772870662460568,-0.110942249240122,115645,122513,119045,-6868,-3400,-0.0560593569661995,-0.0285606283338233
"4262","2020","부산","영도구","초등학교",2020-04-01,"여자",289,320,306,-14,-17,-31,-0.04375,-0.0555555555555556,-0.096875,115645,122513,119045,-6868,-3400,-0.0560593569661995,-0.0285606283338233
"4263","2020","부산","영도구","초등학교",2020-04-01,"남자",296,338,328,-10,-32,-42,-0.029585798816568,-0.0975609756097561,-0.124260355029586,115645,122513,119045,-6868,-3400,-0.0560593569661995,-0.0285606283338233
"4264","2020","부산","부산진구","초등학교",2020-04-01,"전체",2372,2412,2340,-72,32,-40,-0.0298507462686567,0.0136752136752137,-0.0165837479270315,356978,368940,359247,-11962,-2269,-0.0324226161435464,-0.00631598872085223
"4265","2020","부산","부산진구","초등학교",2020-04-01,"여자",1191,1154,1126,-28,65,37,-0.024263431542461,0.0577264653641208,0.0320623916811092,356978,368940,359247,-11962,-2269,-0.0324226161435464,-0.00631598872085223
"4266","2020","부산","부산진구","초등학교",2020-04-01,"남자",1181,1258,1214,-44,-33,-77,-0.0349761526232114,-0.0271828665568369,-0.06120826709062,356978,368940,359247,-11962,-2269,-0.0324226161435464,-0.00631598872085223
"4267","2020","부산","동래구","초등학교",2020-04-01,"전체",2034,1872,1964,92,70,162,0.0491452991452991,0.0356415478615071,0.0865384615384615,272570,269777,267567,2793,5003,0.0103529952516338,0.0186981204707606
"4268","2020","부산","동래구","초등학교",2020-04-01,"여자",979,886,932,46,47,93,0.0519187358916479,0.0504291845493562,0.104966139954853,272570,269777,267567,2793,5003,0.0103529952516338,0.0186981204707606
"4269","2020","부산","동래구","초등학교",2020-04-01,"남자",1055,986,1032,46,23,69,0.0466531440162272,0.0222868217054264,0.0699797160243408,272570,269777,267567,2793,5003,0.0103529952516338,0.0186981204707606
"4270","2020","부산","남구","초등학교",2020-04-01,"전체",1994,1971,2144,173,-150,23,0.0877727042110604,-0.0699626865671642,0.0116692034500254,271674,275847,278497,-4173,-6823,-0.0151279513643433,-0.024499366240929
"4271","2020","부산","남구","초등학교",2020-04-01,"여자",966,974,1062,88,-96,-8,0.0903490759753593,-0.0903954802259887,-0.0082135523613963,271674,275847,278497,-4173,-6823,-0.0151279513643433,-0.024499366240929
"4272","2020","부산","남구","초등학교",2020-04-01,"남자",1028,997,1082,85,-54,31,0.0852557673019057,-0.0499075785582255,0.0310932798395186,271674,275847,278497,-4173,-6823,-0.0151279513643433,-0.024499366240929
"4273","2020","부산","북구","초등학교",2020-04-01,"전체",2027,2279,2190,-89,-163,-252,-0.0390522158841597,-0.0744292237442922,-0.110574813514699,289059,300728,293971,-11669,-4912,-0.03880250591897,-0.0167091311728028
"4274","2020","부산","북구","초등학교",2020-04-01,"여자",1005,1102,1062,-40,-57,-97,-0.0362976406533575,-0.0536723163841808,-0.088021778584392,289059,300728,293971,-11669,-4912,-0.03880250591897,-0.0167091311728028
"4275","2020","부산","북구","초등학교",2020-04-01,"남자",1022,1177,1128,-49,-106,-155,-0.0416312659303314,-0.0939716312056738,-0.131690739167375,289059,300728,293971,-11669,-4912,-0.03880250591897,-0.0167091311728028
"4276","2020","부산","해운대구","초등학교",2020-04-01,"전체",3100,3142,3161,19,-61,-42,0.0060471037555697,-0.0192976906042392,-0.0133672819859962,405268,411772,408384,-6504,-3116,-0.0157951487716503,-0.00763007365616675
"4277","2020","부산","해운대구","초등학교",2020-04-01,"여자",1479,1492,1495,3,-16,-13,0.00201072386058981,-0.0107023411371237,-0.00871313672922252,405268,411772,408384,-6504,-3116,-0.0157951487716503,-0.00763007365616675
"4278","2020","부산","해운대구","초등학교",2020-04-01,"남자",1621,1650,1666,16,-45,-29,0.0096969696969697,-0.0270108043217287,-0.0175757575757576,405268,411772,408384,-6504,-3116,-0.0157951487716503,-0.00763007365616675
"4279","2020","부산","사하구","초등학교",2020-04-01,"전체",2133,2417,2331,-86,-198,-284,-0.0355812991311543,-0.0849420849420849,-0.117501034340091,318196,331884,325166,-13688,-6970,-0.041243325981367,-0.0214352054027789
"4280","2020","부산","사하구","초등학교",2020-04-01,"여자",1051,1176,1123,-53,-72,-125,-0.0450680272108844,-0.0641139804096171,-0.106292517006803,318196,331884,325166,-13688,-6970,-0.041243325981367,-0.0214352054027789
"4281","2020","부산","사하구","초등학교",2020-04-01,"남자",1082,1241,1208,-33,-126,-159,-0.0265914585012087,-0.104304635761589,-0.12812248186946,318196,331884,325166,-13688,-6970,-0.041243325981367,-0.0214352054027789
"4282","2020","부산","금정구","초등학교",2020-04-01,"전체",1525,1516,1506,-10,19,9,-0.00659630606860158,0.0126162018592297,0.00593667546174142,236904,244546,241986,-7642,-5082,-0.0312497444243619,-0.0210012149463192
"4283","2020","부산","금정구","초등학교",2020-04-01,"여자",763,731,721,-10,42,32,-0.0136798905608755,0.058252427184466,0.0437756497948016,236904,244546,241986,-7642,-5082,-0.0312497444243619,-0.0210012149463192
"4284","2020","부산","금정구","초등학교",2020-04-01,"남자",762,785,785,0,-23,-23,0,-0.0292993630573248,-0.0292993630573248,236904,244546,241986,-7642,-5082,-0.0312497444243619,-0.0210012149463192
"4285","2020","부산","강서구","초등학교",2020-04-01,"전체",1958,1962,2027,65,-69,-4,0.0331294597349643,-0.0340404538727183,-0.00203873598369011,131235,118760,126333,12475,4902,0.10504378578646,0.0388022131984517
"4286","2020","부산","강서구","초등학교",2020-04-01,"여자",949,957,993,36,-44,-8,0.0376175548589342,-0.0443101711983887,-0.00835945663531871,131235,118760,126333,12475,4902,0.10504378578646,0.0388022131984517
"4287","2020","부산","강서구","초등학교",2020-04-01,"남자",1009,1005,1034,29,-25,4,0.0288557213930348,-0.0241779497098646,0.00398009950248756,131235,118760,126333,12475,4902,0.10504378578646,0.0388022131984517
"4288","2020","부산","연제구","초등학교",2020-04-01,"전체",1559,1541,1607,66,-48,18,0.0428293316028553,-0.029869321717486,0.0116807268007787,210086,205697,209712,4389,374,0.0213372095849721,0.00178339818417639
"4289","2020","부산","연제구","초등학교",2020-04-01,"여자",799,759,803,44,-4,40,0.0579710144927536,-0.0049813200498132,0.0527009222661397,210086,205697,209712,4389,374,0.0213372095849721,0.00178339818417639
"4290","2020","부산","연제구","초등학교",2020-04-01,"남자",760,782,804,22,-44,-22,0.0281329923273657,-0.054726368159204,-0.0281329923273657,210086,205697,209712,4389,374,0.0213372095849721,0.00178339818417639
"4291","2020","부산","수영구","초등학교",2020-04-01,"전체",965,1100,1055,-45,-90,-135,-0.0409090909090909,-0.0853080568720379,-0.122727272727273,176984,178955,175744,-1971,1240,-0.0110139420524713,0.00705571740713765
"4292","2020","부산","수영구","초등학교",2020-04-01,"여자",450,504,477,-27,-27,-54,-0.0535714285714286,-0.0566037735849057,-0.107142857142857,176984,178955,175744,-1971,1240,-0.0110139420524713,0.00705571740713765
"4293","2020","부산","수영구","초등학교",2020-04-01,"남자",515,596,578,-18,-63,-81,-0.0302013422818792,-0.108996539792388,-0.135906040268456,176984,178955,175744,-1971,1240,-0.0110139420524713,0.00705571740713765
"4294","2020","부산","사상구","초등학교",2020-04-01,"전체",1279,1577,1495,-82,-216,-298,-0.051997463538364,-0.144481605351171,-0.188966391883323,216507,226845,221994,-10338,-5487,-0.0455729683263903,-0.0247168842401146
"4295","2020","부산","사상구","초등학교",2020-04-01,"여자",651,795,748,-47,-97,-144,-0.0591194968553459,-0.129679144385027,-0.181132075471698,216507,226845,221994,-10338,-5487,-0.0455729683263903,-0.0247168842401146
"4296","2020","부산","사상구","초등학교",2020-04-01,"남자",628,782,747,-35,-119,-154,-0.0447570332480818,-0.159303882195448,-0.19693094629156,216507,226845,221994,-10338,-5487,-0.0455729683263903,-0.0247168842401146
"4297","2020","부산","기장군","초등학교",2020-04-01,"전체",2041,2149,2134,-15,-93,-108,-0.00697999069334574,-0.0435801312089972,-0.0502559329920893,168132,162668,165024,5464,3108,0.0335898886074704,0.0188336242001163
"4298","2020","부산","기장군","초등학교",2020-04-01,"여자",969,1037,1018,-19,-49,-68,-0.0183220829315333,-0.0481335952848723,-0.0655737704918033,168132,162668,165024,5464,3108,0.0335898886074704,0.0188336242001163
"4299","2020","부산","기장군","초등학교",2020-04-01,"남자",1072,1112,1116,4,-44,-40,0.00359712230215827,-0.039426523297491,-0.0359712230215827,168132,162668,165024,5464,3108,0.0335898886074704,0.0188336242001163
"4300","2020","대구","중구","초등학교",2020-04-01,"전체",719,581,559,-22,160,138,-0.0378657487091222,0.286225402504472,0.237521514629948,76955,78777,78504,-1822,-1549,-0.0231285781382891,-0.0197314786507694
"4301","2020","대구","중구","초등학교",2020-04-01,"여자",356,288,273,-15,83,68,-0.0520833333333333,0.304029304029304,0.236111111111111,76955,78777,78504,-1822,-1549,-0.0231285781382891,-0.0197314786507694
"4302","2020","대구","중구","초등학교",2020-04-01,"남자",363,293,286,-7,77,70,-0.0238907849829352,0.269230769230769,0.238907849829352,76955,78777,78504,-1822,-1549,-0.0231285781382891,-0.0197314786507694
"4303","2020","대구","동구","초등학교",2020-04-01,"전체",2726,2925,2908,-17,-182,-199,-0.00581196581196581,-0.062585969738652,-0.068034188034188,343568,350961,350066,-7393,-6498,-0.0210650186203025,-0.0185622139825062
"4304","2020","대구","동구","초등학교",2020-04-01,"여자",1366,1433,1420,-13,-54,-67,-0.00907187718073971,-0.0380281690140845,-0.04675505931612,343568,350961,350066,-7393,-6498,-0.0210650186203025,-0.0185622139825062
"4305","2020","대구","동구","초등학교",2020-04-01,"남자",1360,1492,1488,-4,-128,-132,-0.00268096514745308,-0.0860215053763441,-0.0884718498659517,343568,350961,350066,-7393,-6498,-0.0210650186203025,-0.0185622139825062
"4306","2020","대구","서구","초등학교",2020-04-01,"전체",869,1039,963,-76,-94,-170,-0.0731472569778633,-0.0976116303219107,-0.163618864292589,173807,189585,181782,-15778,-7975,-0.083223883746077,-0.0438712303748446
"4307","2020","대구","서구","초등학교",2020-04-01,"여자",441,498,461,-37,-20,-57,-0.0742971887550201,-0.0433839479392625,-0.114457831325301,173807,189585,181782,-15778,-7975,-0.083223883746077,-0.0438712303748446
"4308","2020","대구","서구","초등학교",2020-04-01,"남자",428,541,502,-39,-74,-113,-0.0720887245841035,-0.147410358565737,-0.208872458410351,173807,189585,181782,-15778,-7975,-0.083223883746077,-0.0438712303748446
"4309","2020","대구","남구","초등학교",2020-04-01,"전체",719,827,783,-44,-64,-108,-0.0532043530834341,-0.0817369093231162,-0.130592503022975,147905,152128,149314,-4223,-1409,-0.0277595183003786,-0.00943648954552152
"4310","2020","대구","남구","초등학교",2020-04-01,"여자",366,399,378,-21,-12,-33,-0.0526315789473684,-0.0317460317460317,-0.0827067669172932,147905,152128,149314,-4223,-1409,-0.0277595183003786,-0.00943648954552152
"4311","2020","대구","남구","초등학교",2020-04-01,"남자",353,428,405,-23,-52,-75,-0.0537383177570093,-0.128395061728395,-0.175233644859813,147905,152128,149314,-4223,-1409,-0.0277595183003786,-0.00943648954552152
"4312","2020","대구","북구","초등학교",2020-04-01,"전체",3461,3790,3738,-52,-277,-329,-0.0137203166226913,-0.0741037988228999,-0.0868073878627968,436863,441043,437393,-4180,-530,-0.00947753393660029,-0.00121172492472445
"4313","2020","대구","북구","초등학교",2020-04-01,"여자",1705,1886,1856,-30,-151,-181,-0.0159066808059385,-0.0813577586206897,-0.0959703075291622,436863,441043,437393,-4180,-530,-0.00947753393660029,-0.00121172492472445
"4314","2020","대구","북구","초등학교",2020-04-01,"남자",1756,1904,1882,-22,-126,-148,-0.0115546218487395,-0.0669500531349628,-0.0777310924369748,436863,441043,437393,-4180,-530,-0.00947753393660029,-0.00121172492472445
"4315","2020","대구","수성구","초등학교",2020-04-01,"전체",3342,3103,3288,185,54,239,0.0596197228488559,0.0164233576642336,0.0770222365452788,428125,436405,431613,-8280,-3488,-0.0189732014986079,-0.00808131358415988
"4316","2020","대구","수성구","초등학교",2020-04-01,"여자",1641,1498,1585,87,56,143,0.0580774365821095,0.0353312302839117,0.0954606141522029,428125,436405,431613,-8280,-3488,-0.0189732014986079,-0.00808131358415988
"4317","2020","대구","수성구","초등학교",2020-04-01,"남자",1701,1605,1703,98,-2,96,0.0610591900311526,-0.00117439812096301,0.0598130841121495,428125,436405,431613,-8280,-3488,-0.0189732014986079,-0.00808131358415988
"4318","2020","대구","달서구","초등학교",2020-04-01,"전체",4658,4460,4519,59,139,198,0.0132286995515695,0.0307590174817437,0.0443946188340807,567375,575414,571682,-8039,-4307,-0.0139708105815986,-0.00753390871148646
"4319","2020","대구","달서구","초등학교",2020-04-01,"여자",2288,2199,2225,26,63,89,0.0118235561618918,0.028314606741573,0.0404729422464757,567375,575414,571682,-8039,-4307,-0.0139708105815986,-0.00753390871148646
"4320","2020","대구","달서구","초등학교",2020-04-01,"남자",2370,2261,2294,33,76,109,0.0145953118089341,0.033129904097646,0.0482087571870854,567375,575414,571682,-8039,-4307,-0.0139708105815986,-0.00753390871148646
"4321","2020","대구","달성군","초등학교",2020-04-01,"전체",2883,2966,2974,8,-91,-83,0.00269723533378287,-0.0305985205110962,-0.0279838165879973,256925,246823,253800,10102,3125,0.0409281144787965,0.0123128447596533
"4322","2020","대구","달성군","초등학교",2020-04-01,"여자",1401,1475,1477,2,-76,-74,0.00135593220338983,-0.051455653351388,-0.0501694915254237,256925,246823,253800,10102,3125,0.0409281144787965,0.0123128447596533
"4323","2020","대구","달성군","초등학교",2020-04-01,"남자",1482,1491,1497,6,-15,-9,0.00402414486921529,-0.0100200400801603,-0.00603621730382294,256925,246823,253800,10102,3125,0.0409281144787965,0.0123128447596533
"4324","2020","인천","중구","초등학교",2020-04-01,"전체",1388,1096,1242,146,146,292,0.133211678832117,0.117552334943639,0.266423357664234,137994,118437,127766,19557,10228,0.165125763063907,0.080052596152341
"4325","2020","인천","중구","초등학교",2020-04-01,"여자",676,543,619,76,57,133,0.139963167587477,0.0920840064620355,0.244935543278085,137994,118437,127766,19557,10228,0.165125763063907,0.080052596152341
"4326","2020","인천","중구","초등학교",2020-04-01,"남자",712,553,623,70,89,159,0.126582278481013,0.142857142857143,0.2875226039783,137994,118437,127766,19557,10228,0.165125763063907,0.080052596152341
"4327","2020","인천","동구","초등학교",2020-04-01,"전체",541,506,470,-36,71,35,-0.0711462450592885,0.151063829787234,0.0691699604743083,63866,67887,65257,-4021,-1391,-0.059230780561816,-0.0213157209188286
"4328","2020","인천","동구","초등학교",2020-04-01,"여자",254,247,219,-28,35,7,-0.11336032388664,0.159817351598174,0.0283400809716599,63866,67887,65257,-4021,-1391,-0.059230780561816,-0.0213157209188286
"4329","2020","인천","동구","초등학교",2020-04-01,"남자",287,259,251,-8,36,28,-0.0308880308880309,0.143426294820717,0.108108108108108,63866,67887,65257,-4021,-1391,-0.059230780561816,-0.0213157209188286
"4330","2020","인천","연수구","초등학교",2020-04-01,"전체",3950,3339,3592,253,358,611,0.0757711889787362,0.0996659242761693,0.182988918837975,371396,339191,352172,32205,19224,0.094946505066467,0.054586963188442
"4331","2020","인천","연수구","초등학교",2020-04-01,"여자",1940,1637,1732,95,208,303,0.0580329871716555,0.120092378752887,0.185094685400122,371396,339191,352172,32205,19224,0.094946505066467,0.054586963188442
"4332","2020","인천","연수구","초등학교",2020-04-01,"남자",2010,1702,1860,158,150,308,0.0928319623971798,0.0806451612903226,0.18096357226792,371396,339191,352172,32205,19224,0.094946505066467,0.054586963188442
"4333","2020","인천","미추홀구","초등학교",2020-04-01,"전체",2818,3262,3135,-127,-317,-444,-0.0389331698344574,-0.101116427432217,-0.136112814224402,406690,419321,414387,-12631,-7697,-0.0301225075777268,-0.0185744243907265
"4334","2020","인천","미추홀구","초등학교",2020-04-01,"여자",1365,1608,1558,-50,-193,-243,-0.0310945273631841,-0.12387676508344,-0.151119402985075,406690,419321,414387,-12631,-7697,-0.0301225075777268,-0.0185744243907265
"4335","2020","인천","미추홀구","초등학교",2020-04-01,"남자",1453,1654,1577,-77,-124,-201,-0.0465538089480048,-0.0786303107165504,-0.121523579201935,406690,419321,414387,-12631,-7697,-0.0301225075777268,-0.0185744243907265
"4336","2020","인천","남동구","초등학교",2020-04-01,"전체",4652,5063,4898,-165,-246,-411,-0.0325893738889986,-0.0502245814618211,-0.081177167687142,531526,538360,536255,-6834,-4729,-0.0126941080318003,-0.00881856579425833
"4337","2020","인천","남동구","초등학교",2020-04-01,"여자",2319,2469,2407,-62,-88,-150,-0.0251113811259619,-0.0365600332363939,-0.0607533414337789,531526,538360,536255,-6834,-4729,-0.0126941080318003,-0.00881856579425833
"4338","2020","인천","남동구","초등학교",2020-04-01,"남자",2333,2594,2491,-103,-158,-261,-0.0397070161912105,-0.0634283420313127,-0.100616808018504,531526,538360,536255,-6834,-4729,-0.0126941080318003,-0.00881856579425833
"4339","2020","인천","부평구","초등학교",2020-04-01,"전체",3632,4157,3931,-226,-299,-525,-0.054366129420255,-0.0760620707199186,-0.126292999759442,505236,532960,520171,-27724,-14935,-0.0520189132392675,-0.0287117121100561
"4340","2020","인천","부평구","초등학교",2020-04-01,"여자",1796,2044,1935,-109,-139,-248,-0.0533268101761252,-0.0718346253229974,-0.12133072407045,505236,532960,520171,-27724,-14935,-0.0520189132392675,-0.0287117121100561
"4341","2020","인천","부평구","초등학교",2020-04-01,"남자",1836,2113,1996,-117,-160,-277,-0.0553715097018457,-0.0801603206412826,-0.131093232371036,505236,532960,520171,-27724,-14935,-0.0520189132392675,-0.0287117121100561
"4342","2020","인천","계양구","초등학교",2020-04-01,"전체",2091,2326,2208,-118,-117,-235,-0.0507308684436801,-0.0529891304347826,-0.101031814273431,300885,318432,308685,-17547,-7800,-0.0551043864938197,-0.0252684775742262
"4343","2020","인천","계양구","초등학교",2020-04-01,"여자",999,1111,1065,-46,-66,-112,-0.0414041404140414,-0.0619718309859155,-0.100810081008101,300885,318432,308685,-17547,-7800,-0.0551043864938197,-0.0252684775742262
"4344","2020","인천","계양구","초등학교",2020-04-01,"남자",1092,1215,1143,-72,-51,-123,-0.0592592592592593,-0.0446194225721785,-0.101234567901235,300885,318432,308685,-17547,-7800,-0.0551043864938197,-0.0252684775742262
"4345","2020","인천","서구","초등학교",2020-04-01,"전체",5334,5512,5596,84,-262,-178,0.0152394775036284,-0.046819156540386,-0.0322931785195936,543994,527845,542157,16149,1837,0.0305942085271244,0.00338831740621259
"4346","2020","인천","서구","초등학교",2020-04-01,"여자",2620,2675,2720,45,-100,-55,0.0168224299065421,-0.0367647058823529,-0.0205607476635514,543994,527845,542157,16149,1837,0.0305942085271244,0.00338831740621259
"4347","2020","인천","서구","초등학교",2020-04-01,"남자",2714,2837,2876,39,-162,-123,0.0137469157560804,-0.0563282336578581,-0.0433556573845612,543994,527845,542157,16149,1837,0.0305942085271244,0.00338831740621259
"4348","2020","인천","강화군","초등학교",2020-04-01,"전체",332,305,301,-4,31,27,-0.0131147540983607,0.102990033222591,0.0885245901639344,69030,68735,68992,295,38,0.00429184549356223,0.000550788497217069
"4349","2020","인천","강화군","초등학교",2020-04-01,"여자",167,155,156,1,11,12,0.00645161290322581,0.0705128205128205,0.0774193548387097,69030,68735,68992,295,38,0.00429184549356223,0.000550788497217069
"4350","2020","인천","강화군","초등학교",2020-04-01,"남자",165,150,145,-5,20,15,-0.0333333333333333,0.137931034482759,0.1,69030,68735,68992,295,38,0.00429184549356223,0.000550788497217069
"4351","2020","인천","옹진군","초등학교",2020-04-01,"전체",97,116,109,-7,-12,-19,-0.0603448275862069,-0.110091743119266,-0.163793103448276,20355,21308,20858,-953,-503,-0.0447249859207809,-0.0241154473103845
"4352","2020","인천","옹진군","초등학교",2020-04-01,"여자",44,52,53,1,-9,-8,0.0192307692307692,-0.169811320754717,-0.153846153846154,20355,21308,20858,-953,-503,-0.0447249859207809,-0.0241154473103845
"4353","2020","인천","옹진군","초등학교",2020-04-01,"남자",53,64,56,-8,-3,-11,-0.125,-0.0535714285714286,-0.171875,20355,21308,20858,-953,-503,-0.0447249859207809,-0.0241154473103845
"4354","2020","광주","동구","초등학교",2020-04-01,"전체",569,636,636,0,-67,-67,0,-0.105345911949686,-0.105345911949686,98622,94673,94653,3949,3969,0.0417119981409694,0.0419321099172768
"4355","2020","광주","동구","초등학교",2020-04-01,"여자",274,307,308,1,-34,-33,0.00325732899022801,-0.11038961038961,-0.107491856677524,98622,94673,94653,3949,3969,0.0417119981409694,0.0419321099172768
"4356","2020","광주","동구","초등학교",2020-04-01,"남자",295,329,328,-1,-33,-34,-0.00303951367781155,-0.100609756097561,-0.103343465045593,98622,94673,94653,3949,3969,0.0417119981409694,0.0419321099172768
"4357","2020","광주","서구","초등학교",2020-04-01,"전체",2558,2565,2557,-8,1,-7,-0.00311890838206628,0.000391083300743058,-0.00272904483430799,300093,305483,302607,-5390,-2514,-0.0176441896930435,-0.00830780517304623
"4358","2020","광주","서구","초등학교",2020-04-01,"여자",1240,1260,1243,-17,-3,-20,-0.0134920634920635,-0.00241351568785197,-0.0158730158730159,300093,305483,302607,-5390,-2514,-0.0176441896930435,-0.00830780517304623
"4359","2020","광주","서구","초등학교",2020-04-01,"남자",1318,1305,1314,9,4,13,0.00689655172413793,0.0030441400304414,0.00996168582375479,300093,305483,302607,-5390,-2514,-0.0176441896930435,-0.00830780517304623
"4360","2020","광주","남구","초등학교",2020-04-01,"전체",2160,1867,1925,58,235,293,0.031065881092662,0.122077922077922,0.156936261381896,217543,217558,217679,-15,-136,-6.89471313396887e-05,-0.000624773175179967
"4361","2020","광주","남구","초등학교",2020-04-01,"여자",1073,921,940,19,133,152,0.0206297502714441,0.141489361702128,0.165038002171553,217543,217558,217679,-15,-136,-6.89471313396887e-05,-0.000624773175179967
"4362","2020","광주","남구","초등학교",2020-04-01,"남자",1087,946,985,39,102,141,0.0412262156448203,0.103553299492386,0.149048625792812,217543,217558,217679,-15,-136,-6.89471313396887e-05,-0.000624773175179967
"4363","2020","광주","북구","초등학교",2020-04-01,"전체",3635,3839,3827,-12,-192,-204,-0.00312581401406616,-0.0501698458322446,-0.0531388382391248,433057,439681,437617,-6624,-4560,-0.0150654679187866,-0.0104200705182843
"4364","2020","광주","북구","초등학교",2020-04-01,"여자",1734,1883,1876,-7,-142,-149,-0.00371747211895911,-0.0756929637526653,-0.0791290493892724,433057,439681,437617,-6624,-4560,-0.0150654679187866,-0.0104200705182843
"4365","2020","광주","북구","초등학교",2020-04-01,"남자",1901,1956,1951,-5,-50,-55,-0.00255623721881391,-0.0256278831368529,-0.028118609406953,433057,439681,437617,-6624,-4560,-0.0150654679187866,-0.0104200705182843
"4366","2020","광주","광산구","초등학교",2020-04-01,"전체",4610,4489,4543,54,67,121,0.0120294052127423,0.0147479639005063,0.0269547783470706,406781,403577,406384,3204,397,0.00793900544381865,0.000976908539706288
"4367","2020","광주","광산구","초등학교",2020-04-01,"여자",2277,2219,2242,23,35,58,0.0103650292924741,0.0156110615521855,0.0261378999549347,406781,403577,406384,3204,397,0.00793900544381865,0.000976908539706288
"4368","2020","광주","광산구","초등학교",2020-04-01,"남자",2333,2270,2301,31,32,63,0.0136563876651982,0.0139069969578444,0.0277533039647577,406781,403577,406384,3204,397,0.00793900544381865,0.000976908539706288
"4369","2020","대전","동구","초등학교",2020-04-01,"전체",1641,1826,1810,-16,-169,-185,-0.00876232201533406,-0.0933701657458564,-0.1013143483023,225094,228751,229513,-3657,-4419,-0.0159868153581842,-0.0192538113309486
"4370","2020","대전","동구","초등학교",2020-04-01,"여자",836,901,883,-18,-47,-65,-0.0199778024417314,-0.0532276330690827,-0.072142064372919,225094,228751,229513,-3657,-4419,-0.0159868153581842,-0.0192538113309486
"4371","2020","대전","동구","초등학교",2020-04-01,"남자",805,925,927,2,-122,-120,0.00216216216216216,-0.131607335490831,-0.12972972972973,225094,228751,229513,-3657,-4419,-0.0159868153581842,-0.0192538113309486
"4372","2020","대전","중구","초등학교",2020-04-01,"전체",1776,1851,1830,-21,-54,-75,-0.0113452188006483,-0.0295081967213115,-0.0405186385737439,239361,247070,243096,-7709,-3735,-0.0312016837333549,-0.0153643005232501
"4373","2020","대전","중구","초등학교",2020-04-01,"여자",867,885,871,-14,-4,-18,-0.015819209039548,-0.00459242250287026,-0.0203389830508475,239361,247070,243096,-7709,-3735,-0.0312016837333549,-0.0153643005232501
"4374","2020","대전","중구","초등학교",2020-04-01,"남자",909,966,959,-7,-50,-57,-0.0072463768115942,-0.0521376433785193,-0.0590062111801242,239361,247070,243096,-7709,-3735,-0.0312016837333549,-0.0153643005232501
"4375","2020","대전","서구","초등학교",2020-04-01,"전체",4191,4303,4275,-28,-84,-112,-0.00650708807808506,-0.0196491228070175,-0.0260283523123402,481304,486976,482783,-5672,-1479,-0.0116473912472073,-0.00306348815099123
"4376","2020","대전","서구","초등학교",2020-04-01,"여자",2021,2092,2114,22,-93,-71,0.0105162523900574,-0.04399243140965,-0.0339388145315488,481304,486976,482783,-5672,-1479,-0.0116473912472073,-0.00306348815099123
"4377","2020","대전","서구","초등학교",2020-04-01,"남자",2170,2211,2161,-50,9,-41,-0.0226142017186793,0.004164738546969,-0.018543645409317,481304,486976,482783,-5672,-1479,-0.0116473912472073,-0.00306348815099123
"4378","2020","대전","유성구","초등학교",2020-04-01,"전체",3715,3923,3911,-12,-196,-208,-0.00305888350751976,-0.0501150600869343,-0.0530206474636758,350439,347930,349868,2509,571,0.00721122064783146,0.00163204408519785
"4379","2020","대전","유성구","초등학교",2020-04-01,"여자",1852,1888,1895,7,-43,-36,0.00370762711864407,-0.0226912928759894,-0.0190677966101695,350439,347930,349868,2509,571,0.00721122064783146,0.00163204408519785
"4380","2020","대전","유성구","초등학교",2020-04-01,"남자",1863,2035,2016,-19,-153,-172,-0.00933660933660934,-0.0758928571428571,-0.0845208845208845,350439,347930,349868,2509,571,0.00721122064783146,0.00163204408519785
"4381","2020","대전","대덕구","초등학교",2020-04-01,"전체",1261,1406,1325,-81,-64,-145,-0.0576102418207681,-0.0483018867924528,-0.103129445234708,175452,185396,180249,-9944,-4797,-0.0536365401626788,-0.0266131850939534
"4382","2020","대전","대덕구","초등학교",2020-04-01,"여자",604,692,646,-46,-42,-88,-0.0664739884393064,-0.065015479876161,-0.127167630057803,175452,185396,180249,-9944,-4797,-0.0536365401626788,-0.0266131850939534
"4383","2020","대전","대덕구","초등학교",2020-04-01,"남자",657,714,679,-35,-22,-57,-0.0490196078431373,-0.03240058910162,-0.0798319327731092,175452,185396,180249,-9944,-4797,-0.0536365401626788,-0.0266131850939534
"4384","2020","울산","중구","초등학교",2020-04-01,"전체",1924,2108,1994,-114,-70,-184,-0.0540796963946869,-0.0351053159478435,-0.0872865275142315,221125,235830,228014,-14705,-6889,-0.0623542382224484,-0.0302130570929855
"4385","2020","울산","중구","초등학교",2020-04-01,"여자",941,1031,972,-59,-31,-90,-0.0572259941804074,-0.0318930041152263,-0.0872938894277401,221125,235830,228014,-14705,-6889,-0.0623542382224484,-0.0302130570929855
"4386","2020","울산","중구","초등학교",2020-04-01,"남자",983,1077,1022,-55,-39,-94,-0.0510677808727948,-0.038160469667319,-0.0872794800371402,221125,235830,228014,-14705,-6889,-0.0623542382224484,-0.0302130570929855
"4387","2020","울산","남구","초등학교",2020-04-01,"전체",2523,2708,2688,-20,-165,-185,-0.00738552437223043,-0.0613839285714286,-0.0683161004431315,323230,332985,327868,-9755,-4638,-0.0292956139165428,-0.0141459367794356
"4388","2020","울산","남구","초등학교",2020-04-01,"여자",1254,1301,1313,12,-59,-47,0.00922367409684858,-0.0449352627570449,-0.0361260568793236,323230,332985,327868,-9755,-4638,-0.0292956139165428,-0.0141459367794356
"4389","2020","울산","남구","초등학교",2020-04-01,"남자",1269,1407,1375,-32,-106,-138,-0.0227434257285004,-0.0770909090909091,-0.0980810234541578,323230,332985,327868,-9755,-4638,-0.0292956139165428,-0.0141459367794356
"4390","2020","울산","동구","초등학교",2020-04-01,"전체",1683,1887,1811,-76,-128,-204,-0.0402755696873344,-0.0706791827719492,-0.108108108108108,158323,167272,162298,-8949,-3975,-0.0534996891290832,-0.0244919838815019
"4391","2020","울산","동구","초등학교",2020-04-01,"여자",813,951,915,-36,-102,-138,-0.0378548895899054,-0.111475409836066,-0.145110410094637,158323,167272,162298,-8949,-3975,-0.0534996891290832,-0.0244919838815019
"4392","2020","울산","동구","초등학교",2020-04-01,"남자",870,936,896,-40,-26,-66,-0.0427350427350427,-0.0290178571428571,-0.0705128205128205,158323,167272,162298,-8949,-3975,-0.0534996891290832,-0.0244919838815019
"4393","2020","울산","북구","초등학교",2020-04-01,"전체",2709,2582,2721,139,-12,127,0.0538342370255616,-0.00441014332965821,0.0491866769945778,218364,204568,211922,13796,6442,0.0674396777599625,0.0303979766140372
"4394","2020","울산","북구","초등학교",2020-04-01,"여자",1317,1235,1305,70,12,82,0.0566801619433198,0.00919540229885057,0.0663967611336032,218364,204568,211922,13796,6442,0.0674396777599625,0.0303979766140372
"4395","2020","울산","북구","초등학교",2020-04-01,"남자",1392,1347,1416,69,-24,45,0.0512249443207127,-0.0169491525423729,0.0334075723830735,218364,204568,211922,13796,6442,0.0674396777599625,0.0303979766140372
"4396","2020","울산","울주군","초등학교",2020-04-01,"전체",2003,2017,2008,-9,-5,-14,-0.0044620723847298,-0.00249003984063745,-0.00694100148735746,223056,220648,222191,2408,865,0.0109133098872412,0.00389304697309972
"4397","2020","울산","울주군","초등학교",2020-04-01,"여자",998,1005,998,-7,0,-7,-0.00696517412935323,0,-0.00696517412935323,223056,220648,222191,2408,865,0.0109133098872412,0.00389304697309972
"4398","2020","울산","울주군","초등학교",2020-04-01,"남자",1005,1012,1010,-2,-5,-7,-0.00197628458498024,-0.00495049504950495,-0.00691699604743083,223056,220648,222191,2408,865,0.0109133098872412,0.00389304697309972
"4399","2020","세종","세종시","초등학교",2020-04-01,"전체",4877,4231,4649,418,228,646,0.0987946112030253,0.0490428049042805,0.15268258095013,345216,295041,324417,50175,20799,0.170061110150793,0.0641119300159979
"4400","2020","세종","세종시","초등학교",2020-04-01,"전체",4877,4231,4649,418,228,646,0.0987946112030253,0.0490428049042805,0.15268258095013,345216,295041,324417,50175,20799,0.170061110150793,0.0641119300159979
"4401","2020","세종","세종시","초등학교",2020-04-01,"전체",4877,4231,4649,418,228,646,0.0987946112030253,0.0490428049042805,0.15268258095013,345216,295041,324417,50175,20799,0.170061110150793,0.0641119300159979
"4402","2020","세종","세종시","초등학교",2020-04-01,"전체",4877,4231,4649,418,228,646,0.0987946112030253,0.0490428049042805,0.15268258095013,345216,295041,324417,50175,20799,0.170061110150793,0.0641119300159979
"4403","2020","세종","세종시","초등학교",2020-04-01,"여자",2382,2122,2318,196,64,260,0.0923656927426956,0.0276100086281277,0.122525918944392,345216,295041,324417,50175,20799,0.170061110150793,0.0641119300159979
"4404","2020","세종","세종시","초등학교",2020-04-01,"여자",2382,2122,2318,196,64,260,0.0923656927426956,0.0276100086281277,0.122525918944392,345216,295041,324417,50175,20799,0.170061110150793,0.0641119300159979
"4405","2020","세종","세종시","초등학교",2020-04-01,"여자",2382,2122,2318,196,64,260,0.0923656927426956,0.0276100086281277,0.122525918944392,345216,295041,324417,50175,20799,0.170061110150793,0.0641119300159979
"4406","2020","세종","세종시","초등학교",2020-04-01,"여자",2382,2122,2318,196,64,260,0.0923656927426956,0.0276100086281277,0.122525918944392,345216,295041,324417,50175,20799,0.170061110150793,0.0641119300159979
"4407","2020","세종","세종시","초등학교",2020-04-01,"남자",2495,2109,2331,222,164,386,0.105263157894737,0.0703560703560704,0.183025130393551,345216,295041,324417,50175,20799,0.170061110150793,0.0641119300159979
"4408","2020","세종","세종시","초등학교",2020-04-01,"남자",2495,2109,2331,222,164,386,0.105263157894737,0.0703560703560704,0.183025130393551,345216,295041,324417,50175,20799,0.170061110150793,0.0641119300159979
"4409","2020","세종","세종시","초등학교",2020-04-01,"남자",2495,2109,2331,222,164,386,0.105263157894737,0.0703560703560704,0.183025130393551,345216,295041,324417,50175,20799,0.170061110150793,0.0641119300159979
"4410","2020","세종","세종시","초등학교",2020-04-01,"남자",2495,2109,2331,222,164,386,0.105263157894737,0.0703560703560704,0.183025130393551,345216,295041,324417,50175,20799,0.170061110150793,0.0641119300159979
"4411","2020","경기","수원시","초등학교",2020-04-01,"전체",10736,11209,10968,-241,-232,-473,-0.0215005798911589,-0.0211524434719183,-0.042198233562316,1192622,1201779,1198461,-9157,-5839,-0.00761953736918352,-0.00487208177821389
"4412","2020","경기","수원시","초등학교",2020-04-01,"여자",5220,5476,5328,-148,-108,-256,-0.027027027027027,-0.0202702702702703,-0.0467494521548576,1192622,1201779,1198461,-9157,-5839,-0.00761953736918352,-0.00487208177821389
"4413","2020","경기","수원시","초등학교",2020-04-01,"남자",5516,5733,5640,-93,-124,-217,-0.0162218733647305,-0.0219858156028369,-0.0378510378510378,1192622,1201779,1198461,-9157,-5839,-0.00761953736918352,-0.00487208177821389
"4414","2020","경기","성남시","초등학교",2020-04-01,"전체",7248,7793,7571,-222,-323,-545,-0.0284871038111125,-0.0426627922335227,-0.0699345566534069,941527,964400,949316,-22873,-7789,-0.0237173372044795,-0.00820485486392308
"4415","2020","경기","성남시","초등학교",2020-04-01,"여자",3552,3841,3731,-110,-179,-289,-0.0286383754230669,-0.0479764138300724,-0.0752408227024212,941527,964400,949316,-22873,-7789,-0.0237173372044795,-0.00820485486392308
"4416","2020","경기","성남시","초등학교",2020-04-01,"남자",3696,3952,3840,-112,-144,-256,-0.0283400809716599,-0.0375,-0.0647773279352227,941527,964400,949316,-22873,-7789,-0.0237173372044795,-0.00820485486392308
"4417","2020","경기","부천시","초등학교",2020-04-01,"전체",6184,6768,6540,-228,-356,-584,-0.0336879432624113,-0.054434250764526,-0.0862884160756501,826845,851589,837937,-24744,-11092,-0.0290562701021267,-0.0132372720144832
"4418","2020","경기","부천시","초등학교",2020-04-01,"여자",3000,3331,3224,-107,-224,-331,-0.032122485740018,-0.0694789081885856,-0.0993695586910838,826845,851589,837937,-24744,-11092,-0.0290562701021267,-0.0132372720144832
"4419","2020","경기","부천시","초등학교",2020-04-01,"남자",3184,3437,3316,-121,-132,-253,-0.0352051207448356,-0.0398069963811821,-0.073610707011929,826845,851589,837937,-24744,-11092,-0.0290562701021267,-0.0132372720144832
"4420","2020","경기","안양시","초등학교",2020-04-01,"전체",4137,4609,4453,-156,-316,-472,-0.0338468214363202,-0.0709633954637323,-0.102408331525277,561069,583140,573296,-22071,-12227,-0.037848544088898,-0.021327551561497
"4421","2020","경기","안양시","초등학교",2020-04-01,"여자",1995,2278,2184,-94,-189,-283,-0.0412642669007902,-0.0865384615384615,-0.124231782265145,561069,583140,573296,-22071,-12227,-0.037848544088898,-0.021327551561497
"4422","2020","경기","안양시","초등학교",2020-04-01,"남자",2142,2331,2269,-62,-127,-189,-0.0265980265980266,-0.0559717937417364,-0.0810810810810811,561069,583140,573296,-22071,-12227,-0.037848544088898,-0.021327551561497
"4423","2020","경기","과천시","초등학교",2020-04-01,"전체",483,444,496,52,-13,39,0.117117117117117,-0.0262096774193548,0.0878378378378378,59687,57154,58218,2533,1469,0.0443188578227246,0.025232745886152
"4424","2020","경기","과천시","초등학교",2020-04-01,"여자",230,209,231,22,-1,21,0.105263157894737,-0.00432900432900433,0.100478468899522,59687,57154,58218,2533,1469,0.0443188578227246,0.025232745886152
"4425","2020","경기","과천시","초등학교",2020-04-01,"남자",253,235,265,30,-12,18,0.127659574468085,-0.0452830188679245,0.0765957446808511,59687,57154,58218,2533,1469,0.0443188578227246,0.025232745886152
"4426","2020","경기","안산시","초등학교",2020-04-01,"전체",5067,5032,4936,-96,131,35,-0.0190779014308426,0.0265397082658023,0.00695548489666137,653575,666168,657988,-12593,-4413,-0.0189036399226622,-0.00670680924272175
"4427","2020","경기","안산시","초등학교",2020-04-01,"여자",2481,2442,2408,-34,73,39,-0.0139230139230139,0.0303156146179402,0.015970515970516,653575,666168,657988,-12593,-4413,-0.0189036399226622,-0.00670680924272175
"4428","2020","경기","안산시","초등학교",2020-04-01,"남자",2586,2590,2528,-62,58,-4,-0.0239382239382239,0.0229430379746835,-0.00154440154440154,653575,666168,657988,-12593,-4413,-0.0189036399226622,-0.00670680924272175
"4429","2020","경기","용인시","초등학교",2020-04-01,"전체",10978,10784,11214,430,-236,194,0.0398738872403561,-0.0210451221687177,0.0179896142433234,1068519,1009823,1042229,58696,26290,0.0581250377541411,0.0252247826533324
"4430","2020","경기","용인시","초등학교",2020-04-01,"여자",5440,5299,5535,236,-95,141,0.0445367050386865,-0.017163504968383,0.0266087941120966,1068519,1009823,1042229,58696,26290,0.0581250377541411,0.0252247826533324
"4431","2020","경기","용인시","초등학교",2020-04-01,"남자",5538,5485,5679,194,-141,53,0.0353691886964448,-0.0248283148441627,0.00966271649954421,1068519,1009823,1042229,58696,26290,0.0581250377541411,0.0252247826533324
"4432","2020","경기","군포시","초등학교",2020-04-01,"전체",2337,2455,2359,-96,-22,-118,-0.0391038696537678,-0.00932598558711318,-0.0480651731160896,275954,279634,275207,-3680,747,-0.0131600592202665,0.00271432049330141
"4433","2020","경기","군포시","초등학교",2020-04-01,"여자",1145,1189,1138,-51,7,-44,-0.0428931875525652,0.00615114235500879,-0.0370058873002523,275954,279634,275207,-3680,747,-0.0131600592202665,0.00271432049330141
"4434","2020","경기","군포시","초등학교",2020-04-01,"남자",1192,1266,1221,-45,-29,-74,-0.0355450236966825,-0.0237510237510237,-0.0584518167456556,275954,279634,275207,-3680,747,-0.0131600592202665,0.00271432049330141
"4435","2020","경기","의왕시","초등학교",2020-04-01,"전체",1282,1352,1362,10,-80,-70,0.00739644970414201,-0.0587371512481645,-0.0517751479289941,164701,154679,157090,10022,7611,0.0647922471699455,0.0484499331593354
"4436","2020","경기","의왕시","초등학교",2020-04-01,"여자",679,692,699,7,-20,-13,0.0101156069364162,-0.0286123032904149,-0.0187861271676301,164701,154679,157090,10022,7611,0.0647922471699455,0.0484499331593354
"4437","2020","경기","의왕시","초등학교",2020-04-01,"남자",603,660,663,3,-60,-57,0.00454545454545455,-0.0904977375565611,-0.0863636363636364,164701,154679,157090,10022,7611,0.0647922471699455,0.0484499331593354
"4438","2020","경기","시흥시","초등학교",2020-04-01,"전체",4951,4170,4562,392,389,781,0.0940047961630695,0.0852696185883385,0.187290167865707,478464,432427,459601,46037,18863,0.106461899927618,0.0410421213182739
"4439","2020","경기","시흥시","초등학교",2020-04-01,"여자",2412,2053,2246,193,166,359,0.0940087676570872,0.0739091718610864,0.17486604968339,478464,432427,459601,46037,18863,0.106461899927618,0.0410421213182739
"4440","2020","경기","시흥시","초등학교",2020-04-01,"남자",2539,2117,2316,199,223,422,0.0940009447331129,0.096286701208981,0.199338686820973,478464,432427,459601,46037,18863,0.106461899927618,0.0410421213182739
"4441","2020","경기","평택시","초등학교",2020-04-01,"전체",5064,4686,4870,184,194,378,0.039265898420828,0.0398357289527721,0.0806658130601793,520649,486740,500787,33909,19862,0.0696655298516662,0.0396615726845944
"4442","2020","경기","평택시","초등학교",2020-04-01,"여자",2545,2334,2416,82,129,211,0.0351328191945159,0.0533940397350993,0.0904027420736932,520649,486740,500787,33909,19862,0.0696655298516662,0.0396615726845944
"4443","2020","경기","평택시","초등학교",2020-04-01,"남자",2519,2352,2454,102,65,167,0.0433673469387755,0.0264873675631622,0.0710034013605442,520649,486740,500787,33909,19862,0.0696655298516662,0.0396615726845944
"4444","2020","경기","화성시","초등학교",2020-04-01,"전체",11080,9928,10749,821,331,1152,0.0826954069298952,0.0307935621918318,0.116035455278002,831888,722220,781507,109668,50381,0.151848467226053,0.0644664731090061
"4445","2020","경기","화성시","초등학교",2020-04-01,"여자",5367,4886,5320,434,47,481,0.0888252148997135,0.00883458646616541,0.0984445354072861,831888,722220,781507,109668,50381,0.151848467226053,0.0644664731090061
"4446","2020","경기","화성시","초등학교",2020-04-01,"남자",5713,5042,5429,387,284,671,0.0767552558508528,0.0523116596058206,0.133082110273701,831888,722220,781507,109668,50381,0.151848467226053,0.0644664731090061
"4447","2020","경기","오산시","초등학교",2020-04-01,"전체",2683,2763,2714,-49,-31,-80,-0.0177343467245747,-0.0114222549742078,-0.0289540354686934,227550,216755,220081,10795,7469,0.049802772715739,0.033937504827768
"4448","2020","경기","오산시","초등학교",2020-04-01,"여자",1306,1381,1337,-44,-31,-75,-0.0318609703113686,-0.0231862378459237,-0.054308472121651,227550,216755,220081,10795,7469,0.049802772715739,0.033937504827768
"4449","2020","경기","오산시","초등학교",2020-04-01,"남자",1377,1382,1377,-5,0,-5,-0.00361794500723589,0,-0.00361794500723589,227550,216755,220081,10795,7469,0.049802772715739,0.033937504827768
"4450","2020","경기","광명시","초등학교",2020-04-01,"전체",2629,2848,2743,-105,-114,-219,-0.0368679775280899,-0.041560335399198,-0.0768960674157303,315745,330837,323527,-15092,-7782,-0.0456176304343226,-0.0240536338543615
"4451","2020","경기","광명시","초등학교",2020-04-01,"여자",1272,1391,1339,-52,-67,-119,-0.0373831775700935,-0.0500373412994772,-0.085549964054637,315745,330837,323527,-15092,-7782,-0.0456176304343226,-0.0240536338543615
"4452","2020","경기","광명시","초등학교",2020-04-01,"남자",1357,1457,1404,-53,-47,-100,-0.0363761153054221,-0.0334757834757835,-0.0686341798215511,315745,330837,323527,-15092,-7782,-0.0456176304343226,-0.0240536338543615
"4453","2020","경기","광주시","초등학교",2020-04-01,"전체",3325,3686,3742,56,-417,-361,0.0151926207270754,-0.111437733832175,-0.0979381443298969,375561,351494,366092,24067,9469,0.0684705855576482,0.0258650830938671
"4454","2020","경기","광주시","초등학교",2020-04-01,"여자",1635,1785,1811,26,-176,-150,0.0145658263305322,-0.0971838763114301,-0.0840336134453782,375561,351494,366092,24067,9469,0.0684705855576482,0.0258650830938671
"4455","2020","경기","광주시","초등학교",2020-04-01,"남자",1690,1901,1931,30,-241,-211,0.0157811678064177,-0.124805800103573,-0.110994213571804,375561,351494,366092,24067,9469,0.0684705855576482,0.0258650830938671
"4456","2020","경기","하남시","초등학교",2020-04-01,"전체",3020,2845,3103,258,-83,175,0.0906854130052724,-0.0267483080889462,0.0615114235500879,279621,239662,262261,39959,17360,0.166730645659304,0.066193601031034
"4457","2020","경기","하남시","초등학교",2020-04-01,"여자",1504,1379,1520,141,-16,125,0.102248005801305,-0.0105263157894737,0.0906453952139231,279621,239662,262261,39959,17360,0.166730645659304,0.066193601031034
"4458","2020","경기","하남시","초등학교",2020-04-01,"남자",1516,1466,1583,117,-67,50,0.0798090040927694,-0.0423246999368288,0.034106412005457,279621,239662,262261,39959,17360,0.166730645659304,0.066193601031034
"4459","2020","경기","김포시","초등학교",2020-04-01,"전체",5401,5037,5398,361,3,364,0.0716696446297399,0.000555761393108559,0.0722652372443915,445425,401385,429752,44040,15673,0.109720094173923,0.0364698709953648
"4460","2020","경기","김포시","초등학교",2020-04-01,"여자",2653,2443,2597,154,56,210,0.0630372492836676,0.0215633423180593,0.0859598853868195,445425,401385,429752,44040,15673,0.109720094173923,0.0364698709953648
"4461","2020","경기","김포시","초등학교",2020-04-01,"남자",2748,2594,2801,207,-53,154,0.0797995373939861,-0.0189218136379864,0.0593677717810332,445425,401385,429752,44040,15673,0.109720094173923,0.0364698709953648
"4462","2020","경기","이천시","초등학교",2020-04-01,"전체",2033,2072,2041,-31,-8,-39,-0.01496138996139,-0.00391964723174914,-0.0188223938223938,216844,213248,214814,3596,2030,0.0168629951980792,0.00945003584496355
"4463","2020","경기","이천시","초등학교",2020-04-01,"여자",1015,1023,1003,-20,12,-8,-0.0195503421309873,0.0119641076769691,-0.00782013685239492,216844,213248,214814,3596,2030,0.0168629951980792,0.00945003584496355
"4464","2020","경기","이천시","초등학교",2020-04-01,"남자",1018,1049,1038,-11,-20,-31,-0.0104861773117255,-0.0192678227360308,-0.0295519542421354,216844,213248,214814,3596,2030,0.0168629951980792,0.00945003584496355
"4465","2020","경기","안성시","초등학교",2020-04-01,"전체",1685,1623,1597,-26,88,62,-0.0160197165742452,0.0551033187226049,0.0382008626001232,184211,182211,183665,2000,546,0.0109762857346702,0.00297280374595051
"4466","2020","경기","안성시","초등학교",2020-04-01,"여자",794,791,782,-9,12,3,-0.011378002528445,0.0153452685421995,0.00379266750948167,184211,182211,183665,2000,546,0.0109762857346702,0.00297280374595051
"4467","2020","경기","안성시","초등학교",2020-04-01,"남자",891,832,815,-17,76,59,-0.0204326923076923,0.0932515337423313,0.0709134615384615,184211,182211,183665,2000,546,0.0109762857346702,0.00297280374595051
"4468","2020","경기","여주시","초등학교",2020-04-01,"전체",797,863,845,-18,-48,-66,-0.0208574739281576,-0.0568047337278106,-0.0764774044032445,111198,111898,111143,-700,55,-0.00625569715276412,0.000494857975760957
"4469","2020","경기","여주시","초등학교",2020-04-01,"여자",374,396,389,-7,-15,-22,-0.0176767676767677,-0.038560411311054,-0.0555555555555556,111198,111898,111143,-700,55,-0.00625569715276412,0.000494857975760957
"4470","2020","경기","여주시","초등학교",2020-04-01,"남자",423,467,456,-11,-33,-44,-0.0235546038543897,-0.0723684210526316,-0.0942184154175589,111198,111898,111143,-700,55,-0.00625569715276412,0.000494857975760957
"4471","2020","경기","양평군","초등학교",2020-04-01,"전체",745,811,817,6,-72,-66,0.00739827373612824,-0.0881272949816402,-0.0813810110974106,117301,115374,116084,1927,1217,0.0167022032693674,0.0104837876020813
"4472","2020","경기","양평군","초등학교",2020-04-01,"여자",365,399,403,4,-38,-34,0.0100250626566416,-0.0942928039702233,-0.0852130325814536,117301,115374,116084,1927,1217,0.0167022032693674,0.0104837876020813
"4473","2020","경기","양평군","초등학교",2020-04-01,"남자",380,412,414,2,-34,-32,0.00485436893203883,-0.0821256038647343,-0.0776699029126214,117301,115374,116084,1927,1217,0.0167022032693674,0.0104837876020813
"4474","2020","경기","고양시","초등학교",2020-04-01,"전체",8590,8602,8644,42,-54,-12,0.00488258544524529,-0.00624710782045349,-0.00139502441292723,1074853,1041751,1045533,33102,29320,0.031775347467869,0.0280431129385682
"4475","2020","경기","고양시","초등학교",2020-04-01,"여자",4240,4207,4240,33,0,33,0.00784406940812931,0,0.00784406940812931,1074853,1041751,1045533,33102,29320,0.031775347467869,0.0280431129385682
"4476","2020","경기","고양시","초등학교",2020-04-01,"남자",4350,4395,4404,9,-54,-45,0.00204778156996587,-0.0122615803814714,-0.0102389078498294,1074853,1041751,1045533,33102,29320,0.031775347467869,0.0280431129385682
"4477","2020","경기","남양주시","초등학교",2020-04-01,"전체",7002,6860,7131,271,-129,142,0.0395043731778426,-0.0180900294488851,0.0206997084548105,706069,673241,687575,32828,18494,0.0487611419981849,0.0268974293713413
"4478","2020","경기","남양주시","초등학교",2020-04-01,"여자",3387,3315,3441,126,-54,72,0.0380090497737557,-0.015693112467306,0.0217194570135747,706069,673241,687575,32828,18494,0.0487611419981849,0.0268974293713413
"4479","2020","경기","남양주시","초등학교",2020-04-01,"남자",3615,3545,3690,145,-75,70,0.0409026798307475,-0.0203252032520325,0.0197461212976023,706069,673241,687575,32828,18494,0.0487611419981849,0.0268974293713413
"4480","2020","경기","구리시","초등학교",2020-04-01,"전체",1590,1751,1769,18,-179,-161,0.0102798400913764,-0.101187111362352,-0.0919474585950885,199018,200070,201952,-1052,-2934,-0.00525815964412456,-0.0145282047219141
"4481","2020","경기","구리시","초등학교",2020-04-01,"여자",749,805,815,10,-66,-56,0.0124223602484472,-0.0809815950920245,-0.0695652173913043,199018,200070,201952,-1052,-2934,-0.00525815964412456,-0.0145282047219141
"4482","2020","경기","구리시","초등학교",2020-04-01,"남자",841,946,954,8,-113,-105,0.00845665961945032,-0.118448637316562,-0.110993657505285,199018,200070,201952,-1052,-2934,-0.00525815964412456,-0.0145282047219141
"4483","2020","경기","의정부시","초등학교",2020-04-01,"전체",3543,3658,3780,122,-237,-115,0.0333515582285402,-0.0626984126984127,-0.0314379442318207,454222,442965,450332,11257,3890,0.02541284300114,0.00863807146727303
"4484","2020","경기","의정부시","초등학교",2020-04-01,"여자",1700,1731,1790,59,-90,-31,0.0340843443096476,-0.0502793296089385,-0.0179087232813403,454222,442965,450332,11257,3890,0.02541284300114,0.00863807146727303
"4485","2020","경기","의정부시","초등학교",2020-04-01,"남자",1843,1927,1990,63,-147,-84,0.0326933056564608,-0.0738693467336683,-0.0435910742086144,454222,442965,450332,11257,3890,0.02541284300114,0.00863807146727303
"4486","2020","경기","파주시","초등학교",2020-04-01,"전체",4612,4725,4875,150,-263,-113,0.0317460317460317,-0.053948717948718,-0.0239153439153439,455262,441617,453366,13645,1896,0.0308978141692915,0.00418205158745914
"4487","2020","경기","파주시","초등학교",2020-04-01,"여자",2271,2327,2386,59,-115,-56,0.025354533734422,-0.048197820620285,-0.0240653201547056,455262,441617,453366,13645,1896,0.0308978141692915,0.00418205158745914
"4488","2020","경기","파주시","초등학교",2020-04-01,"남자",2341,2398,2489,91,-148,-57,0.0379482902418682,-0.0594616311771796,-0.0237698081734779,455262,441617,453366,13645,1896,0.0308978141692915,0.00418205158745914
"4489","2020","경기","동두천시","초등학교",2020-04-01,"전체",735,799,775,-24,-40,-64,-0.0300375469336671,-0.0516129032258065,-0.0801001251564456,94191,96921,95375,-2730,-1184,-0.0281672702510292,-0.0124141546526868
"4490","2020","경기","동두천시","초등학교",2020-04-01,"여자",355,384,367,-17,-12,-29,-0.0442708333333333,-0.0326975476839237,-0.0755208333333333,94191,96921,95375,-2730,-1184,-0.0281672702510292,-0.0124141546526868
"4491","2020","경기","동두천시","초등학교",2020-04-01,"남자",380,415,408,-7,-28,-35,-0.0168674698795181,-0.0686274509803922,-0.0843373493975904,94191,96921,95375,-2730,-1184,-0.0281672702510292,-0.0124141546526868
"4492","2020","경기","양주시","초등학교",2020-04-01,"전체",2059,1942,2073,131,-14,117,0.0674562306900103,-0.00675349734684033,0.0602471678681771,224524,212276,219789,12248,4735,0.0576984680321845,0.0215433893415958
"4493","2020","경기","양주시","초등학교",2020-04-01,"여자",1006,953,1018,65,-12,53,0.068205666316894,-0.0117878192534381,0.055613850996852,224524,212276,219789,12248,4735,0.0576984680321845,0.0215433893415958
"4494","2020","경기","양주시","초등학교",2020-04-01,"남자",1053,989,1055,66,-2,64,0.0667340748230536,-0.0018957345971564,0.0647118301314459,224524,212276,219789,12248,4735,0.0576984680321845,0.0215433893415958
"4495","2020","경기","포천시","초등학교",2020-04-01,"전체",920,1024,973,-51,-53,-104,-0.0498046875,-0.0544707091469681,-0.1015625,148144,152310,149603,-4166,-1459,-0.0273521108266036,-0.00975247822570403
"4496","2020","경기","포천시","초등학교",2020-04-01,"여자",427,492,470,-22,-43,-65,-0.0447154471544715,-0.0914893617021277,-0.132113821138211,148144,152310,149603,-4166,-1459,-0.0273521108266036,-0.00975247822570403
"4497","2020","경기","포천시","초등학교",2020-04-01,"남자",493,532,503,-29,-10,-39,-0.0545112781954887,-0.0198807157057654,-0.0733082706766917,148144,152310,149603,-4166,-1459,-0.0273521108266036,-0.00975247822570403
"4498","2020","경기","가평군","초등학교",2020-04-01,"전체",354,365,367,2,-13,-11,0.00547945205479452,-0.0354223433242507,-0.0301369863013699,62397,62818,62740,-421,-343,-0.00670190072909039,-0.00546700669429391
"4499","2020","경기","가평군","초등학교",2020-04-01,"여자",166,172,176,4,-10,-6,0.0232558139534884,-0.0568181818181818,-0.0348837209302326,62397,62818,62740,-421,-343,-0.00670190072909039,-0.00546700669429391
"4500","2020","경기","가평군","초등학교",2020-04-01,"남자",188,193,191,-2,-3,-5,-0.0103626943005181,-0.0157068062827225,-0.0259067357512953,62397,62818,62740,-421,-343,-0.00670190072909039,-0.00546700669429391
"4501","2020","경기","연천군","초등학교",2020-04-01,"전체",282,335,308,-27,-26,-53,-0.0805970149253731,-0.0844155844155844,-0.158208955223881,43618,45018,44187,-1400,-569,-0.0310986716424541,-0.0128770905469935
"4502","2020","경기","연천군","초등학교",2020-04-01,"여자",140,179,167,-12,-27,-39,-0.0670391061452514,-0.161676646706587,-0.217877094972067,43618,45018,44187,-1400,-569,-0.0310986716424541,-0.0128770905469935
"4503","2020","경기","연천군","초등학교",2020-04-01,"남자",142,156,141,-15,1,-14,-0.0961538461538462,0.00709219858156028,-0.0897435897435897,43618,45018,44187,-1400,-569,-0.0310986716424541,-0.0128770905469935
"4504","2020","강원","춘천시","초등학교",2020-04-01,"전체",2379,2343,2349,6,30,36,0.00256081946222791,0.0127713920817369,0.0153649167733675,281492,280689,280098,803,1394,0.00286081748839463,0.00497682953823305
"4505","2020","강원","춘천시","초등학교",2020-04-01,"여자",1161,1136,1123,-13,38,25,-0.011443661971831,0.0338379341050757,0.0220070422535211,281492,280689,280098,803,1394,0.00286081748839463,0.00497682953823305
"4506","2020","강원","춘천시","초등학교",2020-04-01,"남자",1218,1207,1226,19,-8,11,0.0157415078707539,-0.0065252854812398,0.00911350455675228,281492,280689,280098,803,1394,0.00286081748839463,0.00497682953823305
"4507","2020","강원","원주시","초등학교",2020-04-01,"전체",3005,2854,2888,34,117,151,0.0119131044148563,0.0405124653739612,0.0529081990189208,351421,341877,345712,9544,5709,0.0279164728835224,0.0165137455454251
"4508","2020","강원","원주시","초등학교",2020-04-01,"여자",1475,1401,1411,10,64,74,0.00713775874375446,0.0453579021970234,0.052819414703783,351421,341877,345712,9544,5709,0.0279164728835224,0.0165137455454251
"4509","2020","강원","원주시","초등학교",2020-04-01,"남자",1530,1453,1477,24,53,77,0.0165175498967653,0.035883547731889,0.0529938059187887,351421,341877,345712,9544,5709,0.0279164728835224,0.0165137455454251
"4510","2020","강원","강릉시","초등학교",2020-04-01,"전체",1448,1440,1488,48,-40,8,0.0333333333333333,-0.0268817204301075,0.00555555555555556,213037,213279,213106,-242,-69,-0.00113466398473361,-0.00032378253075934
"4511","2020","강원","강릉시","초등학교",2020-04-01,"여자",681,651,673,22,8,30,0.0337941628264209,0.011887072808321,0.0460829493087558,213037,213279,213106,-242,-69,-0.00113466398473361,-0.00032378253075934
"4512","2020","강원","강릉시","초등학교",2020-04-01,"남자",767,789,815,26,-48,-22,0.0329531051964512,-0.0588957055214724,-0.0278833967046895,213037,213279,213106,-242,-69,-0.00113466398473361,-0.00032378253075934
"4513","2020","강원","동해시","초등학교",2020-04-01,"전체",760,764,765,1,-5,-4,0.00130890052356021,-0.0065359477124183,-0.00523560209424084,90233,91845,90808,-1612,-575,-0.0175513092710545,-0.00633204122984759
"4514","2020","강원","동해시","초등학교",2020-04-01,"여자",371,368,380,12,-9,3,0.0326086956521739,-0.0236842105263158,0.00815217391304348,90233,91845,90808,-1612,-575,-0.0175513092710545,-0.00633204122984759
"4515","2020","강원","동해시","초등학교",2020-04-01,"남자",389,396,385,-11,4,-7,-0.0277777777777778,0.0103896103896104,-0.0176767676767677,90233,91845,90808,-1612,-575,-0.0175513092710545,-0.00633204122984759
"4516","2020","강원","태백시","초등학교",2020-04-01,"전체",282,300,287,-13,-5,-18,-0.0433333333333333,-0.0174216027874564,-0.06,43251,45484,44415,-2233,-1164,-0.0490941869668455,-0.0262073623775751
"4517","2020","강원","태백시","초등학교",2020-04-01,"여자",123,136,130,-6,-7,-13,-0.0441176470588235,-0.0538461538461538,-0.0955882352941176,43251,45484,44415,-2233,-1164,-0.0490941869668455,-0.0262073623775751
"4518","2020","강원","태백시","초등학교",2020-04-01,"남자",159,164,157,-7,2,-5,-0.0426829268292683,0.0127388535031847,-0.0304878048780488,43251,45484,44415,-2233,-1164,-0.0490941869668455,-0.0262073623775751
"4519","2020","강원","속초시","초등학교",2020-04-01,"전체",581,580,584,4,-3,1,0.00689655172413793,-0.00513698630136986,0.00172413793103448,81713,81724,81497,-11,216,-0.000134599383290098,0.00265040430936108
"4520","2020","강원","속초시","초등학교",2020-04-01,"여자",305,304,306,2,-1,1,0.00657894736842105,-0.00326797385620915,0.00328947368421053,81713,81724,81497,-11,216,-0.000134599383290098,0.00265040430936108
"4521","2020","강원","속초시","초등학교",2020-04-01,"남자",276,276,278,2,-2,0,0.0072463768115942,-0.00719424460431655,0,81713,81724,81497,-11,216,-0.000134599383290098,0.00265040430936108
"4522","2020","강원","삼척시","초등학교",2020-04-01,"전체",401,428,427,-1,-26,-27,-0.00233644859813084,-0.0608899297423888,-0.0630841121495327,65887,68728,68053,-2841,-2166,-0.0413368641601676,-0.0318281339544179
"4523","2020","강원","삼척시","초등학교",2020-04-01,"여자",199,216,211,-5,-12,-17,-0.0231481481481481,-0.0568720379146919,-0.0787037037037037,65887,68728,68053,-2841,-2166,-0.0413368641601676,-0.0318281339544179
"4524","2020","강원","삼척시","초등학교",2020-04-01,"남자",202,212,216,4,-14,-10,0.0188679245283019,-0.0648148148148148,-0.0471698113207547,65887,68728,68053,-2841,-2166,-0.0413368641601676,-0.0318281339544179
"4525","2020","강원","홍천군","초등학교",2020-04-01,"전체",386,432,429,-3,-43,-46,-0.00694444444444444,-0.1002331002331,-0.106481481481481,68688,70152,69646,-1464,-958,-0.0208689702360588,-0.0137552766849496
"4526","2020","강원","홍천군","초등학교",2020-04-01,"여자",189,226,212,-14,-23,-37,-0.0619469026548673,-0.108490566037736,-0.163716814159292,68688,70152,69646,-1464,-958,-0.0208689702360588,-0.0137552766849496
"4527","2020","강원","홍천군","초등학교",2020-04-01,"남자",197,206,217,11,-20,-9,0.0533980582524272,-0.0921658986175115,-0.0436893203883495,68688,70152,69646,-1464,-958,-0.0208689702360588,-0.0137552766849496
"4528","2020","강원","횡성군","초등학교",2020-04-01,"전체",220,226,227,1,-7,-6,0.00442477876106195,-0.0308370044052863,-0.0265486725663717,46232,46430,46767,-198,-535,-0.00426448416971786,-0.0114396903799688
"4529","2020","강원","횡성군","초등학교",2020-04-01,"여자",106,107,110,3,-4,-1,0.0280373831775701,-0.0363636363636364,-0.00934579439252336,46232,46430,46767,-198,-535,-0.00426448416971786,-0.0114396903799688
"4530","2020","강원","횡성군","초등학교",2020-04-01,"남자",114,119,117,-2,-3,-5,-0.0168067226890756,-0.0256410256410256,-0.0420168067226891,46232,46430,46767,-198,-535,-0.00426448416971786,-0.0114396903799688
"4531","2020","강원","영월군","초등학교",2020-04-01,"전체",168,174,176,2,-8,-6,0.0114942528735632,-0.0454545454545455,-0.0344827586206897,38762,40026,39440,-1264,-678,-0.0315794733423275,-0.0171906693711968
"4532","2020","강원","영월군","초등학교",2020-04-01,"여자",80,83,87,4,-7,-3,0.0481927710843374,-0.0804597701149425,-0.036144578313253,38762,40026,39440,-1264,-678,-0.0315794733423275,-0.0171906693711968
"4533","2020","강원","영월군","초등학교",2020-04-01,"남자",88,91,89,-2,-1,-3,-0.021978021978022,-0.0112359550561798,-0.032967032967033,38762,40026,39440,-1264,-678,-0.0315794733423275,-0.0171906693711968
"4534","2020","강원","평창군","초등학교",2020-04-01,"전체",211,217,206,-11,5,-6,-0.0506912442396313,0.0242718446601942,-0.0276497695852535,41758,42816,42435,-1058,-677,-0.0247103886397608,-0.0159538117120302
"4535","2020","강원","평창군","초등학교",2020-04-01,"여자",91,106,104,-2,-13,-15,-0.0188679245283019,-0.125,-0.141509433962264,41758,42816,42435,-1058,-677,-0.0247103886397608,-0.0159538117120302
"4536","2020","강원","평창군","초등학교",2020-04-01,"남자",120,111,102,-9,18,9,-0.0810810810810811,0.176470588235294,0.0810810810810811,41758,42816,42435,-1058,-677,-0.0247103886397608,-0.0159538117120302
"4537","2020","강원","정선군","초등학교",2020-04-01,"전체",188,201,204,3,-16,-13,0.0149253731343284,-0.0784313725490196,-0.0646766169154229,37036,37964,37438,-928,-402,-0.024444210304499,-0.0107377530851007
"4538","2020","강원","정선군","초등학교",2020-04-01,"여자",95,103,105,2,-10,-8,0.0194174757281553,-0.0952380952380952,-0.0776699029126214,37036,37964,37438,-928,-402,-0.024444210304499,-0.0107377530851007
"4539","2020","강원","정선군","초등학교",2020-04-01,"남자",93,98,99,1,-6,-5,0.0102040816326531,-0.0606060606060606,-0.0510204081632653,37036,37964,37438,-928,-402,-0.024444210304499,-0.0107377530851007
"4540","2020","강원","철원군","초등학교",2020-04-01,"전체",299,326,328,2,-29,-27,0.00613496932515337,-0.0884146341463415,-0.0828220858895705,45093,46856,45840,-1763,-747,-0.0376259177053099,-0.0162958115183246
"4541","2020","강원","철원군","초등학교",2020-04-01,"여자",158,160,158,-2,0,-2,-0.0125,0,-0.0125,45093,46856,45840,-1763,-747,-0.0376259177053099,-0.0162958115183246
"4542","2020","강원","철원군","초등학교",2020-04-01,"남자",141,166,170,4,-29,-25,0.0240963855421687,-0.170588235294118,-0.150602409638554,45093,46856,45840,-1763,-747,-0.0376259177053099,-0.0162958115183246
"4543","2020","강원","화천군","초등학교",2020-04-01,"전체",182,200,199,-1,-17,-18,-0.005,-0.085427135678392,-0.09,24627,25600,24979,-973,-352,-0.0380078125,-0.0140918371432003
"4544","2020","강원","화천군","초등학교",2020-04-01,"여자",88,96,94,-2,-6,-8,-0.0208333333333333,-0.0638297872340425,-0.0833333333333333,24627,25600,24979,-973,-352,-0.0380078125,-0.0140918371432003
"4545","2020","강원","화천군","초등학교",2020-04-01,"남자",94,104,105,1,-11,-10,0.00961538461538462,-0.104761904761905,-0.0961538461538462,24627,25600,24979,-973,-352,-0.0380078125,-0.0140918371432003
"4546","2020","강원","양구군","초등학교",2020-04-01,"전체",166,182,193,11,-27,-16,0.0604395604395604,-0.139896373056995,-0.0879120879120879,22375,23650,23279,-1275,-904,-0.0539112050739958,-0.038833283216633
"4547","2020","강원","양구군","초등학교",2020-04-01,"여자",83,89,93,4,-10,-6,0.0449438202247191,-0.10752688172043,-0.0674157303370786,22375,23650,23279,-1275,-904,-0.0539112050739958,-0.038833283216633
"4548","2020","강원","양구군","초등학교",2020-04-01,"남자",83,93,100,7,-17,-10,0.0752688172043011,-0.17,-0.10752688172043,22375,23650,23279,-1275,-904,-0.0539112050739958,-0.038833283216633
"4549","2020","강원","인제군","초등학교",2020-04-01,"전체",249,269,245,-24,4,-20,-0.0892193308550186,0.0163265306122449,-0.0743494423791822,31506,32323,31902,-817,-396,-0.0252761191721066,-0.0124130148580026
"4550","2020","강원","인제군","초등학교",2020-04-01,"여자",128,126,118,-8,10,2,-0.0634920634920635,0.0847457627118644,0.0158730158730159,31506,32323,31902,-817,-396,-0.0252761191721066,-0.0124130148580026
"4551","2020","강원","인제군","초등학교",2020-04-01,"남자",121,143,127,-16,-6,-22,-0.111888111888112,-0.047244094488189,-0.153846153846154,31506,32323,31902,-817,-396,-0.0252761191721066,-0.0124130148580026
"4552","2020","강원","고성군","초등학교",2020-04-01,"전체",150,133,131,-2,19,17,-0.0150375939849624,0.145038167938931,0.12781954887218,26959,28739,27860,-1780,-901,-0.0619367410139532,-0.0323402727925341
"4553","2020","강원","고성군","초등학교",2020-04-01,"여자",73,66,69,3,4,7,0.0454545454545455,0.0579710144927536,0.106060606060606,26959,28739,27860,-1780,-901,-0.0619367410139532,-0.0323402727925341
"4554","2020","강원","고성군","초등학교",2020-04-01,"남자",77,67,62,-5,15,10,-0.0746268656716418,0.241935483870968,0.149253731343284,26959,28739,27860,-1780,-901,-0.0619367410139532,-0.0323402727925341
"4555","2020","강원","양양군","초등학교",2020-04-01,"전체",137,113,117,4,20,24,0.0353982300884956,0.170940170940171,0.212389380530973,27710,27270,27519,440,191,0.0161349468280161,0.00694065918092954
"4556","2020","강원","양양군","초등학교",2020-04-01,"여자",62,52,51,-1,11,10,-0.0192307692307692,0.215686274509804,0.192307692307692,27710,27270,27519,440,191,0.0161349468280161,0.00694065918092954
"4557","2020","강원","양양군","초등학교",2020-04-01,"남자",75,61,66,5,9,14,0.0819672131147541,0.136363636363636,0.229508196721311,27710,27270,27519,440,191,0.0161349468280161,0.00694065918092954
"4558","2020","충북","청주시","초등학교",2020-04-01,"전체",8129,8027,8028,1,101,102,0.000124579544038869,0.0125809666168411,0.0127071134919646,840938,835293,838887,5645,2051,0.00675810763408768,0.00244490616733839
"4559","2020","충북","청주시","초등학교",2020-04-01,"여자",3985,3938,3924,-14,61,47,-0.00355510411376333,0.0155453618756371,0.0119349923819198,840938,835293,838887,5645,2051,0.00675810763408768,0.00244490616733839
"4560","2020","충북","청주시","초등학교",2020-04-01,"남자",4144,4089,4104,15,40,55,0.00366837857666911,0.00974658869395711,0.0134507214477867,840938,835293,838887,5645,2051,0.00675810763408768,0.00244490616733839
"4561","2020","충북","충주시","초등학교",2020-04-01,"전체",1594,1562,1585,23,9,32,0.0147247119078105,0.0056782334384858,0.0204865556978233,210188,209491,210463,697,-275,0.00332711190456869,-0.00130664297287409
"4562","2020","충북","충주시","초등학교",2020-04-01,"여자",729,800,811,11,-82,-71,0.01375,-0.101109741060419,-0.08875,210188,209491,210463,697,-275,0.00332711190456869,-0.00130664297287409
"4563","2020","충북","충주시","초등학교",2020-04-01,"남자",865,762,774,12,91,103,0.015748031496063,0.117571059431525,0.135170603674541,210188,209491,210463,697,-275,0.00332711190456869,-0.00130664297287409
"4564","2020","충북","제천시","초등학교",2020-04-01,"전체",931,1003,988,-15,-57,-72,-0.0149551345962114,-0.0576923076923077,-0.0717846460618146,133638,135916,135243,-2278,-1605,-0.0167603519821066,-0.0118675273396775
"4565","2020","충북","제천시","초등학교",2020-04-01,"여자",456,498,490,-8,-34,-42,-0.0160642570281124,-0.0693877551020408,-0.0843373493975904,133638,135916,135243,-2278,-1605,-0.0167603519821066,-0.0118675273396775
"4566","2020","충북","제천시","초등학교",2020-04-01,"남자",475,505,498,-7,-23,-30,-0.0138613861386139,-0.0461847389558233,-0.0594059405940594,133638,135916,135243,-2278,-1605,-0.0167603519821066,-0.0118675273396775
"4567","2020","충북","보은군","초등학교",2020-04-01,"전체",146,157,149,-8,-3,-11,-0.0509554140127389,-0.0201342281879195,-0.0700636942675159,32699,33931,33448,-1232,-749,-0.0363089799888008,-0.0223929681894284
"4568","2020","충북","보은군","초등학교",2020-04-01,"여자",79,83,78,-5,1,-4,-0.0602409638554217,0.0128205128205128,-0.0481927710843374,32699,33931,33448,-1232,-749,-0.0363089799888008,-0.0223929681894284
"4569","2020","충북","보은군","초등학교",2020-04-01,"남자",67,74,71,-3,-4,-7,-0.0405405405405405,-0.0563380281690141,-0.0945945945945946,32699,33931,33448,-1232,-749,-0.0363089799888008,-0.0223929681894284
"4570","2020","충북","옥천군","초등학교",2020-04-01,"전체",272,297,289,-8,-17,-25,-0.0269360269360269,-0.0588235294117647,-0.0841750841750842,50778,51792,51371,-1014,-593,-0.019578313253012,-0.0115434778376905
"4571","2020","충북","옥천군","초등학교",2020-04-01,"여자",124,154,149,-5,-25,-30,-0.0324675324675325,-0.167785234899329,-0.194805194805195,50778,51792,51371,-1014,-593,-0.019578313253012,-0.0115434778376905
"4572","2020","충북","옥천군","초등학교",2020-04-01,"남자",148,143,140,-3,8,5,-0.020979020979021,0.0571428571428571,0.034965034965035,50778,51792,51371,-1014,-593,-0.019578313253012,-0.0115434778376905
"4573","2020","충북","영동군","초등학교",2020-04-01,"전체",226,293,273,-20,-47,-67,-0.068259385665529,-0.172161172161172,-0.228668941979522,47963,50067,49179,-2104,-1216,-0.0420236882577346,-0.0247260009353586
"4574","2020","충북","영동군","초등학교",2020-04-01,"여자",112,145,134,-11,-22,-33,-0.0758620689655172,-0.164179104477612,-0.227586206896552,47963,50067,49179,-2104,-1216,-0.0420236882577346,-0.0247260009353586
"4575","2020","충북","영동군","초등학교",2020-04-01,"남자",114,148,139,-9,-25,-34,-0.0608108108108108,-0.179856115107914,-0.22972972972973,47963,50067,49179,-2104,-1216,-0.0420236882577346,-0.0247260009353586
"4576","2020","충북","진천군","초등학교",2020-04-01,"전체",846,704,760,56,86,142,0.0795454545454545,0.113157894736842,0.201704545454545,81483,75238,79919,6245,1564,0.0830032696243919,0.0195698144371176
"4577","2020","충북","진천군","초등학교",2020-04-01,"여자",428,342,371,29,57,86,0.0847953216374269,0.153638814016173,0.251461988304094,81483,75238,79919,6245,1564,0.0830032696243919,0.0195698144371176
"4578","2020","충북","진천군","초등학교",2020-04-01,"남자",418,362,389,27,29,56,0.074585635359116,0.0745501285347044,0.154696132596685,81483,75238,79919,6245,1564,0.0830032696243919,0.0195698144371176
"4579","2020","충북","괴산군","초등학교",2020-04-01,"전체",144,159,169,10,-25,-15,0.0628930817610063,-0.14792899408284,-0.0943396226415094,37694,38500,38133,-806,-439,-0.0209350649350649,-0.0115123383945664
"4580","2020","충북","괴산군","초등학교",2020-04-01,"여자",81,91,96,5,-15,-10,0.0549450549450549,-0.15625,-0.10989010989011,37694,38500,38133,-806,-439,-0.0209350649350649,-0.0115123383945664
"4581","2020","충북","괴산군","초등학교",2020-04-01,"남자",63,68,73,5,-10,-5,0.0735294117647059,-0.136986301369863,-0.0735294117647059,37694,38500,38133,-806,-439,-0.0209350649350649,-0.0115123383945664
"4582","2020","충북","음성군","초등학교",2020-04-01,"전체",668,756,703,-53,-35,-88,-0.0701058201058201,-0.0497866287339972,-0.116402116402116,94461,96913,95375,-2452,-914,-0.0253010432036982,-0.00958322411533421
"4583","2020","충북","음성군","초등학교",2020-04-01,"여자",329,382,348,-34,-19,-53,-0.0890052356020942,-0.0545977011494253,-0.138743455497382,94461,96913,95375,-2452,-914,-0.0253010432036982,-0.00958322411533421
"4584","2020","충북","음성군","초등학교",2020-04-01,"남자",339,374,355,-19,-16,-35,-0.0508021390374332,-0.0450704225352113,-0.0935828877005348,94461,96913,95375,-2452,-914,-0.0253010432036982,-0.00958322411533421
"4585","2020","충북","단양군","초등학교",2020-04-01,"전체",116,125,124,-1,-8,-9,-0.008,-0.0645161290322581,-0.072,29451,30273,30092,-822,-641,-0.0271529085323556,-0.0213013425495148
"4586","2020","충북","단양군","초등학교",2020-04-01,"여자",57,57,60,3,-3,0,0.0526315789473684,-0.05,0,29451,30273,30092,-822,-641,-0.0271529085323556,-0.0213013425495148
"4587","2020","충북","단양군","초등학교",2020-04-01,"남자",59,68,64,-4,-5,-9,-0.0588235294117647,-0.078125,-0.132352941176471,29451,30273,30092,-822,-641,-0.0271529085323556,-0.0213013425495148
"4588","2020","충북","증평군","초등학교",2020-04-01,"전체",356,421,394,-27,-38,-65,-0.0641330166270784,-0.0964467005076142,-0.154394299287411,37320,37750,37378,-430,-58,-0.0113907284768212,-0.00155171491251538
"4589","2020","충북","증평군","초등학교",2020-04-01,"여자",172,202,189,-13,-17,-30,-0.0643564356435644,-0.0899470899470899,-0.148514851485149,37320,37750,37378,-430,-58,-0.0113907284768212,-0.00155171491251538
"4590","2020","충북","증평군","초등학교",2020-04-01,"남자",184,219,205,-14,-21,-35,-0.0639269406392694,-0.102439024390244,-0.159817351598174,37320,37750,37378,-430,-58,-0.0113907284768212,-0.00155171491251538
"4591","2020","충남","천안시","초등학교",2020-04-01,"전체",6790,6577,6708,131,82,213,0.0199178956971263,0.0122242098986285,0.0323855861334955,654251,637908,649107,16343,5144,0.0256196818349981,0.00792473351851082
"4592","2020","충남","천안시","초등학교",2020-04-01,"여자",3330,3160,3248,88,82,170,0.0278481012658228,0.0252463054187192,0.0537974683544304,654251,637908,649107,16343,5144,0.0256196818349981,0.00792473351851082
"4593","2020","충남","천안시","초등학교",2020-04-01,"남자",3460,3417,3460,43,0,43,0.0125841381328651,0,0.0125841381328651,654251,637908,649107,16343,5144,0.0256196818349981,0.00792473351851082
"4594","2020","충남","공주시","초등학교",2020-04-01,"전체",667,636,639,3,28,31,0.00471698113207547,0.0438184663536776,0.0487421383647799,105743,107839,107036,-2096,-1293,-0.0194363820139282,-0.0120800478343735
"4595","2020","충남","공주시","초등학교",2020-04-01,"여자",316,278,288,10,28,38,0.0359712230215827,0.0972222222222222,0.136690647482014,105743,107839,107036,-2096,-1293,-0.0194363820139282,-0.0120800478343735
"4596","2020","충남","공주시","초등학교",2020-04-01,"남자",351,358,351,-7,0,-7,-0.0195530726256983,0,-0.0195530726256983,105743,107839,107036,-2096,-1293,-0.0194363820139282,-0.0120800478343735
"4597","2020","충남","보령시","초등학교",2020-04-01,"전체",641,678,664,-14,-23,-37,-0.0206489675516224,-0.0346385542168675,-0.0545722713864307,100646,102716,101549,-2070,-903,-0.0201526539195452,-0.00889225890949197
"4598","2020","충남","보령시","초등학교",2020-04-01,"여자",302,336,330,-6,-28,-34,-0.0178571428571429,-0.0848484848484849,-0.101190476190476,100646,102716,101549,-2070,-903,-0.0201526539195452,-0.00889225890949197
"4599","2020","충남","보령시","초등학교",2020-04-01,"남자",339,342,334,-8,5,-3,-0.0233918128654971,0.0149700598802395,-0.0087719298245614,100646,102716,101549,-2070,-903,-0.0201526539195452,-0.00889225890949197
"4600","2020","충남","아산시","초등학교",2020-04-01,"전체",3635,3862,3756,-106,-121,-227,-0.0274469186949767,-0.0322151224707135,-0.0587778353184878,313757,311873,313537,1884,220,0.00604092050289701,0.000701671573051984
"4601","2020","충남","아산시","초등학교",2020-04-01,"여자",1739,1843,1788,-55,-49,-104,-0.0298426478567553,-0.0274049217002237,-0.0564297341291373,313757,311873,313537,1884,220,0.00604092050289701,0.000701671573051984
"4602","2020","충남","아산시","초등학교",2020-04-01,"남자",1896,2019,1968,-51,-72,-123,-0.025260029717682,-0.0365853658536585,-0.0609212481426449,313757,311873,313537,1884,220,0.00604092050289701,0.000701671573051984
"4603","2020","충남","서산시","초등학교",2020-04-01,"전체",1654,1681,1708,27,-54,-27,0.0160618679357525,-0.031615925058548,-0.0160618679357525,174645,171903,174344,2742,301,0.0159508560060034,0.00172647180287248
"4604","2020","충남","서산시","초등학교",2020-04-01,"여자",844,825,843,18,1,19,0.0218181818181818,0.00118623962040332,0.023030303030303,174645,171903,174344,2742,301,0.0159508560060034,0.00172647180287248
"4605","2020","충남","서산시","초등학교",2020-04-01,"남자",810,856,865,9,-55,-46,0.0105140186915888,-0.0635838150289017,-0.0537383177570093,174645,171903,174344,2742,301,0.0159508560060034,0.00172647180287248
"4606","2020","충남","논산시","초등학교",2020-04-01,"전체",795,780,764,-16,31,15,-0.0205128205128205,0.0405759162303665,0.0192307692307692,118032,121575,120005,-3543,-1973,-0.0291425046267736,-0.0164409816257656
"4607","2020","충남","논산시","초등학교",2020-04-01,"여자",382,387,375,-12,7,-5,-0.0310077519379845,0.0186666666666667,-0.0129198966408269,118032,121575,120005,-3543,-1973,-0.0291425046267736,-0.0164409816257656
"4608","2020","충남","논산시","초등학교",2020-04-01,"남자",413,393,389,-4,24,20,-0.0101781170483461,0.0616966580976864,0.0508905852417303,118032,121575,120005,-3543,-1973,-0.0291425046267736,-0.0164409816257656
"4609","2020","충남","계룡시","초등학교",2020-04-01,"전체",413,442,462,20,-49,-29,0.0452488687782805,-0.106060606060606,-0.0656108597285068,42757,43885,43378,-1128,-621,-0.0257035433519426,-0.0143160127253446
"4610","2020","충남","계룡시","초등학교",2020-04-01,"여자",226,205,230,25,-4,21,0.121951219512195,-0.0173913043478261,0.102439024390244,42757,43885,43378,-1128,-621,-0.0257035433519426,-0.0143160127253446
"4611","2020","충남","계룡시","초등학교",2020-04-01,"남자",187,237,232,-5,-45,-50,-0.0210970464135021,-0.193965517241379,-0.210970464135021,42757,43885,43378,-1128,-621,-0.0257035433519426,-0.0143160127253446
"4612","2020","충남","금산군","초등학교",2020-04-01,"전체",298,309,310,1,-12,-11,0.00323624595469256,-0.0387096774193548,-0.0355987055016181,51781,53663,52957,-1882,-1176,-0.0350707191174552,-0.0222066959986404
"4613","2020","충남","금산군","초등학교",2020-04-01,"여자",130,150,144,-6,-14,-20,-0.04,-0.0972222222222222,-0.133333333333333,51781,53663,52957,-1882,-1176,-0.0350707191174552,-0.0222066959986404
"4614","2020","충남","금산군","초등학교",2020-04-01,"남자",168,159,166,7,2,9,0.0440251572327044,0.0120481927710843,0.0566037735849057,51781,53663,52957,-1882,-1176,-0.0350707191174552,-0.0222066959986404
"4615","2020","충남","부여군","초등학교",2020-04-01,"전체",314,336,343,7,-29,-22,0.0208333333333333,-0.0845481049562682,-0.0654761904761905,66214,68706,67524,-2492,-1310,-0.0362704858382092,-0.0194005094484924
"4616","2020","충남","부여군","초등학교",2020-04-01,"여자",139,161,162,1,-23,-22,0.0062111801242236,-0.141975308641975,-0.136645962732919,66214,68706,67524,-2492,-1310,-0.0362704858382092,-0.0194005094484924
"4617","2020","충남","부여군","초등학교",2020-04-01,"남자",175,175,181,6,-6,0,0.0342857142857143,-0.0331491712707182,0,66214,68706,67524,-2492,-1310,-0.0362704858382092,-0.0194005094484924
"4618","2020","충남","서천군","초등학교",2020-04-01,"전체",257,268,265,-3,-8,-11,-0.0111940298507463,-0.030188679245283,-0.041044776119403,52374,54802,53462,-2428,-1088,-0.0443049523740009,-0.0203509034454379
"4619","2020","충남","서천군","초등학교",2020-04-01,"여자",133,136,137,1,-4,-3,0.00735294117647059,-0.0291970802919708,-0.0220588235294118,52374,54802,53462,-2428,-1088,-0.0443049523740009,-0.0203509034454379
"4620","2020","충남","서천군","초등학교",2020-04-01,"남자",124,132,128,-4,-4,-8,-0.0303030303030303,-0.03125,-0.0606060606060606,52374,54802,53462,-2428,-1088,-0.0443049523740009,-0.0203509034454379
"4621","2020","충남","청양군","초등학교",2020-04-01,"전체",143,157,152,-5,-9,-14,-0.0318471337579618,-0.0592105263157895,-0.089171974522293,31139,32297,31642,-1158,-503,-0.0358547233489179,-0.0158965931357057
"4622","2020","충남","청양군","초등학교",2020-04-01,"여자",68,82,78,-4,-10,-14,-0.0487804878048781,-0.128205128205128,-0.170731707317073,31139,32297,31642,-1158,-503,-0.0358547233489179,-0.0158965931357057
"4623","2020","충남","청양군","초등학교",2020-04-01,"남자",75,75,74,-1,1,0,-0.0133333333333333,0.0135135135135135,0,31139,32297,31642,-1158,-503,-0.0358547233489179,-0.0158965931357057
"4624","2020","충남","홍성군","초등학교",2020-04-01,"전체",859,824,824,0,35,35,0,0.0424757281553398,0.0424757281553398,99973,101649,101037,-1676,-1064,-0.0164881110488052,-0.0105307956491186
"4625","2020","충남","홍성군","초등학교",2020-04-01,"여자",397,387,373,-14,24,10,-0.0361757105943152,0.064343163538874,0.0258397932816537,99973,101649,101037,-1676,-1064,-0.0164881110488052,-0.0105307956491186
"4626","2020","충남","홍성군","초등학교",2020-04-01,"남자",462,437,451,14,11,25,0.0320366132723112,0.024390243902439,0.05720823798627,99973,101649,101037,-1676,-1064,-0.0164881110488052,-0.0105307956491186
"4627","2020","충남","예산군","초등학교",2020-04-01,"전체",438,408,418,10,20,30,0.0245098039215686,0.0478468899521531,0.0735294117647059,78726,80415,79791,-1689,-1065,-0.0210035441149039,-0.0133473700041358
"4628","2020","충남","예산군","초등학교",2020-04-01,"여자",210,200,209,9,1,10,0.045,0.00478468899521531,0.05,78726,80415,79791,-1689,-1065,-0.0210035441149039,-0.0133473700041358
"4629","2020","충남","예산군","초등학교",2020-04-01,"남자",228,208,209,1,19,20,0.00480769230769231,0.0909090909090909,0.0961538461538462,78726,80415,79791,-1689,-1065,-0.0210035441149039,-0.0133473700041358
"4630","2020","충남","태안군","초등학교",2020-04-01,"전체",360,369,359,-10,1,-9,-0.02710027100271,0.00278551532033426,-0.024390243902439,62283,63895,63062,-1612,-779,-0.0252288911495422,-0.0123529225206939
"4631","2020","충남","태안군","초등학교",2020-04-01,"여자",183,183,186,3,-3,0,0.0163934426229508,-0.0161290322580645,0,62283,63895,63062,-1612,-779,-0.0252288911495422,-0.0123529225206939
"4632","2020","충남","태안군","초등학교",2020-04-01,"남자",177,186,173,-13,4,-9,-0.0698924731182796,0.023121387283237,-0.0483870967741935,62283,63895,63062,-1612,-779,-0.0252288911495422,-0.0123529225206939
"4633","2020","충남","당진시","초등학교",2020-04-01,"전체",1702,1830,1798,-32,-96,-128,-0.0174863387978142,-0.053392658509455,-0.0699453551912568,166136,167540,167481,-1404,-1345,-0.00838008833711353,-0.0080307616983419
"4634","2020","충남","당진시","초등학교",2020-04-01,"여자",852,909,894,-15,-42,-57,-0.0165016501650165,-0.0469798657718121,-0.0627062706270627,166136,167540,167481,-1404,-1345,-0.00838008833711353,-0.0080307616983419
"4635","2020","충남","당진시","초등학교",2020-04-01,"남자",850,921,904,-17,-54,-71,-0.0184581976112921,-0.0597345132743363,-0.0770901194353963,166136,167540,167481,-1404,-1345,-0.00838008833711353,-0.0080307616983419
"4636","2020","전북","전주시","초등학교",2020-04-01,"전체",6164,5849,5959,110,205,315,0.0188066336125833,0.0344017452592717,0.0538553598905796,655713,651794,653694,3919,2019,0.00601263589416288,0.00308860108858273
"4637","2020","전북","전주시","초등학교",2020-04-01,"여자",3024,2857,2927,70,97,167,0.0245012250612531,0.0331397335155449,0.0584529226461323,655713,651794,653694,3919,2019,0.00601263589416288,0.00308860108858273
"4638","2020","전북","전주시","초등학교",2020-04-01,"남자",3140,2992,3032,40,108,148,0.0133689839572193,0.0356200527704486,0.0494652406417112,655713,651794,653694,3919,2019,0.00601263589416288,0.00308860108858273
"4639","2020","전북","군산시","초등학교",2020-04-01,"전체",2515,2551,2542,-9,-27,-36,-0.00352802822422579,-0.0106215578284815,-0.0141121128969032,268667,273882,271781,-5215,-3114,-0.0190410468742013,-0.0114577545891729
"4640","2020","전북","군산시","초등학교",2020-04-01,"여자",1232,1240,1236,-4,-4,-8,-0.0032258064516129,-0.00323624595469256,-0.00645161290322581,268667,273882,271781,-5215,-3114,-0.0190410468742013,-0.0114577545891729
"4641","2020","전북","군산시","초등학교",2020-04-01,"남자",1283,1311,1306,-5,-23,-28,-0.003813882532418,-0.0176110260336907,-0.0213577421815408,268667,273882,271781,-5215,-3114,-0.0190410468742013,-0.0114577545891729
"4642","2020","전북","익산시","초등학교",2020-04-01,"전체",2158,2268,2208,-60,-50,-110,-0.0264550264550265,-0.0226449275362319,-0.0485008818342152,285255,297313,291001,-12058,-5746,-0.040556585147639,-0.0197456366129326
"4643","2020","전북","익산시","초등학교",2020-04-01,"여자",1008,1093,1065,-28,-57,-85,-0.0256175663311985,-0.0535211267605634,-0.0777676120768527,285255,297313,291001,-12058,-5746,-0.040556585147639,-0.0197456366129326
"4644","2020","전북","익산시","초등학교",2020-04-01,"남자",1150,1175,1143,-32,7,-25,-0.0272340425531915,0.00612423447069116,-0.0212765957446809,285255,297313,291001,-12058,-5746,-0.040556585147639,-0.0197456366129326
"4645","2020","전북","정읍시","초등학교",2020-04-01,"전체",700,734,738,4,-38,-34,0.00544959128065395,-0.0514905149051491,-0.0463215258855586,109763,113349,111535,-3586,-1772,-0.0316368031478002,-0.015887389608643
"4646","2020","전북","정읍시","초등학교",2020-04-01,"여자",335,351,348,-3,-13,-16,-0.00854700854700855,-0.0373563218390805,-0.0455840455840456,109763,113349,111535,-3586,-1772,-0.0316368031478002,-0.015887389608643
"4647","2020","전북","정읍시","초등학교",2020-04-01,"남자",365,383,390,7,-25,-18,0.0182767624020888,-0.0641025641025641,-0.0469973890339426,109763,113349,111535,-3586,-1772,-0.0316368031478002,-0.015887389608643
"4648","2020","전북","남원시","초등학교",2020-04-01,"전체",533,528,519,-9,14,5,-0.0170454545454545,0.0269749518304432,0.00946969696969697,81170,82938,82095,-1768,-925,-0.0213171284574019,-0.0112674340702844
"4649","2020","전북","남원시","초등학교",2020-04-01,"여자",258,250,251,1,7,8,0.004,0.0278884462151394,0.032,81170,82938,82095,-1768,-925,-0.0213171284574019,-0.0112674340702844
"4650","2020","전북","남원시","초등학교",2020-04-01,"남자",275,278,268,-10,7,-3,-0.0359712230215827,0.0261194029850746,-0.0107913669064748,81170,82938,82095,-1768,-925,-0.0213171284574019,-0.0112674340702844
"4651","2020","전북","김제시","초등학교",2020-04-01,"전체",500,520,514,-6,-14,-20,-0.0115384615384615,-0.0272373540856031,-0.0384615384615385,83391,86421,84734,-3030,-1343,-0.0350609226924012,-0.0158495999244695
"4652","2020","전북","김제시","초등학교",2020-04-01,"여자",230,247,245,-2,-15,-17,-0.00809716599190283,-0.0612244897959184,-0.0688259109311741,83391,86421,84734,-3030,-1343,-0.0350609226924012,-0.0158495999244695
"4653","2020","전북","김제시","초등학교",2020-04-01,"남자",270,273,269,-4,1,-3,-0.0146520146520147,0.00371747211895911,-0.010989010989011,83391,86421,84734,-3030,-1343,-0.0350609226924012,-0.0158495999244695
"4654","2020","전북","완주군","초등학교",2020-04-01,"전체",705,904,875,-29,-170,-199,-0.0320796460176991,-0.194285714285714,-0.220132743362832,91976,95236,93382,-3260,-1406,-0.0342307530765677,-0.0150564348589664
"4655","2020","전북","완주군","초등학교",2020-04-01,"여자",361,462,439,-23,-78,-101,-0.0497835497835498,-0.177676537585421,-0.218614718614719,91976,95236,93382,-3260,-1406,-0.0342307530765677,-0.0150564348589664
"4656","2020","전북","완주군","초등학교",2020-04-01,"남자",344,442,436,-6,-92,-98,-0.0135746606334842,-0.211009174311927,-0.221719457013575,91976,95236,93382,-3260,-1406,-0.0342307530765677,-0.0150564348589664
"4657","2020","전북","진안군","초등학교",2020-04-01,"전체",116,148,141,-7,-25,-32,-0.0472972972972973,-0.177304964539007,-0.216216216216216,25548,26239,25871,-691,-323,-0.0263348450779374,-0.0124850218391249
"4658","2020","전북","진안군","초등학교",2020-04-01,"여자",66,82,80,-2,-14,-16,-0.024390243902439,-0.175,-0.195121951219512,25548,26239,25871,-691,-323,-0.0263348450779374,-0.0124850218391249
"4659","2020","전북","진안군","초등학교",2020-04-01,"남자",50,66,61,-5,-11,-16,-0.0757575757575758,-0.180327868852459,-0.242424242424242,25548,26239,25871,-691,-323,-0.0263348450779374,-0.0124850218391249
"4660","2020","전북","무주군","초등학교",2020-04-01,"전체",124,139,139,0,-15,-15,0,-0.107913669064748,-0.107913669064748,24127,24716,24432,-589,-305,-0.0238307169444894,-0.0124836280288147
"4661","2020","전북","무주군","초등학교",2020-04-01,"여자",58,66,67,1,-9,-8,0.0151515151515152,-0.134328358208955,-0.121212121212121,24127,24716,24432,-589,-305,-0.0238307169444894,-0.0124836280288147
"4662","2020","전북","무주군","초등학교",2020-04-01,"남자",66,73,72,-1,-6,-7,-0.0136986301369863,-0.0833333333333333,-0.0958904109589041,24127,24716,24432,-589,-305,-0.0238307169444894,-0.0124836280288147
"4663","2020","전북","장수군","초등학교",2020-04-01,"전체",136,144,148,4,-12,-8,0.0277777777777778,-0.0810810810810811,-0.0555555555555556,22277,22951,22809,-674,-532,-0.0293669121171191,-0.023324126441317
"4664","2020","전북","장수군","초등학교",2020-04-01,"여자",61,70,70,0,-9,-9,0,-0.128571428571429,-0.128571428571429,22277,22951,22809,-674,-532,-0.0293669121171191,-0.023324126441317
"4665","2020","전북","장수군","초등학교",2020-04-01,"남자",75,74,78,4,-3,1,0.0540540540540541,-0.0384615384615385,0.0135135135135135,22277,22951,22809,-674,-532,-0.0293669121171191,-0.023324126441317
"4666","2020","전북","임실군","초등학교",2020-04-01,"전체",140,157,146,-11,-6,-17,-0.0700636942675159,-0.0410958904109589,-0.10828025477707,27895,29239,28606,-1344,-711,-0.0459660043093129,-0.0248549255400965
"4667","2020","전북","임실군","초등학교",2020-04-01,"여자",75,79,74,-5,1,-4,-0.0632911392405063,0.0135135135135135,-0.0506329113924051,27895,29239,28606,-1344,-711,-0.0459660043093129,-0.0248549255400965
"4668","2020","전북","임실군","초등학교",2020-04-01,"남자",65,78,72,-6,-7,-13,-0.0769230769230769,-0.0972222222222222,-0.166666666666667,27895,29239,28606,-1344,-711,-0.0459660043093129,-0.0248549255400965
"4669","2020","전북","순창군","초등학교",2020-04-01,"전체",131,159,154,-5,-23,-28,-0.0314465408805031,-0.149350649350649,-0.176100628930818,28124,29440,28896,-1316,-772,-0.0447010869565217,-0.0267165005537099
"4670","2020","전북","순창군","초등학교",2020-04-01,"여자",58,80,75,-5,-17,-22,-0.0625,-0.226666666666667,-0.275,28124,29440,28896,-1316,-772,-0.0447010869565217,-0.0267165005537099
"4671","2020","전북","순창군","초등학교",2020-04-01,"남자",73,79,79,0,-6,-6,0,-0.0759493670886076,-0.0759493670886076,28124,29440,28896,-1316,-772,-0.0447010869565217,-0.0267165005537099
"4672","2020","전북","고창군","초등학교",2020-04-01,"전체",273,324,321,-3,-48,-51,-0.00925925925925926,-0.149532710280374,-0.157407407407407,55021,58008,56407,-2987,-1386,-0.051492897531375,-0.0245714184409736
"4673","2020","전북","고창군","초등학교",2020-04-01,"여자",129,143,143,0,-14,-14,0,-0.0979020979020979,-0.0979020979020979,55021,58008,56407,-2987,-1386,-0.051492897531375,-0.0245714184409736
"4674","2020","전북","고창군","초등학교",2020-04-01,"남자",144,181,178,-3,-34,-37,-0.0165745856353591,-0.191011235955056,-0.204419889502762,55021,58008,56407,-2987,-1386,-0.051492897531375,-0.0245714184409736
"4675","2020","전북","부안군","초등학교",2020-04-01,"전체",283,321,310,-11,-27,-38,-0.0342679127725857,-0.0870967741935484,-0.118380062305296,52692,55563,54030,-2871,-1338,-0.0516710760758058,-0.0247640199888951
"4676","2020","전북","부안군","초등학교",2020-04-01,"여자",134,169,163,-6,-29,-35,-0.0355029585798817,-0.177914110429448,-0.207100591715976,52692,55563,54030,-2871,-1338,-0.0516710760758058,-0.0247640199888951
"4677","2020","전북","부안군","초등학교",2020-04-01,"남자",149,152,147,-5,2,-3,-0.0328947368421053,0.0136054421768707,-0.0197368421052632,52692,55563,54030,-2871,-1338,-0.0516710760758058,-0.0247640199888951
"4678","2020","전남","목포시","초등학교",2020-04-01,"전체",2399,2164,2169,5,230,235,0.00231053604436229,0.106039649608114,0.108595194085028,228916,233339,230930,-4423,-2014,-0.0189552539438328,-0.008721257523925
"4679","2020","전남","목포시","초등학교",2020-04-01,"여자",1180,1049,1059,10,121,131,0.00953288846520496,0.114258734655335,0.124880838894185,228916,233339,230930,-4423,-2014,-0.0189552539438328,-0.008721257523925
"4680","2020","전남","목포시","초등학교",2020-04-01,"남자",1219,1115,1110,-5,109,104,-0.00448430493273543,0.0981981981981982,0.0932735426008969,228916,233339,230930,-4423,-2014,-0.0189552539438328,-0.008721257523925
"4681","2020","전남","여수시","초등학교",2020-04-01,"전체",2306,2366,2322,-44,-16,-60,-0.0185967878275571,-0.00689061154177433,-0.0253592561284869,281604,285447,282946,-3843,-1342,-0.0134630947251153,-0.004742954486015
"4682","2020","전남","여수시","초등학교",2020-04-01,"여자",1102,1110,1082,-28,20,-8,-0.0252252252252252,0.0184842883548983,-0.00720720720720721,281604,285447,282946,-3843,-1342,-0.0134630947251153,-0.004742954486015
"4683","2020","전남","여수시","초등학교",2020-04-01,"남자",1204,1256,1240,-16,-36,-52,-0.0127388535031847,-0.0290322580645161,-0.0414012738853503,281604,285447,282946,-3843,-1342,-0.0134630947251153,-0.004742954486015
"4684","2020","전남","순천시","초등학교",2020-04-01,"전체",2631,2480,2548,68,83,151,0.0274193548387097,0.032574568288854,0.0608870967741936,281349,280181,280361,1168,988,0.00416873378280469,0.00352402794967916
"4685","2020","전남","순천시","초등학교",2020-04-01,"여자",1297,1230,1272,42,25,67,0.0341463414634146,0.0196540880503145,0.0544715447154472,281349,280181,280361,1168,988,0.00416873378280469,0.00352402794967916
"4686","2020","전남","순천시","초등학교",2020-04-01,"남자",1334,1250,1276,26,58,84,0.0208,0.0454545454545455,0.0672,281349,280181,280361,1168,988,0.00416873378280469,0.00352402794967916
"4687","2020","전남","나주시","초등학교",2020-04-01,"전체",994,1067,1088,21,-94,-73,0.0196813495782568,-0.0863970588235294,-0.0684161199625117,114380,111667,114815,2713,-435,0.0242954498643288,-0.00378870356660715
"4688","2020","전남","나주시","초등학교",2020-04-01,"여자",469,490,501,11,-32,-21,0.0224489795918367,-0.063872255489022,-0.0428571428571429,114380,111667,114815,2713,-435,0.0242954498643288,-0.00378870356660715
"4689","2020","전남","나주시","초등학교",2020-04-01,"남자",525,577,587,10,-62,-52,0.0173310225303293,-0.105621805792164,-0.0901213171577123,114380,111667,114815,2713,-435,0.0242954498643288,-0.00378870356660715
"4690","2020","전남","광양시","초등학교",2020-04-01,"전체",1445,1541,1486,-55,-41,-96,-0.0356911096690461,-0.0275908479138627,-0.0622972096041532,151751,152888,152104,-1137,-353,-0.00743681649311915,-0.00232078051859254
"4691","2020","전남","광양시","초등학교",2020-04-01,"여자",713,793,762,-31,-49,-80,-0.0390920554854981,-0.0643044619422572,-0.100882723833544,151751,152888,152104,-1137,-353,-0.00743681649311915,-0.00232078051859254
"4692","2020","전남","광양시","초등학교",2020-04-01,"남자",732,748,724,-24,8,-16,-0.0320855614973262,0.0110497237569061,-0.0213903743315508,151751,152888,152104,-1137,-353,-0.00743681649311915,-0.00232078051859254
"4693","2020","전남","담양군","초등학교",2020-04-01,"전체",200,236,231,-5,-31,-36,-0.0211864406779661,-0.134199134199134,-0.152542372881356,46122,47234,46603,-1112,-481,-0.0235423635516789,-0.0103212239555393
"4694","2020","전남","담양군","초등학교",2020-04-01,"여자",101,106,108,2,-7,-5,0.0188679245283019,-0.0648148148148148,-0.0471698113207547,46122,47234,46603,-1112,-481,-0.0235423635516789,-0.0103212239555393
"4695","2020","전남","담양군","초등학교",2020-04-01,"남자",99,130,123,-7,-24,-31,-0.0538461538461538,-0.195121951219512,-0.238461538461538,46122,47234,46603,-1112,-481,-0.0235423635516789,-0.0103212239555393
"4696","2020","전남","곡성군","초등학교",2020-04-01,"전체",113,129,121,-8,-8,-16,-0.062015503875969,-0.0661157024793388,-0.124031007751938,28455,30206,29530,-1751,-1075,-0.0579686155068529,-0.0364036572976634
"4697","2020","전남","곡성군","초등학교",2020-04-01,"여자",48,64,60,-4,-12,-16,-0.0625,-0.2,-0.25,28455,30206,29530,-1751,-1075,-0.0579686155068529,-0.0364036572976634
"4698","2020","전남","곡성군","초등학교",2020-04-01,"남자",65,65,61,-4,4,0,-0.0615384615384615,0.0655737704918033,0,28455,30206,29530,-1751,-1075,-0.0579686155068529,-0.0364036572976634
"4699","2020","전남","구례군","초등학교",2020-04-01,"전체",138,131,139,8,-1,7,0.0610687022900763,-0.00719424460431655,0.0534351145038168,25895,27024,26474,-1129,-579,-0.0417776791000592,-0.0218705144670242
"4700","2020","전남","구례군","초등학교",2020-04-01,"여자",68,65,65,0,3,3,0,0.0461538461538462,0.0461538461538462,25895,27024,26474,-1129,-579,-0.0417776791000592,-0.0218705144670242
"4701","2020","전남","구례군","초등학교",2020-04-01,"남자",70,66,74,8,-4,4,0.121212121212121,-0.0540540540540541,0.0606060606060606,25895,27024,26474,-1129,-579,-0.0417776791000592,-0.0218705144670242
"4702","2020","전남","고흥군","초등학교",2020-04-01,"전체",260,274,266,-8,-6,-14,-0.0291970802919708,-0.0225563909774436,-0.0510948905109489,64407,66380,65570,-1973,-1163,-0.0297228080747213,-0.0177367698642672
"4703","2020","전남","고흥군","초등학교",2020-04-01,"여자",114,129,127,-2,-13,-15,-0.0155038759689922,-0.102362204724409,-0.116279069767442,64407,66380,65570,-1973,-1163,-0.0297228080747213,-0.0177367698642672
"4704","2020","전남","고흥군","초등학교",2020-04-01,"남자",146,145,139,-6,7,1,-0.0413793103448276,0.0503597122302158,0.00689655172413793,64407,66380,65570,-1973,-1163,-0.0297228080747213,-0.0177367698642672
"4705","2020","전남","보성군","초등학교",2020-04-01,"전체",172,232,212,-20,-40,-60,-0.0862068965517241,-0.188679245283019,-0.258620689655172,41135,43615,42262,-2480,-1127,-0.05686117161527,-0.0266669821589134
"4706","2020","전남","보성군","초등학교",2020-04-01,"여자",84,116,105,-11,-21,-32,-0.0948275862068965,-0.2,-0.275862068965517,41135,43615,42262,-2480,-1127,-0.05686117161527,-0.0266669821589134
"4707","2020","전남","보성군","초등학교",2020-04-01,"남자",88,116,107,-9,-19,-28,-0.0775862068965517,-0.177570093457944,-0.241379310344828,41135,43615,42262,-2480,-1127,-0.05686117161527,-0.0266669821589134
"4708","2020","전남","화순군","초등학교",2020-04-01,"전체",379,408,397,-11,-18,-29,-0.0269607843137255,-0.0453400503778338,-0.071078431372549,62510,64492,63499,-1982,-989,-0.0307324939527383,-0.0155750484259595
"4709","2020","전남","화순군","초등학교",2020-04-01,"여자",180,202,198,-4,-18,-22,-0.0198019801980198,-0.0909090909090909,-0.108910891089109,62510,64492,63499,-1982,-989,-0.0307324939527383,-0.0155750484259595
"4710","2020","전남","화순군","초등학교",2020-04-01,"남자",199,206,199,-7,0,-7,-0.0339805825242718,0,-0.0339805825242718,62510,64492,63499,-1982,-989,-0.0307324939527383,-0.0155750484259595
"4711","2020","전남","장흥군","초등학교",2020-04-01,"전체",222,220,225,5,-3,2,0.0227272727272727,-0.0133333333333333,0.00909090909090909,38225,39848,38967,-1623,-742,-0.0407297731379241,-0.0190417532784151
"4712","2020","전남","장흥군","초등학교",2020-04-01,"여자",122,105,107,2,15,17,0.019047619047619,0.14018691588785,0.161904761904762,38225,39848,38967,-1623,-742,-0.0407297731379241,-0.0190417532784151
"4713","2020","전남","장흥군","초등학교",2020-04-01,"남자",100,115,118,3,-18,-15,0.0260869565217391,-0.152542372881356,-0.130434782608696,38225,39848,38967,-1623,-742,-0.0407297731379241,-0.0190417532784151
"4714","2020","전남","강진군","초등학교",2020-04-01,"전체",181,221,204,-17,-23,-40,-0.0769230769230769,-0.112745098039216,-0.180995475113122,35054,36699,35755,-1645,-701,-0.0448241096487643,-0.0196056495595022
"4715","2020","전남","강진군","초등학교",2020-04-01,"여자",87,104,99,-5,-12,-17,-0.0480769230769231,-0.121212121212121,-0.163461538461538,35054,36699,35755,-1645,-701,-0.0448241096487643,-0.0196056495595022
"4716","2020","전남","강진군","초등학교",2020-04-01,"남자",94,117,105,-12,-11,-23,-0.102564102564103,-0.104761904761905,-0.196581196581197,35054,36699,35755,-1645,-701,-0.0448241096487643,-0.0196056495595022
"4717","2020","전남","해남군","초등학교",2020-04-01,"전체",378,450,420,-30,-42,-72,-0.0666666666666667,-0.1,-0.16,69649,72906,71214,-3257,-1565,-0.0446739637341234,-0.0219760159519196
"4718","2020","전남","해남군","초등학교",2020-04-01,"여자",203,246,218,-28,-15,-43,-0.113821138211382,-0.0688073394495413,-0.17479674796748,69649,72906,71214,-3257,-1565,-0.0446739637341234,-0.0219760159519196
"4719","2020","전남","해남군","초등학교",2020-04-01,"남자",175,204,202,-2,-27,-29,-0.00980392156862745,-0.133663366336634,-0.142156862745098,69649,72906,71214,-3257,-1565,-0.0446739637341234,-0.0219760159519196
"4720","2020","전남","영암군","초등학교",2020-04-01,"전체",412,434,414,-20,-2,-22,-0.0460829493087558,-0.00483091787439614,-0.0506912442396313,54229,55308,54287,-1079,-58,-0.0195089318001013,-0.00106839574852175
"4721","2020","전남","영암군","초등학교",2020-04-01,"여자",207,218,210,-8,-3,-11,-0.036697247706422,-0.0142857142857143,-0.0504587155963303,54229,55308,54287,-1079,-58,-0.0195089318001013,-0.00106839574852175
"4722","2020","전남","영암군","초등학교",2020-04-01,"남자",205,216,204,-12,1,-11,-0.0555555555555556,0.00490196078431373,-0.0509259259259259,54229,55308,54287,-1079,-58,-0.0195089318001013,-0.00106839574852175
"4723","2020","전남","무안군","초등학교",2020-04-01,"전체",702,797,804,7,-102,-95,0.00878293601003764,-0.126865671641791,-0.119196988707654,81412,82498,81808,-1086,-396,-0.0131639554898301,-0.00484060238607471
"4724","2020","전남","무안군","초등학교",2020-04-01,"여자",341,394,392,-2,-51,-53,-0.0050761421319797,-0.130102040816327,-0.134517766497462,81412,82498,81808,-1086,-396,-0.0131639554898301,-0.00484060238607471
"4725","2020","전남","무안군","초등학교",2020-04-01,"남자",361,403,412,9,-51,-42,0.0223325062034739,-0.12378640776699,-0.104218362282878,81412,82498,81808,-1086,-396,-0.0131639554898301,-0.00484060238607471
"4726","2020","전남","함평군","초등학교",2020-04-01,"전체",151,185,171,-14,-20,-34,-0.0756756756756757,-0.116959064327485,-0.183783783783784,32519,34128,33107,-1609,-588,-0.0471460384435068,-0.0177605944362219
"4727","2020","전남","함평군","초등학교",2020-04-01,"여자",73,91,86,-5,-13,-18,-0.0549450549450549,-0.151162790697674,-0.197802197802198,32519,34128,33107,-1609,-588,-0.0471460384435068,-0.0177605944362219
"4728","2020","전남","함평군","초등학교",2020-04-01,"남자",78,94,85,-9,-7,-16,-0.0957446808510638,-0.0823529411764706,-0.170212765957447,32519,34128,33107,-1609,-588,-0.0471460384435068,-0.0177605944362219
"4729","2020","전남","영광군","초등학교",2020-04-01,"전체",310,325,330,5,-20,-15,0.0153846153846154,-0.0606060606060606,-0.0461538461538462,53539,54747,54040,-1208,-501,-0.0220651359891866,-0.00927091043671355
"4730","2020","전남","영광군","초등학교",2020-04-01,"여자",159,172,177,5,-18,-13,0.0290697674418605,-0.101694915254237,-0.0755813953488372,53539,54747,54040,-1208,-501,-0.0220651359891866,-0.00927091043671355
"4731","2020","전남","영광군","초등학교",2020-04-01,"남자",151,153,153,0,-2,-2,0,-0.0130718954248366,-0.0130718954248366,53539,54747,54040,-1208,-501,-0.0220651359891866,-0.00927091043671355
"4732","2020","전남","장성군","초등학교",2020-04-01,"전체",272,331,317,-14,-45,-59,-0.0422960725075529,-0.141955835962145,-0.178247734138973,45325,46155,45631,-830,-306,-0.0179828837612393,-0.00670596743441958
"4733","2020","전남","장성군","초등학교",2020-04-01,"여자",133,155,147,-8,-14,-22,-0.0516129032258065,-0.0952380952380952,-0.141935483870968,45325,46155,45631,-830,-306,-0.0179828837612393,-0.00670596743441958
"4734","2020","전남","장성군","초등학교",2020-04-01,"남자",139,176,170,-6,-31,-37,-0.0340909090909091,-0.182352941176471,-0.210227272727273,45325,46155,45631,-830,-306,-0.0179828837612393,-0.00670596743441958
"4735","2020","전남","완도군","초등학교",2020-04-01,"전체",315,390,367,-23,-52,-75,-0.058974358974359,-0.141689373297003,-0.192307692307692,50351,51967,51213,-1616,-862,-0.031096657494179,-0.0168316638353543
"4736","2020","전남","완도군","초등학교",2020-04-01,"여자",154,196,186,-10,-32,-42,-0.0510204081632653,-0.172043010752688,-0.214285714285714,50351,51967,51213,-1616,-862,-0.031096657494179,-0.0168316638353543
"4737","2020","전남","완도군","초등학교",2020-04-01,"남자",161,194,181,-13,-20,-33,-0.0670103092783505,-0.110497237569061,-0.170103092783505,50351,51967,51213,-1616,-862,-0.031096657494179,-0.0168316638353543
"4738","2020","전남","진도군","초등학교",2020-04-01,"전체",170,175,175,0,-5,-5,0,-0.0285714285714286,-0.0285714285714286,30511,31637,31032,-1126,-521,-0.0355912381072795,-0.0167891209074504
"4739","2020","전남","진도군","초등학교",2020-04-01,"여자",78,94,95,1,-17,-16,0.0106382978723404,-0.178947368421053,-0.170212765957447,30511,31637,31032,-1126,-521,-0.0355912381072795,-0.0167891209074504
"4740","2020","전남","진도군","초등학교",2020-04-01,"남자",92,81,80,-1,12,11,-0.0123456790123457,0.15,0.135802469135802,30511,31637,31032,-1126,-521,-0.0355912381072795,-0.0167891209074504
"4741","2020","전남","신안군","초등학교",2020-04-01,"전체",145,205,185,-20,-40,-60,-0.0975609756097561,-0.216216216216216,-0.292682926829268,39745,42046,41035,-2301,-1290,-0.0547257765304666,-0.0314365785305227
"4742","2020","전남","신안군","초등학교",2020-04-01,"여자",67,99,89,-10,-22,-32,-0.101010101010101,-0.247191011235955,-0.323232323232323,39745,42046,41035,-2301,-1290,-0.0547257765304666,-0.0314365785305227
"4743","2020","전남","신안군","초등학교",2020-04-01,"남자",78,106,96,-10,-18,-28,-0.0943396226415094,-0.1875,-0.264150943396226,39745,42046,41035,-2301,-1290,-0.0547257765304666,-0.0314365785305227
"4744","2020","경북","포항시","초등학교",2020-04-01,"전체",4483,4540,4583,43,-100,-57,0.00947136563876652,-0.0218197687104517,-0.0125550660792952,505209,511519,509064,-6310,-3855,-0.0123358076630585,-0.0075727217010042
"4745","2020","경북","포항시","초등학교",2020-04-01,"여자",2183,2179,2221,42,-38,4,0.0192748967416246,-0.0171094101755966,0.0018357044515833,505209,511519,509064,-6310,-3855,-0.0123358076630585,-0.0075727217010042
"4746","2020","경북","포항시","초등학교",2020-04-01,"남자",2300,2361,2362,1,-62,-61,0.000423549343498518,-0.0262489415749365,-0.0258365099534096,505209,511519,509064,-6310,-3855,-0.0123358076630585,-0.0075727217010042
"4747","2020","경북","경주시","초등학교",2020-04-01,"전체",1767,1784,1806,22,-39,-17,0.0123318385650224,-0.0215946843853821,-0.00952914798206278,254225,256997,256426,-2772,-2201,-0.0107861181258925,-0.00858337298089897
"4748","2020","경북","경주시","초등학교",2020-04-01,"여자",829,856,869,13,-40,-27,0.0151869158878505,-0.046029919447641,-0.0315420560747664,254225,256997,256426,-2772,-2201,-0.0107861181258925,-0.00858337298089897
"4749","2020","경북","경주시","초등학교",2020-04-01,"남자",938,928,937,9,1,10,0.00969827586206897,0.00106723585912487,0.0107758620689655,254225,256997,256426,-2772,-2201,-0.0107861181258925,-0.00858337298089897
"4750","2020","경북","김천시","초등학교",2020-04-01,"전체",1117,1182,1163,-19,-46,-65,-0.0160744500846024,-0.0395528804815133,-0.0549915397631134,140418,142209,141397,-1791,-979,-0.012594139611417,-0.00692376783100066
"4751","2020","경북","김천시","초등학교",2020-04-01,"여자",517,571,561,-10,-44,-54,-0.0175131348511384,-0.0784313725490196,-0.0945709281961471,140418,142209,141397,-1791,-979,-0.012594139611417,-0.00692376783100066
"4752","2020","경북","김천시","초등학교",2020-04-01,"남자",600,611,602,-9,-2,-11,-0.0147299509001637,-0.00332225913621262,-0.0180032733224223,140418,142209,141397,-1791,-979,-0.012594139611417,-0.00692376783100066
"4753","2020","경북","안동시","초등학교",2020-04-01,"전체",1319,1212,1199,-13,120,107,-0.0107260726072607,0.100083402835696,0.0882838283828383,159035,163311,160737,-4276,-1702,-0.0261831719847408,-0.0105887256823258
"4754","2020","경북","안동시","초등학교",2020-04-01,"여자",631,601,581,-20,50,30,-0.0332778702163062,0.0860585197934595,0.0499168053244592,159035,163311,160737,-4276,-1702,-0.0261831719847408,-0.0105887256823258
"4755","2020","경북","안동시","초등학교",2020-04-01,"남자",688,611,618,7,70,77,0.0114566284779051,0.113268608414239,0.126022913256956,159035,163311,160737,-4276,-1702,-0.0261831719847408,-0.0105887256823258
"4756","2020","경북","구미시","초등학교",2020-04-01,"전체",4547,4663,4638,-25,-91,-116,-0.00536135535063264,-0.0196205260888314,-0.0248766888269354,418205,422287,420294,-4082,-2089,-0.00966641170578303,-0.0049703302926047
"4757","2020","경북","구미시","초등학교",2020-04-01,"여자",2183,2228,2217,-11,-34,-45,-0.00493716337522442,-0.0153360396932792,-0.020197486535009,418205,422287,420294,-4082,-2089,-0.00966641170578303,-0.0049703302926047
"4758","2020","경북","구미시","초등학교",2020-04-01,"남자",2364,2435,2421,-14,-57,-71,-0.00574948665297741,-0.023543990086741,-0.0291581108829569,418205,422287,420294,-4082,-2089,-0.00966641170578303,-0.0049703302926047
"4759","2020","경북","영주시","초등학교",2020-04-01,"전체",667,719,713,-6,-46,-52,-0.00834492350486787,-0.0645161290322581,-0.0723226703755216,104418,107784,106100,-3366,-1682,-0.0312291249164997,-0.0158529688972667
"4760","2020","경북","영주시","초등학교",2020-04-01,"여자",333,333,330,-3,3,0,-0.00900900900900901,0.00909090909090909,0,104418,107784,106100,-3366,-1682,-0.0312291249164997,-0.0158529688972667
"4761","2020","경북","영주시","초등학교",2020-04-01,"남자",334,386,383,-3,-49,-52,-0.0077720207253886,-0.127937336814621,-0.134715025906736,104418,107784,106100,-3366,-1682,-0.0312291249164997,-0.0158529688972667
"4762","2020","경북","영천시","초등학교",2020-04-01,"전체",541,620,601,-19,-60,-79,-0.0306451612903226,-0.0998336106489185,-0.12741935483871,101828,100421,101360,1407,468,0.0140110136326067,0.00461720599842147
"4763","2020","경북","영천시","초등학교",2020-04-01,"여자",270,289,283,-6,-13,-19,-0.0207612456747405,-0.0459363957597173,-0.0657439446366782,101828,100421,101360,1407,468,0.0140110136326067,0.00461720599842147
"4764","2020","경북","영천시","초등학교",2020-04-01,"남자",271,331,318,-13,-47,-60,-0.0392749244712991,-0.147798742138365,-0.181268882175227,101828,100421,101360,1407,468,0.0140110136326067,0.00461720599842147
"4765","2020","경북","상주시","초등학교",2020-04-01,"전체",563,553,544,-9,19,10,-0.0162748643761302,0.0349264705882353,0.0180831826401447,98644,100448,100051,-1804,-1407,-0.0179595412551768,-0.0140628279577416
"4766","2020","경북","상주시","초등학교",2020-04-01,"여자",275,269,264,-5,11,6,-0.0185873605947955,0.0416666666666667,0.0223048327137546,98644,100448,100051,-1804,-1407,-0.0179595412551768,-0.0140628279577416
"4767","2020","경북","상주시","초등학교",2020-04-01,"남자",288,284,280,-4,8,4,-0.0140845070422535,0.0285714285714286,0.0140845070422535,98644,100448,100051,-1804,-1407,-0.0179595412551768,-0.0140628279577416
"4768","2020","경북","문경시","초등학교",2020-04-01,"전체",415,455,444,-11,-29,-40,-0.0241758241758242,-0.0653153153153153,-0.0879120879120879,71382,72824,71939,-1442,-557,-0.0198011644512798,-0.00774267087393486
"4769","2020","경북","문경시","초등학교",2020-04-01,"여자",192,217,216,-1,-24,-25,-0.00460829493087558,-0.111111111111111,-0.115207373271889,71382,72824,71939,-1442,-557,-0.0198011644512798,-0.00774267087393486
"4770","2020","경북","문경시","초등학교",2020-04-01,"남자",223,238,228,-10,-5,-15,-0.0420168067226891,-0.0219298245614035,-0.0630252100840336,71382,72824,71939,-1442,-557,-0.0198011644512798,-0.00774267087393486
"4771","2020","경북","경산시","초등학교",2020-04-01,"전체",2227,2359,2365,6,-138,-132,0.00254345061466723,-0.0583509513742072,-0.0559559135226791,263375,258824,261087,4551,2288,0.0175833771211325,0.00876336240410285
"4772","2020","경북","경산시","초등학교",2020-04-01,"여자",1109,1173,1194,21,-85,-64,0.0179028132992327,-0.0711892797319933,-0.0545609548167093,263375,258824,261087,4551,2288,0.0175833771211325,0.00876336240410285
"4773","2020","경북","경산시","초등학교",2020-04-01,"남자",1118,1186,1171,-15,-53,-68,-0.0126475548060708,-0.0452604611443211,-0.0573355817875211,263375,258824,261087,4551,2288,0.0175833771211325,0.00876336240410285
"4774","2020","경북","군위군","초등학교",2020-04-01,"전체",64,82,73,-9,-9,-18,-0.109756097560976,-0.123287671232877,-0.219512195121951,23534,24340,23699,-806,-165,-0.033114215283484,-0.00696231908519347
"4775","2020","경북","군위군","초등학교",2020-04-01,"여자",21,41,36,-5,-15,-20,-0.121951219512195,-0.416666666666667,-0.48780487804878,23534,24340,23699,-806,-165,-0.033114215283484,-0.00696231908519347
"4776","2020","경북","군위군","초등학교",2020-04-01,"남자",43,41,37,-4,6,2,-0.0975609756097561,0.162162162162162,0.0487804878048781,23534,24340,23699,-806,-165,-0.033114215283484,-0.00696231908519347
"4777","2020","경북","의성군","초등학교",2020-04-01,"전체",162,221,210,-11,-48,-59,-0.0497737556561086,-0.228571428571429,-0.266968325791855,52236,53316,52679,-1080,-443,-0.0202565833896016,-0.00840942310977809
"4778","2020","경북","의성군","초등학교",2020-04-01,"여자",78,104,99,-5,-21,-26,-0.0480769230769231,-0.212121212121212,-0.25,52236,53316,52679,-1080,-443,-0.0202565833896016,-0.00840942310977809
"4779","2020","경북","의성군","초등학교",2020-04-01,"남자",84,117,111,-6,-27,-33,-0.0512820512820513,-0.243243243243243,-0.282051282051282,52236,53316,52679,-1080,-443,-0.0202565833896016,-0.00840942310977809
"4780","2020","경북","청송군","초등학교",2020-04-01,"전체",104,125,117,-8,-13,-21,-0.064,-0.111111111111111,-0.168,25291,25924,25643,-633,-352,-0.0244175281592347,-0.013726943025387
"4781","2020","경북","청송군","초등학교",2020-04-01,"여자",59,62,62,0,-3,-3,0,-0.0483870967741935,-0.0483870967741935,25291,25924,25643,-633,-352,-0.0244175281592347,-0.013726943025387
"4782","2020","경북","청송군","초등학교",2020-04-01,"남자",45,63,55,-8,-10,-18,-0.126984126984127,-0.181818181818182,-0.285714285714286,25291,25924,25643,-633,-352,-0.0244175281592347,-0.013726943025387
"4783","2020","경북","영양군","초등학교",2020-04-01,"전체",77,83,77,-6,0,-6,-0.072289156626506,0,-0.072289156626506,16844,17443,17193,-599,-349,-0.034340423092358,-0.0202989588786134
"4784","2020","경북","영양군","초등학교",2020-04-01,"여자",31,32,28,-4,3,-1,-0.125,0.107142857142857,-0.03125,16844,17443,17193,-599,-349,-0.034340423092358,-0.0202989588786134
"4785","2020","경북","영양군","초등학교",2020-04-01,"남자",46,51,49,-2,-3,-5,-0.0392156862745098,-0.0612244897959184,-0.0980392156862745,16844,17443,17193,-599,-349,-0.034340423092358,-0.0202989588786134
"4786","2020","경북","영덕군","초등학교",2020-04-01,"전체",169,204,201,-3,-32,-35,-0.0147058823529412,-0.159203980099502,-0.17156862745098,36845,38469,37837,-1624,-992,-0.0422158101328342,-0.0262177233924465
"4787","2020","경북","영덕군","초등학교",2020-04-01,"여자",80,98,92,-6,-12,-18,-0.0612244897959184,-0.130434782608696,-0.183673469387755,36845,38469,37837,-1624,-992,-0.0422158101328342,-0.0262177233924465
"4788","2020","경북","영덕군","초등학교",2020-04-01,"남자",89,106,109,3,-20,-17,0.0283018867924528,-0.18348623853211,-0.160377358490566,36845,38469,37837,-1624,-992,-0.0422158101328342,-0.0262177233924465
"4789","2020","경북","청도군","초등학교",2020-04-01,"전체",145,170,168,-2,-23,-25,-0.0117647058823529,-0.136904761904762,-0.147058823529412,42684,43231,43087,-547,-403,-0.012652957368555,-0.00935316916935503
"4790","2020","경북","청도군","초등학교",2020-04-01,"여자",71,91,90,-1,-19,-20,-0.010989010989011,-0.211111111111111,-0.21978021978022,42684,43231,43087,-547,-403,-0.012652957368555,-0.00935316916935503
"4791","2020","경북","청도군","초등학교",2020-04-01,"남자",74,79,78,-1,-4,-5,-0.0126582278481013,-0.0512820512820513,-0.0632911392405063,42684,43231,43087,-547,-403,-0.012652957368555,-0.00935316916935503
"4792","2020","경북","고령군","초등학교",2020-04-01,"전체",151,206,185,-21,-34,-55,-0.101941747572816,-0.183783783783784,-0.266990291262136,31910,33481,32774,-1571,-864,-0.046922134942206,-0.0263623604076402
"4793","2020","경북","고령군","초등학교",2020-04-01,"여자",77,96,85,-11,-8,-19,-0.114583333333333,-0.0941176470588235,-0.197916666666667,31910,33481,32774,-1571,-864,-0.046922134942206,-0.0263623604076402
"4794","2020","경북","고령군","초등학교",2020-04-01,"남자",74,110,100,-10,-26,-36,-0.0909090909090909,-0.26,-0.327272727272727,31910,33481,32774,-1571,-864,-0.046922134942206,-0.0263623604076402
"4795","2020","경북","성주군","초등학교",2020-04-01,"전체",161,198,188,-10,-27,-37,-0.0505050505050505,-0.143617021276596,-0.186868686868687,43627,44816,44312,-1189,-685,-0.0265307033202428,-0.0154585665282542
"4796","2020","경북","성주군","초등학교",2020-04-01,"여자",82,102,98,-4,-16,-20,-0.0392156862745098,-0.163265306122449,-0.196078431372549,43627,44816,44312,-1189,-685,-0.0265307033202428,-0.0154585665282542
"4797","2020","경북","성주군","초등학교",2020-04-01,"남자",79,96,90,-6,-11,-17,-0.0625,-0.122222222222222,-0.177083333333333,43627,44816,44312,-1189,-685,-0.0265307033202428,-0.0154585665282542
"4798","2020","경북","칠곡군","초등학교",2020-04-01,"전체",1126,1156,1133,-23,-7,-30,-0.0198961937716263,-0.00617828773168579,-0.0259515570934256,115780,119831,118389,-4051,-2609,-0.0338059433702464,-0.0220375203777378
"4799","2020","경북","칠곡군","초등학교",2020-04-01,"여자",523,530,523,-7,0,-7,-0.0132075471698113,0,-0.0132075471698113,115780,119831,118389,-4051,-2609,-0.0338059433702464,-0.0220375203777378
"4800","2020","경북","칠곡군","초등학교",2020-04-01,"남자",603,626,610,-16,-7,-23,-0.0255591054313099,-0.0114754098360656,-0.036741214057508,115780,119831,118389,-4051,-2609,-0.0338059433702464,-0.0220375203777378
"4801","2020","경북","예천군","초등학교",2020-04-01,"전체",394,430,486,56,-92,-36,0.130232558139535,-0.189300411522634,-0.0837209302325581,55572,51717,54290,3855,1282,0.0745402865595452,0.0236139252164303
"4802","2020","경북","예천군","초등학교",2020-04-01,"여자",191,214,249,35,-58,-23,0.163551401869159,-0.232931726907631,-0.107476635514019,55572,51717,54290,3855,1282,0.0745402865595452,0.0236139252164303
"4803","2020","경북","예천군","초등학교",2020-04-01,"남자",203,216,237,21,-34,-13,0.0972222222222222,-0.143459915611814,-0.0601851851851852,55572,51717,54290,3855,1282,0.0745402865595452,0.0236139252164303
"4804","2020","경북","봉화군","초등학교",2020-04-01,"전체",132,166,153,-13,-21,-34,-0.0783132530120482,-0.137254901960784,-0.204819277108434,31889,33163,32649,-1274,-760,-0.0384163073304586,-0.023277895188214
"4805","2020","경북","봉화군","초등학교",2020-04-01,"여자",65,79,71,-8,-6,-14,-0.10126582278481,-0.0845070422535211,-0.177215189873418,31889,33163,32649,-1274,-760,-0.0384163073304586,-0.023277895188214
"4806","2020","경북","봉화군","초등학교",2020-04-01,"남자",67,87,82,-5,-15,-20,-0.0574712643678161,-0.182926829268293,-0.229885057471264,31889,33163,32649,-1274,-760,-0.0384163073304586,-0.023277895188214
"4807","2020","경북","울진군","초등학교",2020-04-01,"전체",295,342,328,-14,-33,-47,-0.0409356725146199,-0.100609756097561,-0.137426900584795,48834,50554,49650,-1720,-816,-0.0340230248842822,-0.0164350453172205
"4808","2020","경북","울진군","초등학교",2020-04-01,"여자",151,179,172,-7,-21,-28,-0.0391061452513966,-0.122093023255814,-0.156424581005587,48834,50554,49650,-1720,-816,-0.0340230248842822,-0.0164350453172205
"4809","2020","경북","울진군","초등학교",2020-04-01,"남자",144,163,156,-7,-12,-19,-0.0429447852760736,-0.0769230769230769,-0.116564417177914,48834,50554,49650,-1720,-816,-0.0340230248842822,-0.0164350453172205
"4810","2020","경북","울릉군","초등학교",2020-04-01,"전체",50,50,53,3,-3,0,0.06,-0.0566037735849057,0,9269,9988,9718,-719,-449,-0.0719863836603925,-0.0462029224120189
"4811","2020","경북","울릉군","초등학교",2020-04-01,"여자",28,31,30,-1,-2,-3,-0.032258064516129,-0.0666666666666667,-0.0967741935483871,9269,9988,9718,-719,-449,-0.0719863836603925,-0.0462029224120189
"4812","2020","경북","울릉군","초등학교",2020-04-01,"남자",22,19,23,4,-1,3,0.210526315789474,-0.0434782608695652,0.157894736842105,9269,9988,9718,-719,-449,-0.0719863836603925,-0.0462029224120189
"4813","2020","경남","창원시","초등학교",2020-04-01,"전체",9362,19102,19072,-30,-9710,-9740,-0.00157051617631662,-0.509123322147651,-0.509894251910795,1041553,1055948,1049897,-14395,-8344,-0.0136323000753825,-0.0079474462733011
"4814","2020","경남","창원시","초등학교",2020-04-01,"여자",4508,9218,9188,-30,-4680,-4710,-0.00325450206118464,-0.509360034828037,-0.510956823605988,1041553,1055948,1049897,-14395,-8344,-0.0136323000753825,-0.0079474462733011
"4815","2020","경남","창원시","초등학교",2020-04-01,"남자",4854,9884,9884,0,-5030,-5030,0,-0.508903278025091,-0.508903278025091,1041553,1055948,1049897,-14395,-8344,-0.0136323000753825,-0.0079474462733011
"4816","2020","경남","진주시","초등학교",2020-04-01,"전체",3120,3091,3162,71,-42,29,0.022969912649628,-0.0132827324478178,0.00938207699773536,347578,346354,346678,1224,900,0.00353395658776858,0.00259606897466814
"4817","2020","경남","진주시","초등학교",2020-04-01,"여자",1449,1455,1492,37,-43,-6,0.0254295532646048,-0.0288203753351206,-0.00412371134020619,347578,346354,346678,1224,900,0.00353395658776858,0.00259606897466814
"4818","2020","경남","진주시","초등학교",2020-04-01,"남자",1671,1636,1670,34,1,35,0.0207823960880196,0.000598802395209581,0.0213936430317848,347578,346354,346678,1224,900,0.00353395658776858,0.00259606897466814
"4819","2020","경남","통영시","초등학교",2020-04-01,"전체",1102,1197,1179,-18,-77,-95,-0.0150375939849624,-0.0653095843935539,-0.0793650793650794,130221,134948,132676,-4727,-2455,-0.0350283071998103,-0.0185037233561458
"4820","2020","경남","통영시","초등학교",2020-04-01,"여자",536,591,580,-11,-44,-55,-0.0186125211505922,-0.0758620689655172,-0.0930626057529611,130221,134948,132676,-4727,-2455,-0.0350283071998103,-0.0185037233561458
"4821","2020","경남","통영시","초등학교",2020-04-01,"남자",566,606,599,-7,-33,-40,-0.0115511551155116,-0.0550918196994992,-0.066006600660066,130221,134948,132676,-4727,-2455,-0.0350283071998103,-0.0185037233561458
"4822","2020","경남","사천시","초등학교",2020-04-01,"전체",903,1013,1001,-12,-98,-110,-0.0118460019743337,-0.0979020979020979,-0.108588351431392,111365,114033,112975,-2668,-1610,-0.023396736032552,-0.0142509404735561
"4823","2020","경남","사천시","초등학교",2020-04-01,"여자",428,517,510,-7,-82,-89,-0.0135396518375242,-0.16078431372549,-0.172147001934236,111365,114033,112975,-2668,-1610,-0.023396736032552,-0.0142509404735561
"4824","2020","경남","사천시","초등학교",2020-04-01,"남자",475,496,491,-5,-16,-21,-0.0100806451612903,-0.0325865580448065,-0.0423387096774194,111365,114033,112975,-2668,-1610,-0.023396736032552,-0.0142509404735561
"4825","2020","경남","김해시","초등학교",2020-04-01,"전체",5593,5431,5500,69,93,162,0.012704842570429,0.0169090909090909,0.029828760817529,542929,531807,536707,11122,6222,0.020913602115053,0.011592917550917
"4826","2020","경남","김해시","초등학교",2020-04-01,"여자",2772,2700,2734,34,38,72,0.0125925925925926,0.013899049012436,0.0266666666666667,542929,531807,536707,11122,6222,0.020913602115053,0.011592917550917
"4827","2020","경남","김해시","초등학교",2020-04-01,"남자",2821,2731,2766,35,55,90,0.0128158183815452,0.019884309472162,0.0329549615525449,542929,531807,536707,11122,6222,0.020913602115053,0.011592917550917
"4828","2020","경남","밀양시","초등학교",2020-04-01,"전체",604,603,599,-4,5,1,-0.0066334991708126,0.00834724540901502,0.00165837479270315,105201,107246,106240,-2045,-1039,-0.019068310240009,-0.00977974397590361
"4829","2020","경남","밀양시","초등학교",2020-04-01,"여자",308,302,300,-2,8,6,-0.00662251655629139,0.0266666666666667,0.0198675496688742,105201,107246,106240,-2045,-1039,-0.019068310240009,-0.00977974397590361
"4830","2020","경남","밀양시","초등학교",2020-04-01,"남자",296,301,299,-2,-3,-5,-0.00664451827242525,-0.0100334448160535,-0.0166112956810631,105201,107246,106240,-2045,-1039,-0.019068310240009,-0.00977974397590361
"4831","2020","경남","거제시","초등학교",2020-04-01,"전체",3027,3225,3151,-74,-124,-198,-0.0229457364341085,-0.0393525864804824,-0.0613953488372093,247427,251940,248856,-4513,-1429,-0.0179129951575772,-0.00574227665798695
"4832","2020","경남","거제시","초등학교",2020-04-01,"여자",1457,1594,1558,-36,-101,-137,-0.0225846925972397,-0.0648267008985879,-0.0859473023839398,247427,251940,248856,-4513,-1429,-0.0179129951575772,-0.00574227665798695
"4833","2020","경남","거제시","초등학교",2020-04-01,"남자",1570,1631,1593,-38,-23,-61,-0.023298589822195,-0.0144381669805399,-0.0374003678724709,247427,251940,248856,-4513,-1429,-0.0179129951575772,-0.00574227665798695
"4834","2020","경남","양산시","초등학교",2020-04-01,"전체",3692,3882,3861,-21,-169,-190,-0.00540958268933539,-0.0437710437710438,-0.0489438433797012,351383,343152,349925,8231,1458,0.0239864549820488,0.00416660713009931
"4835","2020","경남","양산시","초등학교",2020-04-01,"여자",1829,1905,1892,-13,-63,-76,-0.0068241469816273,-0.0332980972515856,-0.0398950131233596,351383,343152,349925,8231,1458,0.0239864549820488,0.00416660713009931
"4836","2020","경남","양산시","초등학교",2020-04-01,"남자",1863,1977,1969,-8,-106,-114,-0.00404653515427415,-0.0538344337227019,-0.0576631259484067,351383,343152,349925,8231,1458,0.0239864549820488,0.00416660713009931
"4837","2020","경남","의령군","초등학교",2020-04-01,"전체",96,129,123,-6,-27,-33,-0.0465116279069767,-0.219512195121951,-0.255813953488372,26979,27835,27487,-856,-508,-0.0307526495419436,-0.0184814639647834
"4838","2020","경남","의령군","초등학교",2020-04-01,"여자",44,51,51,0,-7,-7,0,-0.137254901960784,-0.137254901960784,26979,27835,27487,-856,-508,-0.0307526495419436,-0.0184814639647834
"4839","2020","경남","의령군","초등학교",2020-04-01,"남자",52,78,72,-6,-20,-26,-0.0769230769230769,-0.277777777777778,-0.333333333333333,26979,27835,27487,-856,-508,-0.0307526495419436,-0.0184814639647834
"4840","2020","경남","함안군","초등학교",2020-04-01,"전체",501,540,532,-8,-31,-39,-0.0148148148148148,-0.0582706766917293,-0.0722222222222222,64959,67752,66406,-2793,-1447,-0.041223875309954,-0.0217901996807517
"4841","2020","경남","함안군","초등학교",2020-04-01,"여자",258,282,275,-7,-17,-24,-0.024822695035461,-0.0618181818181818,-0.0851063829787234,64959,67752,66406,-2793,-1447,-0.041223875309954,-0.0217901996807517
"4842","2020","경남","함안군","초등학교",2020-04-01,"남자",243,258,257,-1,-14,-15,-0.00387596899224806,-0.0544747081712062,-0.0581395348837209,64959,67752,66406,-2793,-1447,-0.041223875309954,-0.0217901996807517
"4843","2020","경남","창녕군","초등학교",2020-04-01,"전체",354,418,405,-13,-51,-64,-0.0311004784688995,-0.125925925925926,-0.15311004784689,61889,63999,62860,-2110,-971,-0.0329692651447679,-0.0154470251352211
"4844","2020","경남","창녕군","초등학교",2020-04-01,"여자",162,193,191,-2,-29,-31,-0.0103626943005181,-0.151832460732984,-0.160621761658031,61889,63999,62860,-2110,-971,-0.0329692651447679,-0.0154470251352211
"4845","2020","경남","창녕군","초등학교",2020-04-01,"남자",192,225,214,-11,-22,-33,-0.0488888888888889,-0.102803738317757,-0.146666666666667,61889,63999,62860,-2110,-971,-0.0329692651447679,-0.0154470251352211
"4846","2020","경남","고성군","초등학교",2020-04-01,"전체",310,334,327,-7,-17,-24,-0.0209580838323353,-0.0519877675840979,-0.0718562874251497,51918,53706,53017,-1788,-1099,-0.0332923695676461,-0.0207292000679027
"4847","2020","경남","고성군","초등학교",2020-04-01,"여자",167,185,181,-4,-14,-18,-0.0216216216216216,-0.0773480662983425,-0.0972972972972973,51918,53706,53017,-1788,-1099,-0.0332923695676461,-0.0207292000679027
"4848","2020","경남","고성군","초등학교",2020-04-01,"남자",143,149,146,-3,-3,-6,-0.0201342281879195,-0.0205479452054795,-0.0402684563758389,51918,53706,53017,-1788,-1099,-0.0332923695676461,-0.0207292000679027
"4849","2020","경남","남해군","초등학교",2020-04-01,"전체",149,161,168,7,-19,-12,0.0434782608695652,-0.113095238095238,-0.0745341614906832,43223,44370,44163,-1147,-940,-0.025850800090151,-0.0212847859067545
"4850","2020","경남","남해군","초등학교",2020-04-01,"여자",78,78,80,2,-2,0,0.0256410256410256,-0.025,0,43223,44370,44163,-1147,-940,-0.025850800090151,-0.0212847859067545
"4851","2020","경남","남해군","초등학교",2020-04-01,"남자",71,83,88,5,-17,-12,0.0602409638554217,-0.193181818181818,-0.144578313253012,43223,44370,44163,-1147,-940,-0.025850800090151,-0.0212847859067545
"4852","2020","경남","하동군","초등학교",2020-04-01,"전체",167,188,180,-8,-13,-21,-0.0425531914893617,-0.0722222222222222,-0.111702127659574,45753,48083,47056,-2330,-1303,-0.0484578749246095,-0.0276904114246855
"4853","2020","경남","하동군","초등학교",2020-04-01,"여자",72,77,76,-1,-4,-5,-0.012987012987013,-0.0526315789473684,-0.0649350649350649,45753,48083,47056,-2330,-1303,-0.0484578749246095,-0.0276904114246855
"4854","2020","경남","하동군","초등학교",2020-04-01,"남자",95,111,104,-7,-9,-16,-0.0630630630630631,-0.0865384615384615,-0.144144144144144,45753,48083,47056,-2330,-1303,-0.0484578749246095,-0.0276904114246855
"4855","2020","경남","산청군","초등학교",2020-04-01,"전체",137,164,150,-14,-13,-27,-0.0853658536585366,-0.0866666666666667,-0.164634146341463,35223,36278,35713,-1055,-490,-0.0290809857213738,-0.0137204939377818
"4856","2020","경남","산청군","초등학교",2020-04-01,"여자",61,71,70,-1,-9,-10,-0.0140845070422535,-0.128571428571429,-0.140845070422535,35223,36278,35713,-1055,-490,-0.0290809857213738,-0.0137204939377818
"4857","2020","경남","산청군","초등학교",2020-04-01,"남자",76,93,80,-13,-4,-17,-0.139784946236559,-0.05,-0.182795698924731,35223,36278,35713,-1055,-490,-0.0290809857213738,-0.0137204939377818
"4858","2020","경남","함양군","초등학교",2020-04-01,"전체",215,219,223,4,-8,-4,0.0182648401826484,-0.0358744394618834,-0.0182648401826484,39377,40124,39922,-747,-545,-0.0186172864121224,-0.0136516206602876
"4859","2020","경남","함양군","초등학교",2020-04-01,"여자",111,109,111,2,0,2,0.018348623853211,0,0.018348623853211,39377,40124,39922,-747,-545,-0.0186172864121224,-0.0136516206602876
"4860","2020","경남","함양군","초등학교",2020-04-01,"남자",104,110,112,2,-8,-6,0.0181818181818182,-0.0714285714285714,-0.0545454545454545,39377,40124,39922,-747,-545,-0.0186172864121224,-0.0136516206602876
"4861","2020","경남","거창군","초등학교",2020-04-01,"전체",397,455,458,3,-61,-58,0.00659340659340659,-0.133187772925764,-0.127472527472527,61700,62883,62676,-1183,-976,-0.0188127156783232,-0.0155721488288978
"4862","2020","경남","거창군","초등학교",2020-04-01,"여자",191,223,227,4,-36,-32,0.0179372197309417,-0.158590308370044,-0.143497757847534,61700,62883,62676,-1183,-976,-0.0188127156783232,-0.0155721488288978
"4863","2020","경남","거창군","초등학교",2020-04-01,"남자",206,232,231,-1,-25,-26,-0.00431034482758621,-0.108225108225108,-0.112068965517241,61700,62883,62676,-1183,-976,-0.0188127156783232,-0.0155721488288978
"4864","2020","경남","합천군","초등학교",2020-04-01,"전체",182,213,207,-6,-25,-31,-0.028169014084507,-0.120772946859903,-0.145539906103286,44702,46668,45679,-1966,-977,-0.0421273677894917,-0.0213883841590227
"4865","2020","경남","합천군","초등학교",2020-04-01,"여자",87,108,108,0,-21,-21,0,-0.194444444444444,-0.194444444444444,44702,46668,45679,-1966,-977,-0.0421273677894917,-0.0213883841590227
"4866","2020","경남","합천군","초등학교",2020-04-01,"남자",95,105,99,-6,-4,-10,-0.0571428571428571,-0.0404040404040404,-0.0952380952380952,44702,46668,45679,-1966,-977,-0.0421273677894917,-0.0213883841590227
"4867","2020","제주","제주시","초등학교",2020-04-01,"전체",4989,4883,5005,122,-16,106,0.0249846405898014,-0.0031968031968032,0.0217079664140897,489466,481526,487143,7940,2323,0.0164892446098445,0.00476862030245739
"4868","2020","제주","제주시","초등학교",2020-04-01,"여자",2421,2392,2463,71,-42,29,0.0296822742474916,-0.0170523751522534,0.012123745819398,489466,481526,487143,7940,2323,0.0164892446098445,0.00476862030245739
"4869","2020","제주","제주시","초등학교",2020-04-01,"남자",2568,2491,2542,51,26,77,0.0204737053392212,0.010228166797797,0.0309112806101967,489466,481526,487143,7940,2323,0.0164892446098445,0.00476862030245739
"4870","2020","제주","서귀포시","초등학교",2020-04-01,"전체",1435,1543,1542,-1,-107,-108,-0.000648088139987038,-0.069390402075227,-0.0699935191186001,181129,179985,181505,1144,-376,0.00635608522932467,-0.00207156827635602
"4871","2020","제주","서귀포시","초등학교",2020-04-01,"여자",732,769,779,10,-47,-37,0.0130039011703511,-0.0603337612323492,-0.0481144343302991,181129,179985,181505,1144,-376,0.00635608522932467,-0.00207156827635602
"4872","2020","제주","서귀포시","초등학교",2020-04-01,"남자",703,774,763,-11,-60,-71,-0.0142118863049096,-0.0786369593709043,-0.0917312661498708,181129,179985,181505,1144,-376,0.00635608522932467,-0.00207156827635602
"4873","2013","서울","종로구","초등학교",2013-04-01,"전체",980,1059,1047,-12,-67,-79,-0.0113314447592068,-0.063992359121299,-0.0745986779981114,162281,169855,167550,-7574,-5269,-0.0445909746548527,-0.031447329155476
"4874","2013","서울","종로구","초등학교",2013-04-01,"여자",469,514,519,5,-50,-45,0.00972762645914397,-0.0963391136801541,-0.0875486381322957,162281,169855,167550,-7574,-5269,-0.0445909746548527,-0.031447329155476
"4875","2013","서울","종로구","초등학교",2013-04-01,"남자",511,545,528,-17,-17,-34,-0.0311926605504587,-0.0321969696969697,-0.0623853211009174,162281,169855,167550,-7574,-5269,-0.0445909746548527,-0.031447329155476
"4876","2013","서울","중구","초등학교",2013-04-01,"전체",949,912,914,2,35,37,0.00219298245614035,0.0382932166301969,0.0405701754385965,132419,132819,135633,-400,-3214,-0.00301161731378794,-0.0236962980985453
"4877","2013","서울","중구","초등학교",2013-04-01,"여자",483,429,429,0,54,54,0,0.125874125874126,0.125874125874126,132419,132819,135633,-400,-3214,-0.00301161731378794,-0.0236962980985453
"4878","2013","서울","중구","초등학교",2013-04-01,"남자",466,483,485,2,-19,-17,0.0041407867494824,-0.0391752577319588,-0.0351966873706004,132419,132819,135633,-400,-3214,-0.00301161731378794,-0.0236962980985453
"4879","2013","서울","용산구","초등학교",2013-04-01,"전체",1408,1848,1848,0,-440,-440,0,-0.238095238095238,-0.238095238095238,242255,245566,245254,-3311,-2999,-0.0134831369163484,-0.0122281389905975
"4880","2013","서울","용산구","초등학교",2013-04-01,"여자",675,908,899,-9,-224,-233,-0.00991189427312775,-0.24916573971079,-0.256607929515418,242255,245566,245254,-3311,-2999,-0.0134831369163484,-0.0122281389905975
"4881","2013","서울","용산구","초등학교",2013-04-01,"남자",733,940,949,9,-216,-207,0.00957446808510638,-0.227608008429926,-0.220212765957447,242255,245566,245254,-3311,-2999,-0.0134831369163484,-0.0122281389905975
"4882","2013","서울","성동구","초등학교",2013-04-01,"전체",2214,2527,2395,-132,-181,-313,-0.0522358527898694,-0.0755741127348643,-0.12386228729719,302026,306146,300087,-4120,1939,-0.01345763132623,0.00646145951007541
"4883","2013","서울","성동구","초등학교",2013-04-01,"여자",1057,1229,1160,-69,-103,-172,-0.0561432058584215,-0.0887931034482759,-0.139951179820993,302026,306146,300087,-4120,1939,-0.01345763132623,0.00646145951007541
"4884","2013","서울","성동구","초등학교",2013-04-01,"남자",1157,1298,1235,-63,-78,-141,-0.0485362095531587,-0.0631578947368421,-0.108628659476117,302026,306146,300087,-4120,1939,-0.01345763132623,0.00646145951007541
"4885","2013","서울","광진구","초등학교",2013-04-01,"전체",2693,2769,2676,-93,17,-76,-0.0335861321776815,0.00635276532137519,-0.0274467316720838,370866,374400,371827,-3534,-961,-0.00943910256410256,-0.0025845352811926
"4886","2013","서울","광진구","초등학교",2013-04-01,"여자",1354,1420,1376,-44,-22,-66,-0.0309859154929577,-0.0159883720930233,-0.0464788732394366,370866,374400,371827,-3534,-961,-0.00943910256410256,-0.0025845352811926
"4887","2013","서울","광진구","초등학교",2013-04-01,"남자",1339,1349,1300,-49,39,-10,-0.0363232023721275,0.03,-0.00741289844329133,370866,374400,371827,-3534,-961,-0.00943910256410256,-0.0025845352811926
"4888","2013","서울","동대문구","초등학교",2013-04-01,"전체",2504,2764,2682,-82,-178,-260,-0.0296671490593343,-0.0663683818046234,-0.0940665701881331,362380,367384,365458,-5004,-3078,-0.013620625830194,-0.00842230844584056
"4889","2013","서울","동대문구","초등학교",2013-04-01,"여자",1242,1415,1358,-57,-116,-173,-0.0402826855123675,-0.085419734904271,-0.12226148409894,362380,367384,365458,-5004,-3078,-0.013620625830194,-0.00842230844584056
"4890","2013","서울","동대문구","초등학교",2013-04-01,"남자",1262,1349,1324,-25,-62,-87,-0.0185322461082283,-0.0468277945619335,-0.0644922164566345,362380,367384,365458,-5004,-3078,-0.013620625830194,-0.00842230844584056
"4891","2013","서울","중랑구","초등학교",2013-04-01,"전체",2752,3203,3133,-70,-381,-451,-0.0218545113955667,-0.121608681774657,-0.140805494848579,418360,426602,422018,-8242,-3658,-0.0193201157050365,-0.00866787672563729
"4892","2013","서울","중랑구","초등학교",2013-04-01,"여자",1296,1500,1503,3,-207,-204,0.002,-0.137724550898204,-0.136,418360,426602,422018,-8242,-3658,-0.0193201157050365,-0.00866787672563729
"4893","2013","서울","중랑구","초등학교",2013-04-01,"남자",1456,1703,1630,-73,-174,-247,-0.0428655314151497,-0.106748466257669,-0.145038167938931,418360,426602,422018,-8242,-3658,-0.0193201157050365,-0.00866787672563729
"4894","2013","서울","성북구","초등학교",2013-04-01,"전체",4034,4441,4295,-146,-261,-407,-0.0328754784958343,-0.0607683352735739,-0.0916460256698942,481357,489432,484239,-8075,-2882,-0.0164987168799752,-0.00595160654139795
"4895","2013","서울","성북구","초등학교",2013-04-01,"여자",1966,2158,2095,-63,-129,-192,-0.0291936978683967,-0.0615751789976134,-0.0889712696941613,481357,489432,484239,-8075,-2882,-0.0164987168799752,-0.00595160654139795
"4896","2013","서울","성북구","초등학교",2013-04-01,"남자",2068,2283,2200,-83,-132,-215,-0.0363556723609286,-0.06,-0.0941743320192729,481357,489432,484239,-8075,-2882,-0.0164987168799752,-0.00595160654139795
"4897","2013","서울","강북구","초등학교",2013-04-01,"전체",1965,2536,2504,-32,-539,-571,-0.0126182965299685,-0.215255591054313,-0.225157728706625,342241,346166,345944,-3925,-3703,-0.0113384907818792,-0.0107040445852508
"4898","2013","서울","강북구","초등학교",2013-04-01,"여자",953,1251,1236,-15,-283,-298,-0.0119904076738609,-0.228964401294498,-0.238209432454037,342241,346166,345944,-3925,-3703,-0.0113384907818792,-0.0107040445852508
"4899","2013","서울","강북구","초등학교",2013-04-01,"남자",1012,1285,1268,-17,-256,-273,-0.0132295719844358,-0.201892744479495,-0.212451361867704,342241,346166,345944,-3925,-3703,-0.0113384907818792,-0.0107040445852508
"4900","2013","서울","도봉구","초등학교",2013-04-01,"전체",2879,2795,2799,4,80,84,0.00143112701252236,0.0285816362986781,0.0300536672629696,361438,367790,364075,-6352,-2637,-0.0172707251420648,-0.00724301311542951
"4901","2013","서울","도봉구","초등학교",2013-04-01,"여자",1370,1369,1370,1,0,1,0.000730460189919649,0,0.000730460189919649,361438,367790,364075,-6352,-2637,-0.0172707251420648,-0.00724301311542951
"4902","2013","서울","도봉구","초등학교",2013-04-01,"남자",1509,1426,1429,3,80,83,0.00210378681626928,0.0559832050384885,0.0582047685834502,361438,367790,364075,-6352,-2637,-0.0172707251420648,-0.00724301311542951
"4903","2013","서울","노원구","초등학교",2013-04-01,"전체",4883,4997,4988,-9,-105,-114,-0.00180108064838903,-0.0210505212510024,-0.0228136882129278,595157,607431,601967,-12274,-6810,-0.0202064102754058,-0.0113129125018481
"4904","2013","서울","노원구","초등학교",2013-04-01,"여자",2353,2405,2416,11,-63,-52,0.00457380457380457,-0.0260761589403974,-0.0216216216216216,595157,607431,601967,-12274,-6810,-0.0202064102754058,-0.0113129125018481
"4905","2013","서울","노원구","초등학교",2013-04-01,"남자",2530,2592,2572,-20,-42,-62,-0.00771604938271605,-0.0163297045101089,-0.0239197530864198,595157,607431,601967,-12274,-6810,-0.0202064102754058,-0.0113129125018481
"4906","2013","서울","은평구","초등학교",2013-04-01,"전체",4140,4177,4217,40,-77,-37,0.00957625089777352,-0.0182594261323216,-0.00885803208044051,503813,492029,500086,11784,3727,0.02394980783653,0.00745271813248121
"4907","2013","서울","은평구","초등학교",2013-04-01,"여자",2007,2025,2052,27,-45,-18,0.0133333333333333,-0.0219298245614035,-0.00888888888888889,503813,492029,500086,11784,3727,0.02394980783653,0.00745271813248121
"4908","2013","서울","은평구","초등학교",2013-04-01,"남자",2133,2152,2165,13,-32,-19,0.00604089219330855,-0.0147806004618938,-0.00882899628252788,503813,492029,500086,11784,3727,0.02394980783653,0.00745271813248121
"4909","2013","서울","서대문구","초등학교",2013-04-01,"전체",2278,2405,2301,-104,-23,-127,-0.0432432432432432,-0.00999565406345067,-0.0528066528066528,316444,320919,312505,-4475,3939,-0.0139443286312122,0.0126045983264268
"4910","2013","서울","서대문구","초등학교",2013-04-01,"여자",1122,1203,1141,-62,-19,-81,-0.0515378221113882,-0.0166520595968449,-0.0673316708229426,316444,320919,312505,-4475,3939,-0.0139443286312122,0.0126045983264268
"4911","2013","서울","서대문구","초등학교",2013-04-01,"남자",1156,1202,1160,-42,-4,-46,-0.0349417637271215,-0.00344827586206897,-0.0382695507487521,316444,320919,312505,-4475,3939,-0.0139443286312122,0.0126045983264268
"4912","2013","서울","마포구","초등학교",2013-04-01,"전체",2818,3358,3225,-133,-407,-540,-0.03960690887433,-0.126201550387597,-0.160810005955926,384122,393290,388358,-9168,-4236,-0.023311042741997,-0.0109074616719625
"4913","2013","서울","마포구","초등학교",2013-04-01,"여자",1374,1622,1552,-70,-178,-248,-0.0431565967940814,-0.114690721649485,-0.152897657213317,384122,393290,388358,-9168,-4236,-0.023311042741997,-0.0109074616719625
"4914","2013","서울","마포구","초등학교",2013-04-01,"남자",1444,1736,1673,-63,-229,-292,-0.0362903225806452,-0.136879856545129,-0.168202764976959,384122,393290,388358,-9168,-4236,-0.023311042741997,-0.0109074616719625
"4915","2013","서울","양천구","초등학교",2013-04-01,"전체",3765,3916,4071,155,-306,-151,0.0395812053115424,-0.075165806927045,-0.0385597548518897,495115,497741,498758,-2626,-3643,-0.00527583622807846,-0.00730414349243521
"4916","2013","서울","양천구","초등학교",2013-04-01,"여자",1887,1982,2074,92,-187,-95,0.0464177598385469,-0.0901639344262295,-0.0479313824419778,495115,497741,498758,-2626,-3643,-0.00527583622807846,-0.00730414349243521
"4917","2013","서울","양천구","초등학교",2013-04-01,"남자",1878,1934,1997,63,-119,-56,0.0325749741468459,-0.0595893840761142,-0.0289555325749741,495115,497741,498758,-2626,-3643,-0.00527583622807846,-0.00730414349243521
"4918","2013","서울","강서구","초등학교",2013-04-01,"전체",4424,4962,4738,-224,-314,-538,-0.045143087464732,-0.0662726888982693,-0.108424022571544,567806,573091,568438,-5285,-632,-0.00922192112596429,-0.00111181870318311
"4919","2013","서울","강서구","초등학교",2013-04-01,"여자",2102,2381,2289,-92,-187,-279,-0.0386392272154557,-0.0816950633464395,-0.117177656446871,567806,573091,568438,-5285,-632,-0.00922192112596429,-0.00111181870318311
"4920","2013","서울","강서구","초등학교",2013-04-01,"남자",2322,2581,2449,-132,-127,-259,-0.0511429678419217,-0.0518579011841568,-0.100348702053468,567806,573091,568438,-5285,-632,-0.00922192112596429,-0.00111181870318311
"4921","2013","서울","구로구","초등학교",2013-04-01,"전체",3363,3866,3834,-32,-471,-503,-0.008277289187791,-0.122848200312989,-0.13010863942059,427237,422294,428636,4943,-1399,0.011705115393541,-0.00326384158120177
"4922","2013","서울","구로구","초등학교",2013-04-01,"여자",1637,1890,1873,-17,-236,-253,-0.00899470899470899,-0.126001067805659,-0.133862433862434,427237,422294,428636,4943,-1399,0.011705115393541,-0.00326384158120177
"4923","2013","서울","구로구","초등학교",2013-04-01,"남자",1726,1976,1961,-15,-235,-250,-0.00759109311740891,-0.119836817950026,-0.126518218623482,427237,422294,428636,4943,-1399,0.011705115393541,-0.00326384158120177
"4924","2013","서울","금천구","초등학교",2013-04-01,"전체",1661,1868,1793,-75,-132,-207,-0.0401498929336188,-0.0736196319018405,-0.110813704496788,242807,244372,244033,-1565,-1226,-0.00640417069058648,-0.00502391070060197
"4925","2013","서울","금천구","초등학교",2013-04-01,"여자",813,939,898,-41,-85,-126,-0.0436634717784878,-0.0946547884187082,-0.134185303514377,242807,244372,244033,-1565,-1226,-0.00640417069058648,-0.00502391070060197
"4926","2013","서울","금천구","초등학교",2013-04-01,"남자",848,929,895,-34,-47,-81,-0.0365984930032293,-0.0525139664804469,-0.0871905274488698,242807,244372,244033,-1565,-1226,-0.00640417069058648,-0.00502391070060197
"4927","2013","서울","영등포구","초등학교",2013-04-01,"전체",2668,3488,3267,-221,-599,-820,-0.0633600917431193,-0.183348637894092,-0.235091743119266,390508,405871,395589,-15363,-5081,-0.0378519283220531,-0.0128441387399549
"4928","2013","서울","영등포구","초등학교",2013-04-01,"여자",1269,1709,1596,-113,-327,-440,-0.0661205383265067,-0.204887218045113,-0.257460503218256,390508,405871,395589,-15363,-5081,-0.0378519283220531,-0.0128441387399549
"4929","2013","서울","영등포구","초등학교",2013-04-01,"남자",1399,1779,1671,-108,-272,-380,-0.06070826306914,-0.162776780371035,-0.213603147835863,390508,405871,395589,-15363,-5081,-0.0378519283220531,-0.0128441387399549
"4930","2013","서울","동작구","초등학교",2013-04-01,"전체",3014,3212,3110,-102,-96,-198,-0.0317559153175592,-0.0308681672025723,-0.0616438356164384,409503,402973,402231,6530,7272,0.0162045596106935,0.0180791634657697
"4931","2013","서울","동작구","초등학교",2013-04-01,"여자",1466,1563,1522,-41,-56,-97,-0.0262316058861164,-0.0367936925098555,-0.0620601407549584,409503,402973,402231,6530,7272,0.0162045596106935,0.0180791634657697
"4932","2013","서울","동작구","초등학교",2013-04-01,"남자",1548,1649,1588,-61,-40,-101,-0.0369921164342025,-0.0251889168765743,-0.0612492419648272,409503,402973,402231,6530,7272,0.0162045596106935,0.0180791634657697
"4933","2013","서울","관악구","초등학교",2013-04-01,"전체",3033,3929,3757,-172,-724,-896,-0.0437770425044541,-0.192706947032207,-0.228047849325528,522650,531030,526159,-8380,-3509,-0.0157806526938214,-0.00666908672093417
"4934","2013","서울","관악구","초등학교",2013-04-01,"여자",1426,1902,1815,-87,-389,-476,-0.0457413249211356,-0.214325068870523,-0.250262881177708,522650,531030,526159,-8380,-3509,-0.0157806526938214,-0.00666908672093417
"4935","2013","서울","관악구","초등학교",2013-04-01,"남자",1607,2027,1942,-85,-335,-420,-0.0419338924518994,-0.172502574665294,-0.207202762703503,522650,531030,526159,-8380,-3509,-0.0157806526938214,-0.00666908672093417
"4936","2013","서울","서초구","초등학교",2013-04-01,"전체",3552,3598,3717,119,-165,-46,0.0330739299610895,-0.0443906376109766,-0.0127848804891606,438078,434038,435916,4040,2162,0.00930794077937876,0.00495967112930014
"4937","2013","서울","서초구","초등학교",2013-04-01,"여자",1747,1725,1775,50,-28,22,0.0289855072463768,-0.0157746478873239,0.0127536231884058,438078,434038,435916,4040,2162,0.00930794077937876,0.00495967112930014
"4938","2013","서울","서초구","초등학교",2013-04-01,"남자",1805,1873,1942,69,-137,-68,0.0368392952482648,-0.0705458290422245,-0.0363053924185798,438078,434038,435916,4040,2162,0.00930794077937876,0.00495967112930014
"4939","2013","서울","강남구","초등학교",2013-04-01,"전체",3346,3924,3927,3,-581,-578,0.000764525993883792,-0.14795008912656,-0.147298674821611,562361,568991,563254,-6630,-893,-0.0116522053951644,-0.00158543037421838
"4940","2013","서울","강남구","초등학교",2013-04-01,"여자",1627,1947,1948,1,-321,-320,0.000513610683102209,-0.164784394250513,-0.164355418592707,562361,568991,563254,-6630,-893,-0.0116522053951644,-0.00158543037421838
"4941","2013","서울","강남구","초등학교",2013-04-01,"남자",1719,1977,1979,2,-260,-258,0.00101163378856854,-0.131379484588176,-0.130500758725341,562361,568991,563254,-6630,-893,-0.0116522053951644,-0.00158543037421838
"4942","2013","서울","송파구","초등학교",2013-04-01,"전체",5202,5662,5690,28,-488,-460,0.0049452490286118,-0.0857644991212654,-0.0812433768986224,668305,684958,681854,-16653,-13549,-0.0243124395948365,-0.0198708227861096
"4943","2013","서울","송파구","초등학교",2013-04-01,"여자",2495,2733,2769,36,-274,-238,0.013172338090011,-0.0989526905019863,-0.0870837907061837,668305,684958,681854,-16653,-13549,-0.0243124395948365,-0.0198708227861096
"4944","2013","서울","송파구","초등학교",2013-04-01,"남자",2707,2929,2921,-8,-214,-222,-0.00273130761351997,-0.0732625813077713,-0.0757937862751792,668305,684958,681854,-16653,-13549,-0.0243124395948365,-0.0198708227861096
"4945","2013","서울","강동구","초등학교",2013-04-01,"전체",3600,4053,3982,-71,-382,-453,-0.0175178879842092,-0.0959316926167755,-0.111769059955588,486426,496641,491518,-10215,-5092,-0.0205681770131745,-0.0103597426747342
"4946","2013","서울","강동구","초등학교",2013-04-01,"여자",1724,1914,1862,-52,-138,-190,-0.0271682340647858,-0.0741138560687433,-0.0992685475444096,486426,496641,491518,-10215,-5092,-0.0205681770131745,-0.0103597426747342
"4947","2013","서울","강동구","초등학교",2013-04-01,"남자",1876,2139,2120,-19,-244,-263,-0.00888265544647031,-0.115094339622642,-0.122954651706405,486426,496641,491518,-10215,-5092,-0.0205681770131745,-0.0103597426747342
"4948","2013","부산","중구","초등학교",2013-04-01,"전체",276,246,236,-10,40,30,-0.040650406504065,0.169491525423729,0.121951219512195,47953,49291,48527,-1338,-574,-0.0271449148931854,-0.0118284666268263
"4949","2013","부산","중구","초등학교",2013-04-01,"여자",133,119,115,-4,18,14,-0.0336134453781513,0.156521739130435,0.117647058823529,47953,49291,48527,-1338,-574,-0.0271449148931854,-0.0118284666268263
"4950","2013","부산","중구","초등학교",2013-04-01,"남자",143,127,121,-6,22,16,-0.047244094488189,0.181818181818182,0.125984251968504,47953,49291,48527,-1338,-574,-0.0271449148931854,-0.0118284666268263
"4951","2013","부산","서구","초등학교",2013-04-01,"전체",624,715,693,-22,-69,-91,-0.0307692307692308,-0.0995670995670996,-0.127272727272727,119930,125289,122811,-5359,-2881,-0.0427731085729793,-0.0234588106928532
"4952","2013","부산","서구","초등학교",2013-04-01,"여자",305,355,345,-10,-40,-50,-0.028169014084507,-0.115942028985507,-0.140845070422535,119930,125289,122811,-5359,-2881,-0.0427731085729793,-0.0234588106928532
"4953","2013","부산","서구","초등학교",2013-04-01,"남자",319,360,348,-12,-29,-41,-0.0333333333333333,-0.0833333333333333,-0.113888888888889,119930,125289,122811,-5359,-2881,-0.0427731085729793,-0.0234588106928532
"4954","2013","부산","동구","초등학교",2013-04-01,"전체",456,537,540,3,-84,-81,0.00558659217877095,-0.155555555555556,-0.150837988826816,97888,101250,99951,-3362,-2063,-0.0332049382716049,-0.0206401136556913
"4955","2013","부산","동구","초등학교",2013-04-01,"여자",239,268,271,3,-32,-29,0.0111940298507463,-0.118081180811808,-0.108208955223881,97888,101250,99951,-3362,-2063,-0.0332049382716049,-0.0206401136556913
"4956","2013","부산","동구","초등학교",2013-04-01,"남자",217,269,269,0,-52,-52,0,-0.193308550185874,-0.193308550185874,97888,101250,99951,-3362,-2063,-0.0332049382716049,-0.0206401136556913
"4957","2013","부산","영도구","초등학교",2013-04-01,"전체",746,840,829,-11,-83,-94,-0.0130952380952381,-0.100120627261761,-0.111904761904762,138669,145651,142067,-6982,-3398,-0.0479365057569121,-0.0239182920734583
"4958","2013","부산","영도구","초등학교",2013-04-01,"여자",369,382,384,2,-15,-13,0.00523560209424084,-0.0390625,-0.0340314136125654,138669,145651,142067,-6982,-3398,-0.0479365057569121,-0.0239182920734583
"4959","2013","부산","영도구","초등학교",2013-04-01,"남자",377,458,445,-13,-68,-81,-0.0283842794759825,-0.152808988764045,-0.176855895196507,138669,145651,142067,-6982,-3398,-0.0479365057569121,-0.0239182920734583
"4960","2013","부산","부산진구","초등학교",2013-04-01,"전체",2739,2737,2764,27,-25,2,0.00986481549141396,-0.00904486251808972,0.000730727073438071,392457,394185,395025,-1728,-2568,-0.00438372845237642,-0.0065008543763053
"4961","2013","부산","부산진구","초등학교",2013-04-01,"여자",1334,1352,1376,24,-42,-18,0.0177514792899408,-0.0305232558139535,-0.0133136094674556,392457,394185,395025,-1728,-2568,-0.00438372845237642,-0.0065008543763053
"4962","2013","부산","부산진구","초등학교",2013-04-01,"남자",1405,1385,1388,3,17,20,0.00216606498194946,0.0122478386167147,0.0144404332129964,392457,394185,395025,-1728,-2568,-0.00438372845237642,-0.0065008543763053
"4963","2013","부산","동래구","초등학교",2013-04-01,"전체",1860,1947,1964,17,-104,-87,0.00873138161273754,-0.0529531568228106,-0.0446841294298921,277173,283779,281877,-6606,-4704,-0.0232786781262884,-0.0166881299290116
"4964","2013","부산","동래구","초등학교",2013-04-01,"여자",908,966,955,-11,-47,-58,-0.0113871635610766,-0.0492146596858639,-0.0600414078674948,277173,283779,281877,-6606,-4704,-0.0232786781262884,-0.0166881299290116
"4965","2013","부산","동래구","초등학교",2013-04-01,"남자",952,981,1009,28,-57,-29,0.0285423037716616,-0.0564915758176412,-0.0295616717635066,277173,283779,281877,-6606,-4704,-0.0232786781262884,-0.0166881299290116
"4966","2013","부산","남구","초등학교",2013-04-01,"전체",1921,2173,2127,-46,-206,-252,-0.0211688909341924,-0.0968500235072873,-0.11596870685688,289912,297606,293811,-7694,-3899,-0.0258529733943536,-0.0132704357563195
"4967","2013","부산","남구","초등학교",2013-04-01,"여자",929,1032,1017,-15,-88,-103,-0.0145348837209302,-0.0865290068829892,-0.0998062015503876,289912,297606,293811,-7694,-3899,-0.0258529733943536,-0.0132704357563195
"4968","2013","부산","남구","초등학교",2013-04-01,"남자",992,1141,1110,-31,-118,-149,-0.0271691498685364,-0.106306306306306,-0.130587204206836,289912,297606,293811,-7694,-3899,-0.0258529733943536,-0.0132704357563195
"4969","2013","부산","북구","초등학교",2013-04-01,"전체",2276,2215,2206,-9,70,61,-0.00406320541760722,0.0317316409791478,0.0275395033860045,313494,310617,306599,2877,6895,0.0092622103748346,0.022488657823411
"4970","2013","부산","북구","초등학교",2013-04-01,"여자",1053,1042,1052,10,1,11,0.00959692898272553,0.000950570342205323,0.0105566218809981,313494,310617,306599,2877,6895,0.0092622103748346,0.022488657823411
"4971","2013","부산","북구","초등학교",2013-04-01,"남자",1223,1173,1154,-19,69,50,-0.0161977834612106,0.0597920277296361,0.0426257459505541,313494,310617,306599,2877,6895,0.0092622103748346,0.022488657823411
"4972","2013","부산","해운대구","초등학교",2013-04-01,"전체",3505,3537,3632,95,-127,-32,0.026858919988691,-0.0349669603524229,-0.00904721515408538,428813,426450,427765,2363,1048,0.00554109508734904,0.00244994330999497
"4973","2013","부산","해운대구","초등학교",2013-04-01,"여자",1710,1739,1781,42,-71,-29,0.0241518113858539,-0.0398652442448063,-0.0166762507188039,428813,426450,427765,2363,1048,0.00554109508734904,0.00244994330999497
"4974","2013","부산","해운대구","초등학교",2013-04-01,"남자",1795,1798,1851,53,-56,-3,0.0294771968854283,-0.0302539168017288,-0.00166852057842047,428813,426450,427765,2363,1048,0.00554109508734904,0.00244994330999497
"4975","2013","부산","사하구","초등학교",2013-04-01,"전체",2528,2707,2642,-65,-114,-179,-0.0240118212042852,-0.0431491294473883,-0.0661248614702623,351912,358051,354608,-6139,-2696,-0.0171456021628204,-0.00760276135902179
"4976","2013","부산","사하구","초등학교",2013-04-01,"여자",1242,1297,1263,-34,-21,-55,-0.0262143407864302,-0.0166270783847981,-0.0424055512721665,351912,358051,354608,-6139,-2696,-0.0171456021628204,-0.00760276135902179
"4977","2013","부산","사하구","초등학교",2013-04-01,"남자",1286,1410,1379,-31,-93,-124,-0.0219858156028369,-0.0674401740391588,-0.0879432624113475,351912,358051,354608,-6139,-2696,-0.0171456021628204,-0.00760276135902179
"4978","2013","부산","금정구","초등학교",2013-04-01,"전체",1624,1585,1602,17,22,39,0.0107255520504732,0.0137328339575531,0.0246056782334385,255802,255787,254168,15,1634,5.86425424278794e-05,0.00642881873406566
"4979","2013","부산","금정구","초등학교",2013-04-01,"여자",761,766,777,11,-16,-5,0.0143603133159269,-0.0205920205920206,-0.00652741514360313,255802,255787,254168,15,1634,5.86425424278794e-05,0.00642881873406566
"4980","2013","부산","금정구","초등학교",2013-04-01,"남자",863,819,825,6,38,44,0.00732600732600733,0.0460606060606061,0.0537240537240537,255802,255787,254168,15,1634,5.86425424278794e-05,0.00642881873406566
"4981","2013","부산","강서구","초등학교",2013-04-01,"전체",472,468,505,37,-33,4,0.0790598290598291,-0.0653465346534653,0.00854700854700855,67045,62377,65628,4668,1417,0.0748352758228193,0.0215913939172305
"4982","2013","부산","강서구","초등학교",2013-04-01,"여자",238,230,258,28,-20,8,0.121739130434783,-0.0775193798449612,0.0347826086956522,67045,62377,65628,4668,1417,0.0748352758228193,0.0215913939172305
"4983","2013","부산","강서구","초등학교",2013-04-01,"남자",234,238,247,9,-13,-4,0.0378151260504202,-0.0526315789473684,-0.0168067226890756,67045,62377,65628,4668,1417,0.0748352758228193,0.0215913939172305
"4984","2013","부산","연제구","초등학교",2013-04-01,"전체",1582,1606,1599,-7,-17,-24,-0.00435865504358655,-0.0106316447779862,-0.0149439601494396,210766,214082,212936,-3316,-2170,-0.0154893919152474,-0.0101908554683097
"4985","2013","부산","연제구","초등학교",2013-04-01,"여자",743,753,744,-9,-1,-10,-0.0119521912350598,-0.00134408602150538,-0.0132802124833997,210766,214082,212936,-3316,-2170,-0.0154893919152474,-0.0101908554683097
"4986","2013","부산","연제구","초등학교",2013-04-01,"남자",839,853,855,2,-16,-14,0.00234466588511137,-0.0187134502923977,-0.0164126611957796,210766,214082,212936,-3316,-2170,-0.0154893919152474,-0.0101908554683097
"4987","2013","부산","수영구","초등학교",2013-04-01,"전체",1003,1183,1142,-41,-139,-180,-0.0346576500422654,-0.121716287215412,-0.152155536770921,176724,177876,176087,-1152,637,-0.00647642177696823,0.00361752997098025
"4988","2013","부산","수영구","초등학교",2013-04-01,"여자",459,553,533,-20,-74,-94,-0.0361663652802893,-0.138836772983114,-0.16998191681736,176724,177876,176087,-1152,637,-0.00647642177696823,0.00361752997098025
"4989","2013","부산","수영구","초등학교",2013-04-01,"남자",544,630,609,-21,-65,-86,-0.0333333333333333,-0.106732348111658,-0.136507936507936,176724,177876,176087,-1152,637,-0.00647642177696823,0.00361752997098025
"4990","2013","부산","사상구","초등학교",2013-04-01,"전체",1533,1818,1757,-61,-224,-285,-0.0335533553355336,-0.127490039840637,-0.156765676567657,249600,256967,254107,-7367,-4507,-0.028669050889803,-0.0177366227612777
"4991","2013","부산","사상구","초등학교",2013-04-01,"여자",747,873,833,-40,-86,-126,-0.0458190148911798,-0.103241296518607,-0.144329896907216,249600,256967,254107,-7367,-4507,-0.028669050889803,-0.0177366227612777
"4992","2013","부산","사상구","초등학교",2013-04-01,"남자",786,945,924,-21,-138,-159,-0.0222222222222222,-0.149350649350649,-0.168253968253968,249600,256967,254107,-7367,-4507,-0.028669050889803,-0.0177366227612777
"4993","2013","부산","기장군","초등학교",2013-04-01,"전체",1198,1022,1104,82,94,176,0.0802348336594912,0.0851449275362319,0.172211350293542,119620,103784,109839,15836,9781,0.152586140445541,0.0890485164650079
"4994","2013","부산","기장군","초등학교",2013-04-01,"여자",573,480,535,55,38,93,0.114583333333333,0.0710280373831776,0.19375,119620,103784,109839,15836,9781,0.152586140445541,0.0890485164650079
"4995","2013","부산","기장군","초등학교",2013-04-01,"남자",625,542,569,27,56,83,0.0498154981549815,0.0984182776801406,0.153136531365314,119620,103784,109839,15836,9781,0.152586140445541,0.0890485164650079
"4996","2013","대구","중구","초등학교",2013-04-01,"전체",703,519,494,-25,209,184,-0.0481695568400771,0.423076923076923,0.354527938342967,75610,77399,76024,-1789,-414,-0.0231139937208491,-0.00544564874250237
"4997","2013","대구","중구","초등학교",2013-04-01,"여자",357,250,239,-11,118,107,-0.044,0.493723849372385,0.428,75610,77399,76024,-1789,-414,-0.0231139937208491,-0.00544564874250237
"4998","2013","대구","중구","초등학교",2013-04-01,"남자",346,269,255,-14,91,77,-0.0520446096654275,0.356862745098039,0.286245353159851,75610,77399,76024,-1789,-414,-0.0231139937208491,-0.00544564874250237
"4999","2013","대구","동구","초등학교",2013-04-01,"전체",2588,2803,2796,-7,-208,-215,-0.00249732429539779,-0.0743919885550787,-0.0767035319300749,342076,340289,341280,1787,796,0.00525141864709115,0.00233239568682607
"5000","2013","대구","동구","초등학교",2013-04-01,"여자",1206,1332,1322,-10,-116,-126,-0.00750750750750751,-0.0877458396369138,-0.0945945945945946,342076,340289,341280,1787,796,0.00525141864709115,0.00233239568682607
"5001","2013","대구","동구","초등학교",2013-04-01,"남자",1382,1471,1474,3,-92,-89,0.00203942895989123,-0.062415196743555,-0.0605030591434398,342076,340289,341280,1787,796,0.00525141864709115,0.00233239568682607
"5002","2013","대구","서구","초등학교",2013-04-01,"전체",1144,1300,1289,-11,-145,-156,-0.00846153846153846,-0.112490302560124,-0.12,218884,224162,221759,-5278,-2875,-0.0235454715785905,-0.0129645245514275
"5003","2013","대구","서구","초등학교",2013-04-01,"여자",569,653,663,10,-94,-84,0.0153139356814701,-0.141779788838612,-0.128637059724349,218884,224162,221759,-5278,-2875,-0.0235454715785905,-0.0129645245514275
"5004","2013","대구","서구","초등학교",2013-04-01,"남자",575,647,626,-21,-51,-72,-0.0324574961360124,-0.0814696485623003,-0.1112828438949,218884,224162,221759,-5278,-2875,-0.0235454715785905,-0.0129645245514275
"5005","2013","대구","남구","초등학교",2013-04-01,"전체",858,982,987,5,-129,-124,0.00509164969450102,-0.130699088145897,-0.126272912423625,168479,170155,168984,-1676,-505,-0.00984984279039699,-0.00298844861051934
"5006","2013","대구","남구","초등학교",2013-04-01,"여자",386,460,448,-12,-62,-74,-0.0260869565217391,-0.138392857142857,-0.160869565217391,168479,170155,168984,-1676,-505,-0.00984984279039699,-0.00298844861051934
"5007","2013","대구","남구","초등학교",2013-04-01,"남자",472,522,539,17,-67,-50,0.0325670498084291,-0.12430426716141,-0.0957854406130268,168479,170155,168984,-1676,-505,-0.00984984279039699,-0.00298844861051934
"5008","2013","대구","북구","초등학교",2013-04-01,"전체",4093,4496,4456,-40,-363,-403,-0.00889679715302491,-0.0814631956912029,-0.089635231316726,448039,451239,450869,-3200,-2830,-0.00709158561205924,-0.00627676775293932
"5009","2013","대구","북구","초등학교",2013-04-01,"여자",1978,2153,2132,-21,-154,-175,-0.00975383186251742,-0.0722326454033771,-0.0812819321876452,448039,451239,450869,-3200,-2830,-0.00709158561205924,-0.00627676775293932
"5010","2013","대구","북구","초등학교",2013-04-01,"남자",2115,2343,2324,-19,-209,-228,-0.00810926163038839,-0.0899311531841652,-0.0973111395646607,448039,451239,450869,-3200,-2830,-0.00709158561205924,-0.00627676775293932
"5011","2013","대구","수성구","초등학교",2013-04-01,"전체",3696,3607,3809,202,-113,89,0.0560022179096202,-0.0296665791546338,0.0246742445245356,460163,461802,459934,-1639,229,-0.00354914010766519,0.000497897524427418
"5012","2013","대구","수성구","초등학교",2013-04-01,"여자",1753,1751,1850,99,-97,2,0.05653912050257,-0.0524324324324324,0.00114220445459737,460163,461802,459934,-1639,229,-0.00354914010766519,0.000497897524427418
"5013","2013","대구","수성구","초등학교",2013-04-01,"남자",1943,1856,1959,103,-16,87,0.0554956896551724,-0.00816743236345074,0.046875,460163,461802,459934,-1639,229,-0.00354914010766519,0.000497897524427418
"5014","2013","대구","달서구","초등학교",2013-04-01,"전체",5316,5157,5198,41,118,159,0.00795035873569905,0.0227010388611004,0.0308318789994183,606851,606743,605598,108,1253,0.000177999581371355,0.0020690292900571
"5015","2013","대구","달서구","초등학교",2013-04-01,"여자",2580,2496,2527,31,53,84,0.0124198717948718,0.0209734863474476,0.0336538461538462,606851,606743,605598,108,1253,0.000177999581371355,0.0020690292900571
"5016","2013","대구","달서구","초등학교",2013-04-01,"남자",2736,2661,2671,10,65,75,0.00375798571965427,0.0243354548858106,0.028184892897407,606851,606743,605598,108,1253,0.000177999581371355,0.0020690292900571
"5017","2013","대구","달성군","초등학교",2013-04-01,"전체",1765,1923,1910,-13,-145,-158,-0.00676027041081643,-0.0759162303664921,-0.0821632865314613,184786,178984,182862,5802,1924,0.0324163053680776,0.010521595520119
"5018","2013","대구","달성군","초등학교",2013-04-01,"여자",845,927,918,-9,-73,-82,-0.00970873786407767,-0.079520697167756,-0.0884573894282632,184786,178984,182862,5802,1924,0.0324163053680776,0.010521595520119
"5019","2013","대구","달성군","초등학교",2013-04-01,"남자",920,996,992,-4,-72,-76,-0.00401606425702811,-0.0725806451612903,-0.0763052208835341,184786,178984,182862,5802,1924,0.0324163053680776,0.010521595520119
"5020","2013","인천","중구","초등학교",2013-04-01,"전체",1063,865,883,18,180,198,0.0208092485549133,0.203850509626274,0.228901734104046,102712,93408,93826,9304,8886,0.0996060294621446,0.0947072240104022
"5021","2013","인천","중구","초등학교",2013-04-01,"여자",488,407,426,19,62,81,0.0466830466830467,0.145539906103286,0.199017199017199,102712,93408,93826,9304,8886,0.0996060294621446,0.0947072240104022
"5022","2013","인천","중구","초등학교",2013-04-01,"남자",575,458,457,-1,118,117,-0.00218340611353712,0.258205689277899,0.255458515283843,102712,93408,93826,9304,8886,0.0996060294621446,0.0947072240104022
"5023","2013","인천","동구","초등학교",2013-04-01,"전체",749,740,711,-29,38,9,-0.0391891891891892,0.0534458509142053,0.0121621621621622,76144,80004,78195,-3860,-2051,-0.048247587620619,-0.0262292985485005
"5024","2013","인천","동구","초등학교",2013-04-01,"여자",356,360,343,-17,13,-4,-0.0472222222222222,0.0379008746355685,-0.0111111111111111,76144,80004,78195,-3860,-2051,-0.048247587620619,-0.0262292985485005
"5025","2013","인천","동구","초등학교",2013-04-01,"남자",393,380,368,-12,25,13,-0.0315789473684211,0.0679347826086956,0.0342105263157895,76144,80004,78195,-3860,-2051,-0.048247587620619,-0.0262292985485005
"5026","2013","인천","남구","초등학교",2013-04-01,"전체",2835,3393,3317,-76,-482,-558,-0.0223990568818155,-0.145312028941815,-0.164456233421751,413827,421419,417849,-7592,-4022,-0.0180153244158427,-0.00962548671888649
"5027","2013","인천","남구","초등학교",2013-04-01,"여자",1392,1607,1572,-35,-180,-215,-0.0217797137523335,-0.114503816793893,-0.133789670192906,413827,421419,417849,-7592,-4022,-0.0180153244158427,-0.00962548671888649
"5028","2013","인천","남구","초등학교",2013-04-01,"남자",1443,1786,1745,-41,-302,-343,-0.022956326987682,-0.173065902578797,-0.192049272116461,413827,421419,417849,-7592,-4022,-0.0180153244158427,-0.00962548671888649
"5029","2013","인천","연수구","초등학교",2013-04-01,"전체",2735,2461,2629,168,106,274,0.0682649329540837,0.0403195131228604,0.111336854937017,295152,281673,288641,13479,6511,0.0478533618770702,0.0225574329357229
"5030","2013","인천","연수구","초등학교",2013-04-01,"여자",1325,1195,1265,70,60,130,0.0585774058577406,0.0474308300395257,0.108786610878661,295152,281673,288641,13479,6511,0.0478533618770702,0.0225574329357229
"5031","2013","인천","연수구","초등학교",2013-04-01,"남자",1410,1266,1364,98,46,144,0.0774091627172196,0.0337243401759531,0.113744075829384,295152,281673,288641,13479,6511,0.0478533618770702,0.0225574329357229
"5032","2013","인천","남동구","초등학교",2013-04-01,"전체",4626,4921,5107,186,-481,-295,0.0377971956919325,-0.094184452711964,-0.0599471652103231,504526,483285,499120,21241,5406,0.0439512916808922,0.0108310626702997
"5033","2013","인천","남동구","초등학교",2013-04-01,"여자",2156,2344,2447,103,-291,-188,0.0439419795221843,-0.118921127911729,-0.0802047781569966,504526,483285,499120,21241,5406,0.0439512916808922,0.0108310626702997
"5034","2013","인천","남동구","초등학교",2013-04-01,"남자",2470,2577,2660,83,-190,-107,0.0322079937912301,-0.0714285714285714,-0.0415211486224292,504526,483285,499120,21241,5406,0.0439512916808922,0.0108310626702997
"5035","2013","인천","부평구","초등학교",2013-04-01,"전체",4443,5138,5033,-105,-590,-695,-0.0204359673024523,-0.117226306377906,-0.135266640716232,558174,564358,560636,-6184,-2462,-0.0109575836614348,-0.0043914411489808
"5036","2013","인천","부평구","초등학교",2013-04-01,"여자",2119,2491,2430,-61,-311,-372,-0.0244881573665195,-0.12798353909465,-0.149337615415496,558174,564358,560636,-6184,-2462,-0.0109575836614348,-0.0043914411489808
"5037","2013","인천","부평구","초등학교",2013-04-01,"남자",2324,2647,2603,-44,-279,-323,-0.016622591613147,-0.107184018440261,-0.12202493388742,558174,564358,560636,-6184,-2462,-0.0109575836614348,-0.0043914411489808
"5038","2013","인천","계양구","초등학교",2013-04-01,"전체",2898,3232,3130,-102,-232,-334,-0.0315594059405941,-0.0741214057507987,-0.103341584158416,342590,346344,344174,-3754,-1584,-0.0108389347007599,-0.00460232324347568
"5039","2013","인천","계양구","초등학교",2013-04-01,"여자",1400,1575,1532,-43,-132,-175,-0.0273015873015873,-0.0861618798955614,-0.111111111111111,342590,346344,344174,-3754,-1584,-0.0108389347007599,-0.00460232324347568
"5040","2013","인천","계양구","초등학교",2013-04-01,"남자",1498,1657,1598,-59,-100,-159,-0.0356065178032589,-0.0625782227784731,-0.095956547978274,342590,346344,344174,-3754,-1584,-0.0108389347007599,-0.00460232324347568
"5041","2013","인천","서구","초등학교",2013-04-01,"전체",5191,4686,5091,405,100,505,0.0864276568501921,0.0196425063838146,0.107767819035425,476879,415905,446575,60974,30304,0.146605595027711,0.0678587023456306
"5042","2013","인천","서구","초등학교",2013-04-01,"여자",2519,2278,2485,207,34,241,0.0908691834942932,0.013682092555332,0.105794556628622,476879,415905,446575,60974,30304,0.146605595027711,0.0678587023456306
"5043","2013","인천","서구","초등학교",2013-04-01,"남자",2672,2408,2606,198,66,264,0.0822259136212625,0.0253261703760553,0.109634551495017,476879,415905,446575,60974,30304,0.146605595027711,0.0678587023456306
"5044","2013","인천","강화군","초등학교",2013-04-01,"전체",375,344,366,22,9,31,0.063953488372093,0.0245901639344262,0.0901162790697674,66463,66863,66796,-400,-333,-0.00598238188534765,-0.0049853284627822
"5045","2013","인천","강화군","초등학교",2013-04-01,"여자",191,179,188,9,3,12,0.0502793296089385,0.0159574468085106,0.0670391061452514,66463,66863,66796,-400,-333,-0.00598238188534765,-0.0049853284627822
"5046","2013","인천","강화군","초등학교",2013-04-01,"남자",184,165,178,13,6,19,0.0787878787878788,0.0337078651685393,0.115151515151515,66463,66863,66796,-400,-333,-0.00598238188534765,-0.0049853284627822
"5047","2013","인천","옹진군","초등학교",2013-04-01,"전체",123,164,151,-13,-28,-41,-0.0792682926829268,-0.185430463576159,-0.25,20200,18872,19346,1328,854,0.0703688003391267,0.0441434921947689
"5048","2013","인천","옹진군","초등학교",2013-04-01,"여자",65,88,80,-8,-15,-23,-0.0909090909090909,-0.1875,-0.261363636363636,20200,18872,19346,1328,854,0.0703688003391267,0.0441434921947689
"5049","2013","인천","옹진군","초등학교",2013-04-01,"남자",58,76,71,-5,-13,-18,-0.0657894736842105,-0.183098591549296,-0.236842105263158,20200,18872,19346,1328,854,0.0703688003391267,0.0441434921947689
"5050","2013","광주","동구","초등학교",2013-04-01,"전체",674,611,662,51,12,63,0.0834697217675941,0.0181268882175227,0.103109656301146,104694,101991,106744,2703,-2050,0.0265023384416272,-0.0192048265007869
"5051","2013","광주","동구","초등학교",2013-04-01,"여자",326,292,312,20,14,34,0.0684931506849315,0.0448717948717949,0.116438356164384,104694,101991,106744,2703,-2050,0.0265023384416272,-0.0192048265007869
"5052","2013","광주","동구","초등학교",2013-04-01,"남자",348,319,350,31,-2,29,0.0971786833855799,-0.00571428571428571,0.0909090909090909,104694,101991,106744,2703,-2050,0.0265023384416272,-0.0192048265007869
"5053","2013","광주","서구","초등학교",2013-04-01,"전체",2930,2897,3237,340,-307,33,0.117362789092164,-0.0948409020698177,0.0113910942354159,316732,303183,317955,13549,-1223,0.0446891811216328,-0.00384645625953358
"5054","2013","광주","서구","초등학교",2013-04-01,"여자",1401,1380,1568,188,-167,21,0.136231884057971,-0.106505102040816,0.0152173913043478,316732,303183,317955,13549,-1223,0.0446891811216328,-0.00384645625953358
"5055","2013","광주","서구","초등학교",2013-04-01,"남자",1529,1517,1669,152,-140,12,0.100197758734344,-0.0838825644098262,0.00791034937376401,316732,303183,317955,13549,-1223,0.0446891811216328,-0.00384645625953358
"5056","2013","광주","남구","초등학교",2013-04-01,"전체",1933,1716,1743,27,190,217,0.0157342657342657,0.109007458405049,0.126456876456876,218071,217226,218820,845,-749,0.00388995792400541,-0.00342290467050544
"5057","2013","광주","남구","초등학교",2013-04-01,"여자",951,828,849,21,102,123,0.0253623188405797,0.120141342756184,0.148550724637681,218071,217226,218820,845,-749,0.00388995792400541,-0.00342290467050544
"5058","2013","광주","남구","초등학교",2013-04-01,"남자",982,888,894,6,88,94,0.00675675675675676,0.0984340044742729,0.105855855855856,218071,217226,218820,845,-749,0.00388995792400541,-0.00342290467050544
"5059","2013","광주","북구","초등학교",2013-04-01,"전체",3866,4487,4073,-414,-207,-621,-0.0922665478047693,-0.0508224895654309,-0.138399821707154,443830,469703,444344,-25873,-514,-0.0550837444087008,-0.00115676142808275
"5060","2013","광주","북구","초등학교",2013-04-01,"여자",1862,2174,1964,-210,-102,-312,-0.0965961361545538,-0.0519348268839104,-0.143514259429623,443830,469703,444344,-25873,-514,-0.0550837444087008,-0.00115676142808275
"5061","2013","광주","북구","초등학교",2013-04-01,"남자",2004,2313,2109,-204,-105,-309,-0.0881971465629053,-0.0497866287339972,-0.133592736705577,443830,469703,444344,-25873,-514,-0.0550837444087008,-0.00115676142808275
"5062","2013","광주","광산구","초등학교",2013-04-01,"전체",5133,5045,5186,141,-53,88,0.0279484638255699,-0.0102198225993058,0.0174430128840436,387997,366711,378813,21286,9184,0.0580457090188186,0.0242441521278309
"5063","2013","광주","광산구","초등학교",2013-04-01,"여자",2459,2424,2494,70,-35,35,0.0288778877887789,-0.0140336808340016,0.0144389438943894,387997,366711,378813,21286,9184,0.0580457090188186,0.0242441521278309
"5064","2013","광주","광산구","초등학교",2013-04-01,"남자",2674,2621,2692,71,-18,53,0.027088897367417,-0.00668647845468053,0.0202212895841282,387997,366711,378813,21286,9184,0.0580457090188186,0.0242441521278309
"5065","2013","대전","동구","초등학교",2013-04-01,"전체",2173,2370,2427,57,-254,-197,0.0240506329113924,-0.104655953852493,-0.0831223628691983,251923,248852,252962,3071,-1039,0.0123406683490589,-0.00410733627975743
"5066","2013","대전","동구","초등학교",2013-04-01,"여자",1058,1158,1191,33,-133,-100,0.0284974093264249,-0.111670864819479,-0.0863557858376511,251923,248852,252962,3071,-1039,0.0123406683490589,-0.00410733627975743
"5067","2013","대전","동구","초등학교",2013-04-01,"남자",1115,1212,1236,24,-121,-97,0.0198019801980198,-0.0978964401294498,-0.08003300330033,251923,248852,252962,3071,-1039,0.0123406683490589,-0.00410733627975743
"5068","2013","대전","중구","초등학교",2013-04-01,"전체",2327,2315,2323,8,4,12,0.00345572354211663,0.00172191132156694,0.00518358531317495,263698,265424,264365,-1726,-667,-0.00650280306227018,-0.00252302687572107
"5069","2013","대전","중구","초등학교",2013-04-01,"여자",1147,1120,1120,0,27,27,0,0.0241071428571429,0.0241071428571429,263698,265424,264365,-1726,-667,-0.00650280306227018,-0.00252302687572107
"5070","2013","대전","중구","초등학교",2013-04-01,"남자",1180,1195,1203,8,-23,-15,0.00669456066945607,-0.0191188694929343,-0.0125523012552301,263698,265424,264365,-1726,-667,-0.00650280306227018,-0.00252302687572107
"5071","2013","대전","서구","초등학교",2013-04-01,"전체",4503,4627,4649,22,-146,-124,0.00475470066998055,-0.0314046031404603,-0.0267992219580722,497090,500657,497259,-3567,-169,-0.00712463822537186,-0.000339863129676889
"5072","2013","대전","서구","초등학교",2013-04-01,"여자",2163,2206,2217,11,-54,-43,0.00498640072529465,-0.0243572395128552,-0.0194922937443336,497090,500657,497259,-3567,-169,-0.00712463822537186,-0.000339863129676889
"5073","2013","대전","서구","초등학교",2013-04-01,"남자",2340,2421,2432,11,-92,-81,0.00454357703428335,-0.0378289473684211,-0.033457249070632,497090,500657,497259,-3567,-169,-0.00712463822537186,-0.000339863129676889
"5074","2013","대전","유성구","초등학교",2013-04-01,"전체",3986,3723,3919,196,67,263,0.0526457158205748,0.0170961980096964,0.0706419554123019,310314,285879,300195,24435,10119,0.0854732246859685,0.0337080897416679
"5075","2013","대전","유성구","초등학교",2013-04-01,"여자",1890,1851,1964,113,-74,39,0.0610480821177742,-0.0376782077393075,0.0210696920583468,310314,285879,300195,24435,10119,0.0854732246859685,0.0337080897416679
"5076","2013","대전","유성구","초등학교",2013-04-01,"남자",2096,1872,1955,83,141,224,0.0443376068376068,0.0721227621483376,0.11965811965812,310314,285879,300195,24435,10119,0.0854732246859685,0.0337080897416679
"5077","2013","대전","대덕구","초등학교",2013-04-01,"전체",1754,1905,1863,-42,-109,-151,-0.0220472440944882,-0.0585077831454643,-0.0792650918635171,205553,206939,205847,-1386,-294,-0.00669762587042558,-0.00142824525011295
"5078","2013","대전","대덕구","초등학교",2013-04-01,"여자",834,925,885,-40,-51,-91,-0.0432432432432432,-0.0576271186440678,-0.0983783783783784,205553,206939,205847,-1386,-294,-0.00669762587042558,-0.00142824525011295
"5079","2013","대전","대덕구","초등학교",2013-04-01,"남자",920,980,978,-2,-58,-60,-0.00204081632653061,-0.0593047034764826,-0.0612244897959184,205553,206939,205847,-1386,-294,-0.00669762587042558,-0.00142824525011295
"5080","2013","울산","중구","초등학교",2013-04-01,"전체",1768,1859,1850,-9,-82,-91,-0.00484131253362023,-0.0443243243243243,-0.048951048951049,232649,232610,233063,39,-414,0.000167662611237694,-0.00177634373538485
"5081","2013","울산","중구","초등학교",2013-04-01,"여자",821,858,860,2,-39,-37,0.00233100233100233,-0.0453488372093023,-0.0431235431235431,232649,232610,233063,39,-414,0.000167662611237694,-0.00177634373538485
"5082","2013","울산","중구","초등학교",2013-04-01,"남자",947,1001,990,-11,-43,-54,-0.010989010989011,-0.0434343434343434,-0.0539460539460539,232649,232610,233063,39,-414,0.000167662611237694,-0.00177634373538485
"5083","2013","울산","남구","초등학교",2013-04-01,"전체",2745,2918,2962,44,-217,-173,0.0150788211103496,-0.0732613099257259,-0.0592871830020562,347378,343257,344384,4121,2994,0.0120055818235316,0.00869378368333024
"5084","2013","울산","남구","초등학교",2013-04-01,"여자",1359,1379,1401,22,-42,-20,0.0159535895576505,-0.0299785867237687,-0.0145032632342277,347378,343257,344384,4121,2994,0.0120055818235316,0.00869378368333024
"5085","2013","울산","남구","초등학교",2013-04-01,"남자",1386,1539,1561,22,-175,-153,0.0142949967511371,-0.112107623318386,-0.0994152046783626,347378,343257,344384,4121,2994,0.0120055818235316,0.00869378368333024
"5086","2013","울산","동구","초등학교",2013-04-01,"전체",1648,1646,1673,27,-25,2,0.0164034021871203,-0.0149432157800359,0.00121506682867558,177636,170305,173334,7331,4302,0.0430462992865741,0.024819135311018
"5087","2013","울산","동구","초등학교",2013-04-01,"여자",766,762,784,22,-18,4,0.0288713910761155,-0.0229591836734694,0.005249343832021,177636,170305,173334,7331,4302,0.0430462992865741,0.024819135311018
"5088","2013","울산","동구","초등학교",2013-04-01,"남자",882,884,889,5,-7,-2,0.00565610859728507,-0.0078740157480315,-0.00226244343891403,177636,170305,173334,7331,4302,0.0430462992865741,0.024819135311018
"5089","2013","울산","북구","초등학교",2013-04-01,"전체",2244,2446,2430,-16,-186,-202,-0.00654129190515127,-0.0765432098765432,-0.0825838103025348,184384,180574,183173,3810,1211,0.0210993830784055,0.00661123637217275
"5090","2013","울산","북구","초등학교",2013-04-01,"여자",1090,1212,1188,-24,-98,-122,-0.0198019801980198,-0.0824915824915825,-0.100660066006601,184384,180574,183173,3810,1211,0.0210993830784055,0.00661123637217275
"5091","2013","울산","북구","초등학교",2013-04-01,"남자",1154,1234,1242,8,-88,-80,0.00648298217179903,-0.07085346215781,-0.0648298217179903,184384,180574,183173,3810,1211,0.0210993830784055,0.00661123637217275
"5092","2013","울산","울주군","초등학교",2013-04-01,"전체",2154,2127,2133,6,21,27,0.00282087447108604,0.00984528832630099,0.0126939351198872,208661,202292,205674,6369,2987,0.031484191169201,0.0145229829730544
"5093","2013","울산","울주군","초등학교",2013-04-01,"여자",993,1017,1028,11,-35,-24,0.0108161258603736,-0.0340466926070039,-0.023598820058997,208661,202292,205674,6369,2987,0.031484191169201,0.0145229829730544
"5094","2013","울산","울주군","초등학교",2013-04-01,"남자",1161,1110,1105,-5,56,51,-0.0045045045045045,0.0506787330316742,0.0459459459459459,208661,202292,205674,6369,2987,0.031484191169201,0.0145229829730544
"5095","2013","경기","수원시","초등학교",2013-04-01,"전체",11035,10721,10948,227,87,314,0.0211733980039175,0.00794665692363902,0.0292883126574014,1131939,1078265,1105922,53674,26017,0.0497781157693146,0.0235251672360257
"5096","2013","경기","수원시","초등학교",2013-04-01,"여자",5404,5188,5288,100,116,216,0.0192752505782575,0.0219364599092284,0.0416345412490362,1131939,1078265,1105922,53674,26017,0.0497781157693146,0.0235251672360257
"5097","2013","경기","수원시","초등학교",2013-04-01,"남자",5631,5533,5660,127,-29,98,0.0229531899512019,-0.00512367491166078,0.0177119103560455,1131939,1078265,1105922,53674,26017,0.0497781157693146,0.0235251672360257
"5098","2013","경기","성남시","초등학교",2013-04-01,"전체",7880,8649,8641,-8,-761,-769,-0.000924962423401549,-0.0880685105890522,-0.0889120129494739,980946,980896,978458,50,2488,5.09738035428832e-05,0.00254277649117285
"5099","2013","경기","성남시","초등학교",2013-04-01,"여자",3811,4260,4253,-7,-442,-449,-0.00164319248826291,-0.10392664001881,-0.105399061032864,980946,980896,978458,50,2488,5.09738035428832e-05,0.00254277649117285
"5100","2013","경기","성남시","초등학교",2013-04-01,"남자",4069,4389,4388,-1,-319,-320,-0.000227842333105491,-0.0726982680036463,-0.0729095465937571,980946,980896,978458,50,2488,5.09738035428832e-05,0.00254277649117285
"5101","2013","경기","부천시","초등학교",2013-04-01,"전체",7274,8035,7880,-155,-606,-761,-0.0192906036092097,-0.0769035532994924,-0.0947106409458619,868517,873290,872369,-4773,-3852,-0.00546553836640749,-0.00441556268047122
"5102","2013","경기","부천시","초등학교",2013-04-01,"여자",3500,3786,3724,-62,-224,-286,-0.0163761225567882,-0.0601503759398496,-0.0755414685684099,868517,873290,872369,-4773,-3852,-0.00546553836640749,-0.00441556268047122
"5103","2013","경기","부천시","초등학교",2013-04-01,"남자",3774,4249,4156,-93,-382,-475,-0.0218875029418687,-0.0919153031761309,-0.111791009649329,868517,873290,872369,-4773,-3852,-0.00546553836640749,-0.00441556268047122
"5104","2013","경기","안양시","초등학교",2013-04-01,"전체",5320,5466,5356,-110,-36,-146,-0.0201244054152945,-0.00672143390589993,-0.0267105744603,610685,620008,612632,-9323,-1947,-0.0150369027496419,-0.00317809059925045
"5105","2013","경기","안양시","초등학교",2013-04-01,"여자",2599,2674,2630,-44,-31,-75,-0.0164547494390426,-0.011787072243346,-0.0280478683620045,610685,620008,612632,-9323,-1947,-0.0150369027496419,-0.00317809059925045
"5106","2013","경기","안양시","초등학교",2013-04-01,"남자",2721,2792,2726,-66,-5,-71,-0.0236389684813754,-0.00183418928833456,-0.0254297994269341,610685,620008,612632,-9323,-1947,-0.0150369027496419,-0.00317809059925045
"5107","2013","경기","과천시","초등학교",2013-04-01,"전체",598,629,628,-1,-30,-31,-0.00158982511923688,-0.0477707006369427,-0.0492845786963434,70837,72257,71635,-1420,-798,-0.0196520752314655,-0.0111398059607734
"5108","2013","경기","과천시","초등학교",2013-04-01,"여자",275,278,274,-4,1,-3,-0.0143884892086331,0.00364963503649635,-0.0107913669064748,70837,72257,71635,-1420,-798,-0.0196520752314655,-0.0111398059607734
"5109","2013","경기","과천시","초등학교",2013-04-01,"남자",323,351,354,3,-31,-28,0.00854700854700855,-0.0875706214689266,-0.0797720797720798,70837,72257,71635,-1420,-798,-0.0196520752314655,-0.0111398059607734
"5110","2013","경기","안산시","초등학교",2013-04-01,"전체",6372,6954,6833,-121,-461,-582,-0.0174000575208513,-0.0674667056929606,-0.0836928386540121,714745,716040,714956,-1295,-211,-0.0018085581811072,-0.000295123056523758
"5111","2013","경기","안산시","초등학교",2013-04-01,"여자",3109,3418,3376,-42,-267,-309,-0.0122878876535986,-0.0790876777251185,-0.0904037448800468,714745,716040,714956,-1295,-211,-0.0018085581811072,-0.000295123056523758
"5112","2013","경기","안산시","초등학교",2013-04-01,"남자",3263,3536,3457,-79,-194,-273,-0.022341628959276,-0.0561180214058432,-0.0772058823529412,714745,716040,714956,-1295,-211,-0.0018085581811072,-0.000295123056523758
"5113","2013","경기","용인시","초등학교",2013-04-01,"전체",11081,11778,11928,150,-847,-697,0.0127356087620988,-0.0710093896713615,-0.0591781287145526,923937,883114,901814,40823,22123,0.0462261950325779,0.0245316661750649
"5114","2013","경기","용인시","초등학교",2013-04-01,"여자",5345,5702,5748,46,-403,-357,0.0080673447913013,-0.0701113430758525,-0.0626096106629253,923937,883114,901814,40823,22123,0.0462261950325779,0.0245316661750649
"5115","2013","경기","용인시","초등학교",2013-04-01,"남자",5736,6076,6180,104,-444,-340,0.0171165240289664,-0.0718446601941748,-0.0559578670177749,923937,883114,901814,40823,22123,0.0462261950325779,0.0245316661750649
"5116","2013","경기","군포시","초등학교",2013-04-01,"전체",2846,3177,3077,-100,-231,-331,-0.0314762354422411,-0.0750731231719207,-0.104186339313818,286403,288333,287223,-1930,-820,-0.00669364935682007,-0.00285492457080387
"5117","2013","경기","군포시","초등학교",2013-04-01,"여자",1386,1510,1463,-47,-77,-124,-0.0311258278145695,-0.0526315789473684,-0.0821192052980132,286403,288333,287223,-1930,-820,-0.00669364935682007,-0.00285492457080387
"5118","2013","경기","군포시","초등학교",2013-04-01,"남자",1460,1667,1614,-53,-154,-207,-0.0317936412717457,-0.0954151177199504,-0.124175164967007,286403,288333,287223,-1930,-820,-0.00669364935682007,-0.00285492457080387
"5119","2013","경기","의왕시","초등학교",2013-04-01,"전체",1396,1514,1512,-2,-116,-118,-0.00132100396301189,-0.0767195767195767,-0.0779392338177015,158263,147941,150738,10322,7525,0.069771057380983,0.0499210550756942
"5120","2013","경기","의왕시","초등학교",2013-04-01,"여자",669,770,757,-13,-88,-101,-0.0168831168831169,-0.116248348745046,-0.131168831168831,158263,147941,150738,10322,7525,0.069771057380983,0.0499210550756942
"5121","2013","경기","의왕시","초등학교",2013-04-01,"남자",727,744,755,11,-28,-17,0.0147849462365591,-0.0370860927152318,-0.0228494623655914,158263,147941,150738,10322,7525,0.069771057380983,0.0499210550756942
"5122","2013","경기","시흥시","초등학교",2013-04-01,"전체",4283,4503,4423,-80,-140,-220,-0.0177659338218965,-0.0316527243952069,-0.0488563180102154,398852,402228,400709,-3376,-1857,-0.00839324959972951,-0.00463428572854615
"5123","2013","경기","시흥시","초등학교",2013-04-01,"여자",2151,2239,2175,-64,-24,-88,-0.0285841893702546,-0.0110344827586207,-0.0393032603841,398852,402228,400709,-3376,-1857,-0.00839324959972951,-0.00463428572854615
"5124","2013","경기","시흥시","초등학교",2013-04-01,"남자",2132,2264,2248,-16,-116,-132,-0.00706713780918728,-0.0516014234875445,-0.0583038869257951,398852,402228,400709,-3376,-1857,-0.00839324959972951,-0.00463428572854615
"5125","2013","경기","평택시","초등학교",2013-04-01,"전체",4537,4659,4747,88,-210,-122,0.0188881734277742,-0.0442384663998315,-0.0261858767975961,436619,422423,429302,14196,7317,0.0336061246665073,0.017043945753805
"5126","2013","경기","평택시","초등학교",2013-04-01,"여자",2207,2301,2332,31,-125,-94,0.0134724033029118,-0.0536020583190394,-0.040851803563668,436619,422423,429302,14196,7317,0.0336061246665073,0.017043945753805
"5127","2013","경기","평택시","초등학교",2013-04-01,"남자",2330,2358,2415,57,-85,-28,0.0241730279898219,-0.0351966873706004,-0.0118744698897371,436619,422423,429302,14196,7317,0.0336061246665073,0.017043945753805
"5128","2013","경기","화성시","초등학교",2013-04-01,"전체",7455,7976,7823,-153,-368,-521,-0.0191825476429288,-0.0470407771954493,-0.065320962888666,527046,512201,519051,14845,7995,0.0289827626263908,0.0154031106769855
"5129","2013","경기","화성시","초등학교",2013-04-01,"여자",3719,3873,3821,-52,-102,-154,-0.013426284533953,-0.0266945825700079,-0.0397624580428608,527046,512201,519051,14845,7995,0.0289827626263908,0.0154031106769855
"5130","2013","경기","화성시","초등학교",2013-04-01,"남자",3736,4103,4002,-101,-266,-367,-0.0246161345357056,-0.0664667666166917,-0.0894467462832074,527046,512201,519051,14845,7995,0.0289827626263908,0.0154031106769855
"5131","2013","경기","오산시","초등학교",2013-04-01,"전체",2590,2700,2792,92,-202,-110,0.0340740740740741,-0.0723495702005731,-0.0407407407407407,200863,185314,195751,15549,5112,0.0839062348230571,0.0261148091197491
"5132","2013","경기","오산시","초등학교",2013-04-01,"여자",1307,1320,1354,34,-47,-13,0.0257575757575758,-0.034711964549483,-0.00984848484848485,200863,185314,195751,15549,5112,0.0839062348230571,0.0261148091197491
"5133","2013","경기","오산시","초등학교",2013-04-01,"남자",1283,1380,1438,58,-155,-97,0.0420289855072464,-0.10778859527121,-0.0702898550724638,200863,185314,195751,15549,5112,0.0839062348230571,0.0261148091197491
"5134","2013","경기","광명시","초등학교",2013-04-01,"전체",3603,3811,3773,-38,-170,-208,-0.00997113618472842,-0.045056983832494,-0.0545788506953555,354958,352349,355355,2609,-397,0.00740459033515066,-0.00111719266648844
"5135","2013","경기","광명시","초등학교",2013-04-01,"여자",1752,1862,1834,-28,-82,-110,-0.0150375939849624,-0.044711014176663,-0.0590762620837809,354958,352349,355355,2609,-397,0.00740459033515066,-0.00111719266648844
"5136","2013","경기","광명시","초등학교",2013-04-01,"남자",1851,1949,1939,-10,-88,-98,-0.00513083632632119,-0.0453842186694172,-0.0502821959979477,354958,352349,355355,2609,-397,0.00740459033515066,-0.00111719266648844
"5137","2013","경기","광주시","초등학교",2013-04-01,"전체",2726,2884,2974,90,-248,-158,0.0312066574202497,-0.0833893745796907,-0.0547850208044383,278540,254343,268379,24197,10161,0.0951353094050161,0.0378606373822095
"5138","2013","경기","광주시","초등학교",2013-04-01,"여자",1321,1396,1444,48,-123,-75,0.0343839541547278,-0.0851800554016621,-0.0537249283667622,278540,254343,268379,24197,10161,0.0951353094050161,0.0378606373822095
"5139","2013","경기","광주시","초등학교",2013-04-01,"남자",1405,1488,1530,42,-125,-83,0.0282258064516129,-0.0816993464052288,-0.0557795698924731,278540,254343,268379,24197,10161,0.0951353094050161,0.0378606373822095
"5140","2013","경기","하남시","초등학교",2013-04-01,"전체",1188,1393,1348,-45,-160,-205,-0.0323043790380474,-0.118694362017804,-0.147164393395549,145663,150054,147602,-4391,-1939,-0.029262798725792,-0.0131366783647918
"5141","2013","경기","하남시","초등학교",2013-04-01,"여자",552,661,637,-24,-85,-109,-0.0363086232980333,-0.133437990580848,-0.164901664145234,145663,150054,147602,-4391,-1939,-0.029262798725792,-0.0131366783647918
"5142","2013","경기","하남시","초등학교",2013-04-01,"남자",636,732,711,-21,-75,-96,-0.0286885245901639,-0.105485232067511,-0.131147540983607,145663,150054,147602,-4391,-1939,-0.029262798725792,-0.0131366783647918
"5143","2013","경기","김포시","초등학교",2013-04-01,"전체",3290,2627,2969,342,321,663,0.130186524552722,0.108117211182216,0.252379139703083,296806,243471,265663,53335,31143,0.219060996997589,0.117227464870908
"5144","2013","경기","김포시","초등학교",2013-04-01,"여자",1580,1295,1454,159,126,285,0.122779922779923,0.0866574965612105,0.22007722007722,296806,243471,265663,53335,31143,0.219060996997589,0.117227464870908
"5145","2013","경기","김포시","초등학교",2013-04-01,"남자",1710,1332,1515,183,195,378,0.137387387387387,0.128712871287129,0.283783783783784,296806,243471,265663,53335,31143,0.219060996997589,0.117227464870908
"5146","2013","경기","이천시","초등학교",2013-04-01,"전체",2172,2287,2288,1,-116,-115,0.000437254044599913,-0.0506993006993007,-0.0502842151289899,204902,203323,204545,1579,357,0.00776596843446142,0.00174533721186047
"5147","2013","경기","이천시","초등학교",2013-04-01,"여자",1035,1090,1104,14,-69,-55,0.0128440366972477,-0.0625,-0.0504587155963303,204902,203323,204545,1579,357,0.00776596843446142,0.00174533721186047
"5148","2013","경기","이천시","초등학교",2013-04-01,"남자",1137,1197,1184,-13,-47,-60,-0.0108604845446951,-0.0396959459459459,-0.050125313283208,204902,203323,204545,1579,357,0.00776596843446142,0.00174533721186047
"5149","2013","경기","안성시","초등학교",2013-04-01,"전체",1816,1938,1932,-6,-116,-122,-0.00309597523219814,-0.0600414078674948,-0.0629514963880289,181782,179357,181292,2425,490,0.0135205205261016,0.00270282196677184
"5150","2013","경기","안성시","초등학교",2013-04-01,"여자",853,921,921,0,-68,-68,0,-0.0738327904451683,-0.0738327904451683,181782,179357,181292,2425,490,0.0135205205261016,0.00270282196677184
"5151","2013","경기","안성시","초등학교",2013-04-01,"남자",963,1017,1011,-6,-48,-54,-0.00589970501474926,-0.0474777448071217,-0.0530973451327434,181782,179357,181292,2425,490,0.0135205205261016,0.00270282196677184
"5152","2013","경기","여주군","초등학교",2013-04-01,"전체",883,952,965,13,-82,-69,0.0136554621848739,-0.0849740932642487,-0.0724789915966387,109332,109006,109187,326,145,0.00299066106452856,0.00132799692271058
"5153","2013","경기","여주군","초등학교",2013-04-01,"여자",440,477,478,1,-38,-37,0.00209643605870021,-0.0794979079497908,-0.0775681341719078,109332,109006,109187,326,145,0.00299066106452856,0.00132799692271058
"5154","2013","경기","여주군","초등학교",2013-04-01,"남자",443,475,487,12,-44,-32,0.0252631578947368,-0.0903490759753593,-0.0673684210526316,109332,109006,109187,326,145,0.00299066106452856,0.00132799692271058
"5155","2013","경기","양평군","초등학교",2013-04-01,"전체",812,772,819,47,-7,40,0.060880829015544,-0.00854700854700855,0.0518134715025907,102557,96721,100125,5836,2432,0.0603384993951675,0.0242896379525593
"5156","2013","경기","양평군","초등학교",2013-04-01,"여자",400,374,400,26,0,26,0.0695187165775401,0,0.0695187165775401,102557,96721,100125,5836,2432,0.0603384993951675,0.0242896379525593
"5157","2013","경기","양평군","초등학교",2013-04-01,"남자",412,398,419,21,-7,14,0.0527638190954774,-0.0167064439140811,0.0351758793969849,102557,96721,100125,5836,2432,0.0603384993951675,0.0242896379525593
"5158","2013","경기","고양시","초등학교",2013-04-01,"전체",8601,8987,9081,94,-480,-386,0.0104595526872149,-0.0528576148001321,-0.0429509291198398,974327,955128,961241,19199,13086,0.02010097075994,0.013613651519234
"5159","2013","경기","고양시","초등학교",2013-04-01,"여자",4211,4352,4412,60,-201,-141,0.0137867647058824,-0.0455575702629193,-0.0323988970588235,974327,955128,961241,19199,13086,0.02010097075994,0.013613651519234
"5160","2013","경기","고양시","초등학교",2013-04-01,"남자",4390,4635,4669,34,-279,-245,0.00733549083063646,-0.0597558363675305,-0.0528586839266451,974327,955128,961241,19199,13086,0.02010097075994,0.013613651519234
"5161","2013","경기","남양주시","초등학교",2013-04-01,"전체",6829,7159,7200,41,-371,-330,0.00572705685151557,-0.0515277777777778,-0.0460958234390278,606717,569710,582654,37007,24063,0.0649576100121114,0.0412989527232285
"5162","2013","경기","남양주시","초등학교",2013-04-01,"여자",3277,3444,3457,13,-180,-167,0.0037746806039489,-0.0520682672837721,-0.0484901277584204,606717,569710,582654,37007,24063,0.0649576100121114,0.0412989527232285
"5163","2013","경기","남양주시","초등학교",2013-04-01,"남자",3552,3715,3743,28,-191,-163,0.00753701211305518,-0.0510285866951643,-0.0438761776581427,606717,569710,582654,37007,24063,0.0649576100121114,0.0412989527232285
"5164","2013","경기","구리시","초등학교",2013-04-01,"전체",1723,1933,1895,-38,-172,-210,-0.0196585618210036,-0.0907651715039578,-0.108639420589757,191476,195891,194133,-4415,-2657,-0.0225380441163708,-0.0136864932803799
"5165","2013","경기","구리시","초등학교",2013-04-01,"여자",784,954,923,-31,-139,-170,-0.0324947589098532,-0.150595882990249,-0.178197064989518,191476,195891,194133,-4415,-2657,-0.0225380441163708,-0.0136864932803799
"5166","2013","경기","구리시","초등학교",2013-04-01,"남자",939,979,972,-7,-33,-40,-0.00715015321756895,-0.0339506172839506,-0.0408580183861083,191476,195891,194133,-4415,-2657,-0.0225380441163708,-0.0136864932803799
"5167","2013","경기","의정부시","초등학교",2013-04-01,"전체",3731,4157,4079,-78,-348,-426,-0.0187635313928314,-0.0853150281931846,-0.102477748376233,430028,431385,429998,-1357,30,-0.00314568193145334,6.9767766361704e-05
"5168","2013","경기","의정부시","초등학교",2013-04-01,"여자",1860,2016,2009,-7,-149,-156,-0.00347222222222222,-0.0741662518666003,-0.0773809523809524,430028,431385,429998,-1357,30,-0.00314568193145334,6.9767766361704e-05
"5169","2013","경기","의정부시","초등학교",2013-04-01,"남자",1871,2141,2070,-71,-199,-270,-0.033162073797291,-0.0961352657004831,-0.126109294722092,430028,431385,429998,-1357,30,-0.00314568193145334,6.9767766361704e-05
"5170","2013","경기","파주시","초등학교",2013-04-01,"전체",4446,4237,4501,264,-55,209,0.0623082369601133,-0.0122195067762719,0.0493273542600897,397568,362896,385017,34672,12551,0.095542524580045,0.0325985605830392
"5171","2013","경기","파주시","초등학교",2013-04-01,"여자",2180,2082,2211,129,-31,98,0.0619596541786743,-0.0140208050655812,0.0470701248799232,397568,362896,385017,34672,12551,0.095542524580045,0.0325985605830392
"5172","2013","경기","파주시","초등학교",2013-04-01,"남자",2266,2155,2290,135,-24,111,0.0626450116009281,-0.0104803493449782,0.051508120649652,397568,362896,385017,34672,12551,0.095542524580045,0.0325985605830392
"5173","2013","경기","동두천시","초등학교",2013-04-01,"전체",897,981,984,3,-87,-84,0.00305810397553517,-0.0884146341463415,-0.0856269113149847,97310,95868,96461,1442,849,0.0150415154170318,0.00880148453779248
"5174","2013","경기","동두천시","초등학교",2013-04-01,"여자",433,465,468,3,-35,-32,0.00645161290322581,-0.0747863247863248,-0.0688172043010753,97310,95868,96461,1442,849,0.0150415154170318,0.00880148453779248
"5175","2013","경기","동두천시","초등학교",2013-04-01,"남자",464,516,516,0,-52,-52,0,-0.10077519379845,-0.10077519379845,97310,95868,96461,1442,849,0.0150415154170318,0.00880148453779248
"5176","2013","경기","양주시","초등학교",2013-04-01,"전체",2159,2343,2265,-78,-106,-184,-0.0332906530089629,-0.0467991169977925,-0.078531796841656,199531,197348,200098,2183,-567,0.011061677848268,-0.00283361153035013
"5177","2013","경기","양주시","초등학교",2013-04-01,"여자",1019,1148,1114,-34,-95,-129,-0.029616724738676,-0.085278276481149,-0.112369337979094,199531,197348,200098,2183,-567,0.011061677848268,-0.00283361153035013
"5178","2013","경기","양주시","초등학교",2013-04-01,"남자",1140,1195,1151,-44,-11,-55,-0.0368200836820084,-0.00955690703735882,-0.0460251046025105,199531,197348,200098,2183,-567,0.011061677848268,-0.00283361153035013
"5179","2013","경기","포천시","초등학교",2013-04-01,"전체",1327,1396,1390,-6,-63,-69,-0.00429799426934097,-0.0453237410071942,-0.0494269340974212,156852,158206,157626,-1354,-774,-0.00855846175239877,-0.00491035742834304
"5180","2013","경기","포천시","초등학교",2013-04-01,"여자",642,654,648,-6,-6,-12,-0.00917431192660551,-0.00925925925925926,-0.018348623853211,156852,158206,157626,-1354,-774,-0.00855846175239877,-0.00491035742834304
"5181","2013","경기","포천시","초등학교",2013-04-01,"남자",685,742,742,0,-57,-57,0,-0.0768194070080863,-0.0768194070080863,156852,158206,157626,-1354,-774,-0.00855846175239877,-0.00491035742834304
"5182","2013","경기","가평군","초등학교",2013-04-01,"전체",450,424,434,10,16,26,0.0235849056603774,0.0368663594470046,0.0613207547169811,60751,58941,59577,1810,1174,0.0307086747764714,0.0197055910838075
"5183","2013","경기","가평군","초등학교",2013-04-01,"여자",212,196,205,9,7,16,0.0459183673469388,0.0341463414634146,0.0816326530612245,60751,58941,59577,1810,1174,0.0307086747764714,0.0197055910838075
"5184","2013","경기","가평군","초등학교",2013-04-01,"남자",238,228,229,1,9,10,0.0043859649122807,0.0393013100436681,0.043859649122807,60751,58941,59577,1810,1174,0.0307086747764714,0.0197055910838075
"5185","2013","경기","연천군","초등학교",2013-04-01,"전체",281,324,302,-22,-21,-43,-0.0679012345679012,-0.0695364238410596,-0.132716049382716,45631,45093,45472,538,159,0.0119308983656,0.0034966572836031
"5186","2013","경기","연천군","초등학교",2013-04-01,"여자",134,149,131,-18,3,-15,-0.120805369127517,0.0229007633587786,-0.100671140939597,45631,45093,45472,538,159,0.0119308983656,0.0034966572836031
"5187","2013","경기","연천군","초등학교",2013-04-01,"남자",147,175,171,-4,-24,-28,-0.0228571428571429,-0.140350877192982,-0.16,45631,45093,45472,538,159,0.0119308983656,0.0034966572836031
"5188","2013","강원","춘천시","초등학교",2013-04-01,"전체",2271,2358,2359,1,-88,-87,0.000424088210347752,-0.0373039423484527,-0.0368956743002544,273820,270607,272817,3213,1003,0.0118733070467505,0.00367645711227673
"5189","2013","강원","춘천시","초등학교",2013-04-01,"여자",1076,1140,1118,-22,-42,-64,-0.0192982456140351,-0.037567084078712,-0.056140350877193,273820,270607,272817,3213,1003,0.0118733070467505,0.00367645711227673
"5190","2013","강원","춘천시","초등학교",2013-04-01,"남자",1195,1218,1241,23,-46,-23,0.0188834154351396,-0.0370668815471394,-0.0188834154351396,273820,270607,272817,3213,1003,0.0118733070467505,0.00367645711227673
"5191","2013","강원","원주시","초등학교",2013-04-01,"전체",3063,3053,3090,37,-27,10,0.0121192269898461,-0.0087378640776699,0.00327546675401245,324152,318783,321775,5369,2377,0.0168421779078558,0.00738714940564059
"5192","2013","강원","원주시","초등학교",2013-04-01,"여자",1484,1499,1526,27,-42,-15,0.0180120080053369,-0.0275229357798165,-0.0100066711140761,324152,318783,321775,5369,2377,0.0168421779078558,0.00738714940564059
"5193","2013","강원","원주시","초등학교",2013-04-01,"남자",1579,1554,1564,10,15,25,0.00643500643500643,0.00959079283887468,0.0160875160875161,324152,318783,321775,5369,2377,0.0168421779078558,0.00738714940564059
"5194","2013","강원","강릉시","초등학교",2013-04-01,"전체",1708,1722,1733,11,-25,-14,0.00638792102206736,-0.0144258511252164,-0.00813008130081301,217342,217908,217925,-566,-583,-0.00259742643684491,-0.00267523230469198
"5195","2013","강원","강릉시","초등학교",2013-04-01,"여자",786,759,773,14,13,27,0.0184453227931489,0.0168175937904269,0.0355731225296443,217342,217908,217925,-566,-583,-0.00259742643684491,-0.00267523230469198
"5196","2013","강원","강릉시","초등학교",2013-04-01,"남자",922,963,960,-3,-38,-41,-0.00311526479750779,-0.0395833333333333,-0.0425752855659398,217342,217908,217925,-566,-583,-0.00259742643684491,-0.00267523230469198
"5197","2013","강원","동해시","초등학교",2013-04-01,"전체",836,806,822,16,14,30,0.0198511166253102,0.0170316301703163,0.0372208436724566,94144,94798,94390,-654,-246,-0.00689887972320091,-0.00260620828477593
"5198","2013","강원","동해시","초등학교",2013-04-01,"여자",397,397,410,13,-13,0,0.0327455919395466,-0.0317073170731707,0,94144,94798,94390,-654,-246,-0.00689887972320091,-0.00260620828477593
"5199","2013","강원","동해시","초등학교",2013-04-01,"남자",439,409,412,3,27,30,0.00733496332518337,0.0655339805825243,0.0733496332518337,94144,94798,94390,-654,-246,-0.00689887972320091,-0.00260620828477593
"5200","2013","강원","태백시","초등학교",2013-04-01,"전체",413,443,436,-7,-23,-30,-0.0158013544018059,-0.0527522935779817,-0.0677200902934537,49128,50739,50136,-1611,-1008,-0.0317507242949211,-0.0201053135471517
"5201","2013","강원","태백시","초등학교",2013-04-01,"여자",216,223,220,-3,-4,-7,-0.0134529147982063,-0.0181818181818182,-0.031390134529148,49128,50739,50136,-1611,-1008,-0.0317507242949211,-0.0201053135471517
"5202","2013","강원","태백시","초등학교",2013-04-01,"남자",197,220,216,-4,-19,-23,-0.0181818181818182,-0.087962962962963,-0.104545454545455,49128,50739,50136,-1611,-1008,-0.0317507242949211,-0.0201053135471517
"5203","2013","강원","속초시","초등학교",2013-04-01,"전체",677,701,701,0,-24,-24,0,-0.0342368045649073,-0.0342368045649073,83282,83973,83548,-691,-266,-0.00822883545901659,-0.00318379853497391
"5204","2013","강원","속초시","초등학교",2013-04-01,"여자",335,334,334,0,1,1,0,0.0029940119760479,0.0029940119760479,83282,83973,83548,-691,-266,-0.00822883545901659,-0.00318379853497391
"5205","2013","강원","속초시","초등학교",2013-04-01,"남자",342,367,367,0,-25,-25,0,-0.0681198910081744,-0.0681198910081744,83282,83973,83548,-691,-266,-0.00822883545901659,-0.00318379853497391
"5206","2013","강원","삼척시","초등학교",2013-04-01,"전체",468,514,510,-4,-42,-46,-0.00778210116731518,-0.0823529411764706,-0.0894941634241245,73149,72454,73062,695,87,0.00959229304110194,0.00119076948345241
"5207","2013","강원","삼척시","초등학교",2013-04-01,"여자",211,231,232,1,-21,-20,0.00432900432900433,-0.0905172413793103,-0.0865800865800866,73149,72454,73062,695,87,0.00959229304110194,0.00119076948345241
"5208","2013","강원","삼척시","초등학교",2013-04-01,"남자",257,283,278,-5,-21,-26,-0.0176678445229682,-0.0755395683453237,-0.0918727915194346,73149,72454,73062,695,87,0.00959229304110194,0.00119076948345241
"5209","2013","강원","홍천군","초등학교",2013-04-01,"전체",456,493,473,-20,-17,-37,-0.0405679513184584,-0.0359408033826638,-0.0750507099391481,69873,69774,69600,99,273,0.00141886662653711,0.00392241379310345
"5210","2013","강원","홍천군","초등학교",2013-04-01,"여자",215,224,208,-16,7,-9,-0.0714285714285714,0.0336538461538462,-0.0401785714285714,69873,69774,69600,99,273,0.00141886662653711,0.00392241379310345
"5211","2013","강원","홍천군","초등학교",2013-04-01,"남자",241,269,265,-4,-24,-28,-0.0148698884758364,-0.0905660377358491,-0.104089219330855,69873,69774,69600,99,273,0.00141886662653711,0.00392241379310345
"5212","2013","강원","횡성군","초등학교",2013-04-01,"전체",290,299,313,14,-23,-9,0.0468227424749164,-0.073482428115016,-0.0301003344481605,44720,44201,44404,519,316,0.0117418157960227,0.00711647599315377
"5213","2013","강원","횡성군","초등학교",2013-04-01,"여자",135,148,152,4,-17,-13,0.027027027027027,-0.111842105263158,-0.0878378378378378,44720,44201,44404,519,316,0.0117418157960227,0.00711647599315377
"5214","2013","강원","횡성군","초등학교",2013-04-01,"남자",155,151,161,10,-6,4,0.0662251655629139,-0.0372670807453416,0.0264900662251656,44720,44201,44404,519,316,0.0117418157960227,0.00711647599315377
"5215","2013","강원","영월군","초등학교",2013-04-01,"전체",251,236,255,19,-4,15,0.0805084745762712,-0.0156862745098039,0.0635593220338983,40330,40198,40319,132,11,0.00328374545997313,0.000272824226791339
"5216","2013","강원","영월군","초등학교",2013-04-01,"여자",116,114,115,1,1,2,0.0087719298245614,0.00869565217391304,0.0175438596491228,40330,40198,40319,132,11,0.00328374545997313,0.000272824226791339
"5217","2013","강원","영월군","초등학교",2013-04-01,"남자",135,122,140,18,-5,13,0.147540983606557,-0.0357142857142857,0.10655737704918,40330,40198,40319,132,11,0.00328374545997313,0.000272824226791339
"5218","2013","강원","평창군","초등학교",2013-04-01,"전체",284,283,299,16,-15,1,0.0565371024734982,-0.0501672240802676,0.00353356890459364,43508,43340,43458,168,50,0.00387632671896631,0.00115053614984583
"5219","2013","강원","평창군","초등학교",2013-04-01,"여자",138,125,127,2,11,13,0.016,0.0866141732283465,0.104,43508,43340,43458,168,50,0.00387632671896631,0.00115053614984583
"5220","2013","강원","평창군","초등학교",2013-04-01,"남자",146,158,172,14,-26,-12,0.0886075949367089,-0.151162790697674,-0.0759493670886076,43508,43340,43458,168,50,0.00387632671896631,0.00115053614984583
"5221","2013","강원","정선군","초등학교",2013-04-01,"전체",228,246,246,0,-18,-18,0,-0.0731707317073171,-0.0731707317073171,39858,40625,39903,-767,-45,-0.01888,-0.0011277347567852
"5222","2013","강원","정선군","초등학교",2013-04-01,"여자",117,122,123,1,-6,-5,0.00819672131147541,-0.0487804878048781,-0.040983606557377,39858,40625,39903,-767,-45,-0.01888,-0.0011277347567852
"5223","2013","강원","정선군","초등학교",2013-04-01,"남자",111,124,123,-1,-12,-13,-0.00806451612903226,-0.0975609756097561,-0.104838709677419,39858,40625,39903,-767,-45,-0.01888,-0.0011277347567852
"5224","2013","강원","철원군","초등학교",2013-04-01,"전체",442,466,458,-8,-16,-24,-0.0171673819742489,-0.0349344978165939,-0.0515021459227468,47728,48530,48034,-802,-306,-0.0165258602926025,-0.00637048757130366
"5225","2013","강원","철원군","초등학교",2013-04-01,"여자",218,215,216,1,2,3,0.00465116279069767,0.00925925925925926,0.013953488372093,47728,48530,48034,-802,-306,-0.0165258602926025,-0.00637048757130366
"5226","2013","강원","철원군","초등학교",2013-04-01,"남자",224,251,242,-9,-18,-27,-0.0358565737051793,-0.0743801652892562,-0.107569721115538,47728,48530,48034,-802,-306,-0.0165258602926025,-0.00637048757130366
"5227","2013","강원","화천군","초등학교",2013-04-01,"전체",190,216,218,2,-28,-26,0.00925925925925926,-0.128440366972477,-0.12037037037037,24972,24315,24941,657,31,0.0270203578038248,0.00124293332264143
"5228","2013","강원","화천군","초등학교",2013-04-01,"여자",95,110,115,5,-20,-15,0.0454545454545455,-0.173913043478261,-0.136363636363636,24972,24315,24941,657,31,0.0270203578038248,0.00124293332264143
"5229","2013","강원","화천군","초등학교",2013-04-01,"남자",95,106,103,-3,-8,-11,-0.0283018867924528,-0.0776699029126214,-0.10377358490566,24972,24315,24941,657,31,0.0270203578038248,0.00124293332264143
"5230","2013","강원","양구군","초등학교",2013-04-01,"전체",192,202,207,5,-15,-10,0.0247524752475248,-0.072463768115942,-0.0495049504950495,23143,21850,22674,1293,469,0.0591762013729977,0.0206844844315075
"5231","2013","강원","양구군","초등학교",2013-04-01,"여자",88,94,91,-3,-3,-6,-0.0319148936170213,-0.032967032967033,-0.0638297872340425,23143,21850,22674,1293,469,0.0591762013729977,0.0206844844315075
"5232","2013","강원","양구군","초등학교",2013-04-01,"남자",104,108,116,8,-12,-4,0.0740740740740741,-0.103448275862069,-0.037037037037037,23143,21850,22674,1293,469,0.0591762013729977,0.0206844844315075
"5233","2013","강원","인제군","초등학교",2013-04-01,"전체",296,323,305,-18,-9,-27,-0.0557275541795666,-0.0295081967213115,-0.0835913312693498,32391,31661,31939,730,452,0.0230567575250308,0.01415197720655
"5234","2013","강원","인제군","초등학교",2013-04-01,"여자",154,159,147,-12,7,-5,-0.0754716981132075,0.0476190476190476,-0.0314465408805031,32391,31661,31939,730,452,0.0230567575250308,0.01415197720655
"5235","2013","강원","인제군","초등학교",2013-04-01,"남자",142,164,158,-6,-16,-22,-0.0365853658536585,-0.10126582278481,-0.134146341463415,32391,31661,31939,730,452,0.0230567575250308,0.01415197720655
"5236","2013","강원","고성군","초등학교",2013-04-01,"전체",186,183,183,0,3,3,0,0.0163934426229508,0.0163934426229508,29962,30052,30331,-90,-369,-0.00299480899773726,-0.0121657709933731
"5237","2013","강원","고성군","초등학교",2013-04-01,"여자",86,84,86,2,0,2,0.0238095238095238,0,0.0238095238095238,29962,30052,30331,-90,-369,-0.00299480899773726,-0.0121657709933731
"5238","2013","강원","고성군","초등학교",2013-04-01,"남자",100,99,97,-2,3,1,-0.0202020202020202,0.0309278350515464,0.0101010101010101,29962,30052,30331,-90,-369,-0.00299480899773726,-0.0121657709933731
"5239","2013","강원","양양군","초등학교",2013-04-01,"전체",167,194,191,-3,-24,-27,-0.0154639175257732,-0.12565445026178,-0.139175257731959,27667,27913,27840,-246,-173,-0.00881309783971626,-0.00621408045977011
"5240","2013","강원","양양군","초등학교",2013-04-01,"여자",86,95,90,-5,-4,-9,-0.0526315789473684,-0.0444444444444444,-0.0947368421052632,27667,27913,27840,-246,-173,-0.00881309783971626,-0.00621408045977011
"5241","2013","강원","양양군","초등학교",2013-04-01,"남자",81,99,101,2,-20,-18,0.0202020202020202,-0.198019801980198,-0.181818181818182,27667,27913,27840,-246,-173,-0.00881309783971626,-0.00621408045977011
"5242","2013","충북","청주시","초등학교",2013-04-01,"전체",6501,6700,6677,-23,-176,-199,-0.00343283582089552,-0.0263591433278418,-0.0297014925373134,668896,658914,663388,9982,5508,0.0151491696943759,0.00830283333433827
"5243","2013","충북","청주시","초등학교",2013-04-01,"여자",3212,3291,3278,-13,-66,-79,-0.00395016712245518,-0.0201342281879195,-0.0240048617441507,668896,658914,663388,9982,5508,0.0151491696943759,0.00830283333433827
"5244","2013","충북","청주시","초등학교",2013-04-01,"남자",3289,3409,3399,-10,-110,-120,-0.00293341155764154,-0.0323624595469256,-0.0352009386916984,668896,658914,663388,9982,5508,0.0151491696943759,0.00830283333433827
"5245","2013","충북","충주시","초등학교",2013-04-01,"전체",1666,1738,1747,9,-81,-72,0.00517836593785961,-0.0463651974813967,-0.0414269275028769,208215,208242,208488,-27,-273,-0.00012965684155934,-0.00130942788074134
"5246","2013","충북","충주시","초등학교",2013-04-01,"여자",803,816,810,-6,-7,-13,-0.00735294117647059,-0.00864197530864197,-0.0159313725490196,208215,208242,208488,-27,-273,-0.00012965684155934,-0.00130942788074134
"5247","2013","충북","충주시","초등학교",2013-04-01,"남자",863,922,937,15,-74,-59,0.0162689804772234,-0.0789754535752401,-0.0639913232104121,208215,208242,208488,-27,-273,-0.00012965684155934,-0.00130942788074134
"5248","2013","충북","제천시","초등학교",2013-04-01,"전체",1081,1074,1083,9,-2,7,0.00837988826815642,-0.00184672206832872,0.00651769087523277,137189,137299,137465,-110,-276,-0.000801171166578052,-0.0020077837995126
"5249","2013","충북","제천시","초등학교",2013-04-01,"여자",522,528,535,7,-13,-6,0.0132575757575758,-0.0242990654205607,-0.0113636363636364,137189,137299,137465,-110,-276,-0.000801171166578052,-0.0020077837995126
"5250","2013","충북","제천시","초등학교",2013-04-01,"남자",559,546,548,2,11,13,0.00366300366300366,0.0200729927007299,0.0238095238095238,137189,137299,137465,-110,-276,-0.000801171166578052,-0.0020077837995126
"5251","2013","충북","청원군","초등학교",2013-04-01,"전체",1620,1717,1781,64,-161,-97,0.0372743156668608,-0.0903986524424481,-0.0564938846825859,154494,155017,159203,-523,-4709,-0.00337382351613049,-0.0295785883431845
"5252","2013","충북","청원군","초등학교",2013-04-01,"여자",794,848,871,23,-77,-54,0.027122641509434,-0.0884041331802526,-0.0636792452830189,154494,155017,159203,-523,-4709,-0.00337382351613049,-0.0295785883431845
"5253","2013","충북","청원군","초등학교",2013-04-01,"남자",826,869,910,41,-84,-43,0.047180667433832,-0.0923076923076923,-0.049482163406214,154494,155017,159203,-523,-4709,-0.00337382351613049,-0.0295785883431845
"5254","2013","충북","보은군","초등학교",2013-04-01,"전체",188,188,187,-1,1,0,-0.00531914893617021,0.0053475935828877,0,34254,34804,34592,-550,-338,-0.015802781289507,-0.00977104532839963
"5255","2013","충북","보은군","초등학교",2013-04-01,"여자",86,86,83,-3,3,0,-0.0348837209302326,0.036144578313253,0,34254,34804,34592,-550,-338,-0.015802781289507,-0.00977104532839963
"5256","2013","충북","보은군","초등학교",2013-04-01,"남자",102,102,104,2,-2,0,0.0196078431372549,-0.0192307692307692,0,34254,34804,34592,-550,-338,-0.015802781289507,-0.00977104532839963
"5257","2013","충북","옥천군","초등학교",2013-04-01,"전체",376,401,394,-7,-18,-25,-0.0174563591022444,-0.0456852791878173,-0.0623441396508728,52894,53821,53386,-927,-492,-0.0172237602422846,-0.0092158992994418
"5258","2013","충북","옥천군","초등학교",2013-04-01,"여자",177,206,198,-8,-21,-29,-0.0388349514563107,-0.106060606060606,-0.140776699029126,52894,53821,53386,-927,-492,-0.0172237602422846,-0.0092158992994418
"5259","2013","충북","옥천군","초등학교",2013-04-01,"남자",199,195,196,1,3,4,0.00512820512820513,0.0153061224489796,0.0205128205128205,52894,53821,53386,-927,-492,-0.0172237602422846,-0.0092158992994418
"5260","2013","충북","영동군","초등학교",2013-04-01,"전체",295,310,326,16,-31,-15,0.0516129032258065,-0.0950920245398773,-0.0483870967741935,50610,50346,50653,264,-43,0.00524371350256227,-0.000848913193690403
"5261","2013","충북","영동군","초등학교",2013-04-01,"여자",144,157,161,4,-17,-13,0.0254777070063694,-0.105590062111801,-0.0828025477707006,50610,50346,50653,264,-43,0.00524371350256227,-0.000848913193690403
"5262","2013","충북","영동군","초등학교",2013-04-01,"남자",151,153,165,12,-14,-2,0.0784313725490196,-0.0848484848484849,-0.0130718954248366,50610,50346,50653,264,-43,0.00524371350256227,-0.000848913193690403
"5263","2013","충북","진천군","초등학교",2013-04-01,"전체",563,600,602,2,-39,-37,0.00333333333333333,-0.0647840531561462,-0.0616666666666667,63873,62448,63102,1425,771,0.0228189853958493,0.0122183132071884
"5264","2013","충북","진천군","초등학교",2013-04-01,"여자",265,288,293,5,-28,-23,0.0173611111111111,-0.0955631399317406,-0.0798611111111111,63873,62448,63102,1425,771,0.0228189853958493,0.0122183132071884
"5265","2013","충북","진천군","초등학교",2013-04-01,"남자",298,312,309,-3,-11,-14,-0.00961538461538462,-0.0355987055016181,-0.0448717948717949,63873,62448,63102,1425,771,0.0228189853958493,0.0122183132071884
"5266","2013","충북","괴산군","초등학교",2013-04-01,"전체",164,163,173,10,-9,1,0.0613496932515337,-0.0520231213872832,0.00613496932515337,37771,36840,37481,931,290,0.025271444082519,0.00773725354179451
"5267","2013","충북","괴산군","초등학교",2013-04-01,"여자",84,88,94,6,-10,-4,0.0681818181818182,-0.106382978723404,-0.0454545454545455,37771,36840,37481,931,290,0.025271444082519,0.00773725354179451
"5268","2013","충북","괴산군","초등학교",2013-04-01,"남자",80,75,79,4,1,5,0.0533333333333333,0.0126582278481013,0.0666666666666667,37771,36840,37481,931,290,0.025271444082519,0.00773725354179451
"5269","2013","충북","음성군","초등학교",2013-04-01,"전체",731,792,799,7,-68,-61,0.00883838383838384,-0.0851063829787234,-0.077020202020202,93237,91271,92012,1966,1225,0.0215402482716306,0.0133134808503239
"5270","2013","충북","음성군","초등학교",2013-04-01,"여자",379,394,404,10,-25,-15,0.0253807106598985,-0.0618811881188119,-0.0380710659898477,93237,91271,92012,1966,1225,0.0215402482716306,0.0133134808503239
"5271","2013","충북","음성군","초등학교",2013-04-01,"남자",352,398,395,-3,-43,-46,-0.00753768844221105,-0.108860759493671,-0.115577889447236,93237,91271,92012,1966,1225,0.0215402482716306,0.0133134808503239
"5272","2013","충북","단양군","초등학교",2013-04-01,"전체",186,204,196,-8,-10,-18,-0.0392156862745098,-0.0510204081632653,-0.0882352941176471,31093,31736,31528,-643,-435,-0.0202609024451727,-0.0137972595787871
"5273","2013","충북","단양군","초등학교",2013-04-01,"여자",90,104,97,-7,-7,-14,-0.0673076923076923,-0.0721649484536082,-0.134615384615385,31093,31736,31528,-643,-435,-0.0202609024451727,-0.0137972595787871
"5274","2013","충북","단양군","초등학교",2013-04-01,"남자",96,100,99,-1,-3,-4,-0.01,-0.0303030303030303,-0.04,31093,31736,31528,-643,-435,-0.0202609024451727,-0.0137972595787871
"5275","2013","충북","증평군","초등학교",2013-04-01,"전체",321,329,335,6,-14,-8,0.0182370820668693,-0.0417910447761194,-0.0243161094224924,34394,33457,34091,937,303,0.0280060973787249,0.00888797629872987
"5276","2013","충북","증평군","초등학교",2013-04-01,"여자",150,147,153,6,-3,3,0.0408163265306122,-0.0196078431372549,0.0204081632653061,34394,33457,34091,937,303,0.0280060973787249,0.00888797629872987
"5277","2013","충북","증평군","초등학교",2013-04-01,"남자",171,182,182,0,-11,-11,0,-0.0604395604395604,-0.0604395604395604,34394,33457,34091,937,303,0.0280060973787249,0.00888797629872987
"5278","2013","충남","천안시","초등학교",2013-04-01,"전체",6097,6226,6274,48,-177,-129,0.00770960488274976,-0.0282116671979598,-0.02071956312239,585303,563811,576419,21492,8884,0.0381191569515316,0.0154123996606635
"5279","2013","충남","천안시","초등학교",2013-04-01,"여자",2910,3028,3065,37,-155,-118,0.01221928665786,-0.0505709624796085,-0.0389696169088507,585303,563811,576419,21492,8884,0.0381191569515316,0.0154123996606635
"5280","2013","충남","천안시","초등학교",2013-04-01,"남자",3187,3198,3209,11,-22,-11,0.0034396497811132,-0.0068557182923029,-0.0034396497811132,585303,563811,576419,21492,8884,0.0381191569515316,0.0154123996606635
"5281","2013","충남","공주시","초등학교",2013-04-01,"전체",884,918,939,21,-55,-34,0.0228758169934641,-0.0585729499467519,-0.037037037037037,116909,124554,124158,-7645,-7249,-0.061379000272974,-0.0583852832680939
"5282","2013","충남","공주시","초등학교",2013-04-01,"여자",452,447,462,15,-10,5,0.0335570469798658,-0.0216450216450216,0.0111856823266219,116909,124554,124158,-7645,-7249,-0.061379000272974,-0.0583852832680939
"5283","2013","충남","공주시","초등학교",2013-04-01,"남자",432,471,477,6,-45,-39,0.0127388535031847,-0.0943396226415094,-0.0828025477707006,116909,124554,124158,-7645,-7249,-0.061379000272974,-0.0583852832680939
"5284","2013","충남","보령시","초등학교",2013-04-01,"전체",810,844,842,-2,-32,-34,-0.0023696682464455,-0.0380047505938242,-0.0402843601895735,105268,106899,105931,-1631,-663,-0.0152573924919784,-0.00625879109986689
"5285","2013","충남","보령시","초등학교",2013-04-01,"여자",382,386,384,-2,-2,-4,-0.00518134715025907,-0.00520833333333333,-0.0103626943005181,105268,106899,105931,-1631,-663,-0.0152573924919784,-0.00625879109986689
"5286","2013","충남","보령시","초등학교",2013-04-01,"남자",428,458,458,0,-30,-30,0,-0.0655021834061135,-0.0655021834061135,105268,106899,105931,-1631,-663,-0.0152573924919784,-0.00625879109986689
"5287","2013","충남","아산시","초등학교",2013-04-01,"전체",3221,3425,3426,1,-205,-204,0.000291970802919708,-0.0598365440747227,-0.0595620437956204,283623,267712,276585,15911,7038,0.0594332715754243,0.0254460654048484
"5288","2013","충남","아산시","초등학교",2013-04-01,"여자",1571,1697,1685,-12,-114,-126,-0.00707130229817325,-0.0676557863501484,-0.0742486741308191,283623,267712,276585,15911,7038,0.0594332715754243,0.0254460654048484
"5289","2013","충남","아산시","초등학교",2013-04-01,"남자",1650,1728,1741,13,-91,-78,0.00752314814814815,-0.0522688110281447,-0.0451388888888889,283623,267712,276585,15911,7038,0.0594332715754243,0.0254460654048484
"5290","2013","충남","서산시","초등학교",2013-04-01,"전체",1592,1665,1673,8,-81,-73,0.0048048048048048,-0.0484160191273162,-0.0438438438438438,163950,160678,161635,3272,2315,0.0203637087840277,0.0143223930460606
"5291","2013","충남","서산시","초등학교",2013-04-01,"여자",747,813,812,-1,-65,-66,-0.001230012300123,-0.0800492610837438,-0.0811808118081181,163950,160678,161635,3272,2315,0.0203637087840277,0.0143223930460606
"5292","2013","충남","서산시","초등학교",2013-04-01,"남자",845,852,861,9,-16,-7,0.0105633802816901,-0.0185830429732869,-0.00821596244131455,163950,160678,161635,3272,2315,0.0203637087840277,0.0143223930460606
"5293","2013","충남","논산시","초등학교",2013-04-01,"전체",999,987,1001,14,-2,12,0.0141843971631206,-0.001998001998002,0.0121580547112462,126005,128300,126649,-2295,-644,-0.0178877630553391,-0.00508491973880568
"5294","2013","충남","논산시","초등학교",2013-04-01,"여자",476,469,469,0,7,7,0,0.0149253731343284,0.0149253731343284,126005,128300,126649,-2295,-644,-0.0178877630553391,-0.00508491973880568
"5295","2013","충남","논산시","초등학교",2013-04-01,"남자",523,518,532,14,-9,5,0.027027027027027,-0.0169172932330827,0.00965250965250965,126005,128300,126649,-2295,-644,-0.0178877630553391,-0.00508491973880568
"5296","2013","충남","계룡시","초등학교",2013-04-01,"전체",526,549,524,-25,2,-23,-0.0455373406193078,0.00381679389312977,-0.0418943533697632,40922,43037,42257,-2115,-1335,-0.0491437600204475,-0.0315923988924912
"5297","2013","충남","계룡시","초등학교",2013-04-01,"여자",258,267,253,-14,5,-9,-0.052434456928839,0.0197628458498024,-0.0337078651685393,40922,43037,42257,-2115,-1335,-0.0491437600204475,-0.0315923988924912
"5298","2013","충남","계룡시","초등학교",2013-04-01,"남자",268,282,271,-11,-3,-14,-0.0390070921985816,-0.011070110701107,-0.049645390070922,40922,43037,42257,-2115,-1335,-0.0491437600204475,-0.0315923988924912
"5299","2013","충남","금산군","초등학교",2013-04-01,"전체",381,429,427,-2,-46,-48,-0.00466200466200466,-0.107728337236534,-0.111888111888112,55472,56283,55809,-811,-337,-0.0144093243075174,-0.00603845257933308
"5300","2013","충남","금산군","초등학교",2013-04-01,"여자",174,209,208,-1,-34,-35,-0.00478468899521531,-0.163461538461538,-0.167464114832536,55472,56283,55809,-811,-337,-0.0144093243075174,-0.00603845257933308
"5301","2013","충남","금산군","초등학교",2013-04-01,"남자",207,220,219,-1,-12,-13,-0.00454545454545455,-0.0547945205479452,-0.0590909090909091,55472,56283,55809,-811,-337,-0.0144093243075174,-0.00603845257933308
"5302","2013","충남","부여군","초등학교",2013-04-01,"전체",454,428,438,10,16,26,0.0233644859813084,0.0365296803652968,0.0607476635514019,72921,74492,73601,-1571,-680,-0.0210895129678355,-0.00923900490482466
"5303","2013","충남","부여군","초등학교",2013-04-01,"여자",208,195,194,-1,14,13,-0.00512820512820513,0.0721649484536082,0.0666666666666667,72921,74492,73601,-1571,-680,-0.0210895129678355,-0.00923900490482466
"5304","2013","충남","부여군","초등학교",2013-04-01,"남자",246,233,244,11,2,13,0.0472103004291846,0.00819672131147541,0.055793991416309,72921,74492,73601,-1571,-680,-0.0210895129678355,-0.00923900490482466
"5305","2013","충남","서천군","초등학교",2013-04-01,"전체",309,332,324,-8,-15,-23,-0.0240963855421687,-0.0462962962962963,-0.0692771084337349,58657,59721,59259,-1064,-602,-0.0178161785636543,-0.0101587944447257
"5306","2013","충남","서천군","초등학교",2013-04-01,"여자",147,173,166,-7,-19,-26,-0.0404624277456647,-0.114457831325301,-0.15028901734104,58657,59721,59259,-1064,-602,-0.0178161785636543,-0.0101587944447257
"5307","2013","충남","서천군","초등학교",2013-04-01,"남자",162,159,158,-1,4,3,-0.00628930817610063,0.0253164556962025,0.0188679245283019,58657,59721,59259,-1064,-602,-0.0178161785636543,-0.0101587944447257
"5308","2013","충남","청양군","초등학교",2013-04-01,"전체",173,184,183,-1,-10,-11,-0.00543478260869565,-0.0546448087431694,-0.0597826086956522,32120,32441,32191,-321,-71,-0.00989488610092167,-0.0022055854120717
"5309","2013","충남","청양군","초등학교",2013-04-01,"여자",85,92,93,1,-8,-7,0.0108695652173913,-0.0860215053763441,-0.0760869565217391,32120,32441,32191,-321,-71,-0.00989488610092167,-0.0022055854120717
"5310","2013","충남","청양군","초등학교",2013-04-01,"남자",88,92,90,-2,-2,-4,-0.0217391304347826,-0.0222222222222222,-0.0434782608695652,32120,32441,32191,-321,-71,-0.00989488610092167,-0.0022055854120717
"5311","2013","충남","홍성군","초등학교",2013-04-01,"전체",715,661,662,1,53,54,0.00151285930408472,0.0800604229607251,0.0816944024205749,89258,87947,88003,1311,1255,0.0149067051747075,0.0142608774700862
"5312","2013","충남","홍성군","초등학교",2013-04-01,"여자",348,322,314,-8,34,26,-0.0248447204968944,0.10828025477707,0.0807453416149068,89258,87947,88003,1311,1255,0.0149067051747075,0.0142608774700862
"5313","2013","충남","홍성군","초등학교",2013-04-01,"남자",367,339,348,9,19,28,0.0265486725663717,0.0545977011494253,0.0825958702064897,89258,87947,88003,1311,1255,0.0149067051747075,0.0142608774700862
"5314","2013","충남","예산군","초등학교",2013-04-01,"전체",563,594,603,9,-40,-31,0.0151515151515152,-0.066334991708126,-0.0521885521885522,85555,86685,86276,-1130,-721,-0.0130357039856953,-0.00835690110807177
"5315","2013","충남","예산군","초등학교",2013-04-01,"여자",285,283,285,2,0,2,0.00706713780918728,0,0.00706713780918728,85555,86685,86276,-1130,-721,-0.0130357039856953,-0.00835690110807177
"5316","2013","충남","예산군","초등학교",2013-04-01,"남자",278,311,318,7,-40,-33,0.022508038585209,-0.125786163522013,-0.106109324758842,85555,86685,86276,-1130,-721,-0.0130357039856953,-0.00835690110807177
"5317","2013","충남","태안군","초등학교",2013-04-01,"전체",429,442,437,-5,-8,-13,-0.0113122171945701,-0.0183066361556064,-0.0294117647058824,62510,63045,62548,-535,-38,-0.00848600206201919,-0.000607533414337789
"5318","2013","충남","태안군","초등학교",2013-04-01,"여자",217,218,219,1,-2,-1,0.00458715596330275,-0.0091324200913242,-0.00458715596330275,62510,63045,62548,-535,-38,-0.00848600206201919,-0.000607533414337789
"5319","2013","충남","태안군","초등학교",2013-04-01,"남자",212,224,218,-6,-6,-12,-0.0267857142857143,-0.0275229357798165,-0.0535714285714286,62510,63045,62548,-535,-38,-0.00848600206201919,-0.000607533414337789
"5320","2013","전북","전주시","초등학교",2013-04-01,"전체",5963,6169,6256,87,-293,-206,0.0141027719241368,-0.0468350383631714,-0.0333927703031285,649615,643499,648134,6116,1481,0.00950428827395225,0.00228502130732225
"5321","2013","전북","전주시","초등학교",2013-04-01,"여자",2868,2913,2972,59,-104,-45,0.0202540336422932,-0.0349932705248991,-0.0154479917610711,649615,643499,648134,6116,1481,0.00950428827395225,0.00228502130732225
"5322","2013","전북","전주시","초등학교",2013-04-01,"남자",3095,3256,3284,28,-189,-161,0.0085995085995086,-0.0575517661388551,-0.0494471744471744,649615,643499,648134,6116,1481,0.00950428827395225,0.00228502130732225
"5323","2013","전북","군산시","초등학교",2013-04-01,"전체",2526,2609,2644,35,-118,-83,0.0134151015714833,-0.0446293494704992,-0.0318129551552319,278570,273658,277561,4912,1009,0.0179494113090061,0.00363523693890712
"5324","2013","전북","군산시","초등학교",2013-04-01,"여자",1223,1280,1309,29,-86,-57,0.02265625,-0.0656990068754775,-0.04453125,278570,273658,277561,4912,1009,0.0179494113090061,0.00363523693890712
"5325","2013","전북","군산시","초등학교",2013-04-01,"남자",1303,1329,1335,6,-32,-26,0.00451467268623025,-0.0239700374531835,-0.0195635816403311,278570,273658,277561,4912,1009,0.0179494113090061,0.00363523693890712
"5326","2013","전북","익산시","초등학교",2013-04-01,"전체",2642,2697,2713,16,-71,-55,0.00593251761216166,-0.026170291190564,-0.0203930292918057,306690,307391,308204,-701,-1514,-0.0022804831631375,-0.00491233079388976
"5327","2013","전북","익산시","초등학교",2013-04-01,"여자",1322,1334,1351,17,-29,-12,0.012743628185907,-0.0214655810510733,-0.00899550224887556,306690,307391,308204,-701,-1514,-0.0022804831631375,-0.00491233079388976
"5328","2013","전북","익산시","초등학교",2013-04-01,"남자",1320,1363,1362,-1,-42,-43,-0.000733675715333822,-0.0308370044052863,-0.0315480557593544,306690,307391,308204,-701,-1514,-0.0022804831631375,-0.00491233079388976
"5329","2013","전북","정읍시","초등학교",2013-04-01,"전체",854,936,930,-6,-76,-82,-0.00641025641025641,-0.0817204301075269,-0.0876068376068376,118897,121253,119922,-2356,-1025,-0.0194304470817217,-0.00854722236120145
"5330","2013","전북","정읍시","초등학교",2013-04-01,"여자",402,469,466,-3,-64,-67,-0.00639658848614072,-0.137339055793991,-0.142857142857143,118897,121253,119922,-2356,-1025,-0.0194304470817217,-0.00854722236120145
"5331","2013","전북","정읍시","초등학교",2013-04-01,"남자",452,467,464,-3,-12,-15,-0.00642398286937901,-0.0258620689655172,-0.0321199143468951,118897,121253,119922,-2356,-1025,-0.0194304470817217,-0.00854722236120145
"5332","2013","전북","남원시","초등학교",2013-04-01,"전체",697,731,743,12,-46,-34,0.0164158686730506,-0.0619111709286676,-0.0465116279069767,86788,87675,87257,-887,-469,-0.0101169090390647,-0.00537492693995897
"5333","2013","전북","남원시","초등학교",2013-04-01,"여자",343,367,376,9,-33,-24,0.0245231607629428,-0.0877659574468085,-0.0653950953678474,86788,87675,87257,-887,-469,-0.0101169090390647,-0.00537492693995897
"5334","2013","전북","남원시","초등학교",2013-04-01,"남자",354,364,367,3,-13,-10,0.00824175824175824,-0.0354223433242507,-0.0274725274725275,86788,87675,87257,-887,-469,-0.0101169090390647,-0.00537492693995897
"5335","2013","전북","김제시","초등학교",2013-04-01,"전체",642,629,641,12,1,13,0.0190779014308426,0.0015600624024961,0.0206677265500795,91890,93689,92732,-1799,-842,-0.0192018273223111,-0.00907992925850839
"5336","2013","전북","김제시","초등학교",2013-04-01,"여자",294,300,303,3,-9,-6,0.01,-0.0297029702970297,-0.02,91890,93689,92732,-1799,-842,-0.0192018273223111,-0.00907992925850839
"5337","2013","전북","김제시","초등학교",2013-04-01,"남자",348,329,338,9,10,19,0.027355623100304,0.029585798816568,0.0577507598784195,91890,93689,92732,-1799,-842,-0.0192018273223111,-0.00907992925850839
"5338","2013","전북","완주군","초등학교",2013-04-01,"전체",870,881,874,-7,-4,-11,-0.00794551645856981,-0.0045766590389016,-0.0124858115777526,86457,84926,85011,1531,1446,0.0180274591997739,0.017009563468257
"5339","2013","전북","완주군","초등학교",2013-04-01,"여자",427,435,422,-13,5,-8,-0.0298850574712644,0.0118483412322275,-0.0183908045977011,86457,84926,85011,1531,1446,0.0180274591997739,0.017009563468257
"5340","2013","전북","완주군","초등학교",2013-04-01,"남자",443,446,452,6,-9,-3,0.0134529147982063,-0.0199115044247788,-0.00672645739910314,86457,84926,85011,1531,1446,0.0180274591997739,0.017009563468257
"5341","2013","전북","진안군","초등학교",2013-04-01,"전체",170,171,179,8,-9,-1,0.0467836257309941,-0.0502793296089385,-0.00584795321637427,26858,27232,27284,-374,-426,-0.0137338425381904,-0.015613546400821
"5342","2013","전북","진안군","초등학교",2013-04-01,"여자",81,77,84,7,-3,4,0.0909090909090909,-0.0357142857142857,0.051948051948052,26858,27232,27284,-374,-426,-0.0137338425381904,-0.015613546400821
"5343","2013","전북","진안군","초등학교",2013-04-01,"남자",89,94,95,1,-6,-5,0.0106382978723404,-0.0631578947368421,-0.0531914893617021,26858,27232,27284,-374,-426,-0.0137338425381904,-0.015613546400821
"5344","2013","전북","무주군","초등학교",2013-04-01,"전체",167,196,193,-3,-26,-29,-0.0153061224489796,-0.134715025906736,-0.147959183673469,25286,25336,25387,-50,-101,-0.0019734764761604,-0.00397841414897388
"5345","2013","전북","무주군","초등학교",2013-04-01,"여자",78,101,97,-4,-19,-23,-0.0396039603960396,-0.195876288659794,-0.227722772277228,25286,25336,25387,-50,-101,-0.0019734764761604,-0.00397841414897388
"5346","2013","전북","무주군","초등학교",2013-04-01,"남자",89,95,96,1,-7,-6,0.0105263157894737,-0.0729166666666667,-0.0631578947368421,25286,25336,25387,-50,-101,-0.0019734764761604,-0.00397841414897388
"5347","2013","전북","장수군","초등학교",2013-04-01,"전체",137,155,152,-3,-15,-18,-0.0193548387096774,-0.0986842105263158,-0.116129032258065,23139,23291,23195,-152,-56,-0.00652612597140526,-0.00241431342961845
"5348","2013","전북","장수군","초등학교",2013-04-01,"여자",65,80,77,-3,-12,-15,-0.0375,-0.155844155844156,-0.1875,23139,23291,23195,-152,-56,-0.00652612597140526,-0.00241431342961845
"5349","2013","전북","장수군","초등학교",2013-04-01,"남자",72,75,75,0,-3,-3,0,-0.04,-0.04,23139,23291,23195,-152,-56,-0.00652612597140526,-0.00241431342961845
"5350","2013","전북","임실군","초등학교",2013-04-01,"전체",167,189,188,-1,-21,-22,-0.00529100529100529,-0.111702127659574,-0.116402116402116,29742,30429,30247,-687,-505,-0.0225771468007493,-0.0166958706648593
"5351","2013","전북","임실군","초등학교",2013-04-01,"여자",84,86,83,-3,1,-2,-0.0348837209302326,0.0120481927710843,-0.0232558139534884,29742,30429,30247,-687,-505,-0.0225771468007493,-0.0166958706648593
"5352","2013","전북","임실군","초등학교",2013-04-01,"남자",83,103,105,2,-22,-20,0.0194174757281553,-0.20952380952381,-0.194174757281553,29742,30429,30247,-687,-505,-0.0225771468007493,-0.0166958706648593
"5353","2013","전북","순창군","초등학교",2013-04-01,"전체",177,199,195,-4,-18,-22,-0.0201005025125628,-0.0923076923076923,-0.110552763819095,29545,29941,29499,-396,46,-0.013226011155272,0.00155937489406421
"5354","2013","전북","순창군","초등학교",2013-04-01,"여자",77,93,92,-1,-15,-16,-0.010752688172043,-0.16304347826087,-0.172043010752688,29545,29941,29499,-396,46,-0.013226011155272,0.00155937489406421
"5355","2013","전북","순창군","초등학교",2013-04-01,"남자",100,106,103,-3,-3,-6,-0.0283018867924528,-0.029126213592233,-0.0566037735849057,29545,29941,29499,-396,46,-0.013226011155272,0.00155937489406421
"5356","2013","전북","고창군","초등학교",2013-04-01,"전체",334,339,334,-5,0,-5,-0.0147492625368732,0,-0.0147492625368732,60130,60654,60085,-524,45,-0.00863916641936228,0.000748939003078971
"5357","2013","전북","고창군","초등학교",2013-04-01,"여자",160,148,144,-4,16,12,-0.027027027027027,0.111111111111111,0.0810810810810811,60130,60654,60085,-524,45,-0.00863916641936228,0.000748939003078971
"5358","2013","전북","고창군","초등학교",2013-04-01,"남자",174,191,190,-1,-16,-17,-0.00523560209424084,-0.0842105263157895,-0.0890052356020942,60130,60654,60085,-524,45,-0.00863916641936228,0.000748939003078971
"5359","2013","전북","부안군","초등학교",2013-04-01,"전체",312,322,312,-10,0,-10,-0.031055900621118,0,-0.031055900621118,58372,59872,58815,-1500,-443,-0.025053447354356,-0.00753209215336224
"5360","2013","전북","부안군","초등학교",2013-04-01,"여자",146,146,145,-1,1,0,-0.00684931506849315,0.00689655172413793,0,58372,59872,58815,-1500,-443,-0.025053447354356,-0.00753209215336224
"5361","2013","전북","부안군","초등학교",2013-04-01,"남자",166,176,167,-9,-1,-10,-0.0511363636363636,-0.00598802395209581,-0.0568181818181818,58372,59872,58815,-1500,-443,-0.025053447354356,-0.00753209215336224
"5362","2013","전남","목포시","초등학교",2013-04-01,"전체",2644,2539,2538,-1,106,105,-0.000393855848759354,0.0417651694247439,0.0413548641197322,243295,244770,244619,-1475,-1324,-0.00602606528577849,-0.00541249862030341
"5363","2013","전남","목포시","초등학교",2013-04-01,"여자",1282,1221,1213,-8,69,61,-0.00655200655200655,0.056883759274526,0.04995904995905,243295,244770,244619,-1475,-1324,-0.00602606528577849,-0.00541249862030341
"5364","2013","전남","목포시","초등학교",2013-04-01,"남자",1362,1318,1325,7,37,44,0.00531107738998483,0.0279245283018868,0.0333839150227618,243295,244770,244619,-1475,-1324,-0.00602606528577849,-0.00541249862030341
"5365","2013","전남","여수시","초등학교",2013-04-01,"전체",2488,2556,2600,44,-112,-68,0.0172143974960876,-0.0430769230769231,-0.02660406885759,292053,293070,292711,-1017,-658,-0.00347016071245777,-0.00224795105069505
"5366","2013","전남","여수시","초등학교",2013-04-01,"여자",1210,1240,1252,12,-42,-30,0.00967741935483871,-0.0335463258785942,-0.0241935483870968,292053,293070,292711,-1017,-658,-0.00347016071245777,-0.00224795105069505
"5367","2013","전남","여수시","초등학교",2013-04-01,"남자",1278,1316,1348,32,-70,-38,0.0243161094224924,-0.0519287833827893,-0.0288753799392097,292053,293070,292711,-1017,-658,-0.00347016071245777,-0.00224795105069505
"5368","2013","전남","순천시","초등학교",2013-04-01,"전체",2585,2560,2603,43,-18,25,0.016796875,-0.00691509796388782,0.009765625,274446,273347,272726,1099,1720,0.00402053068078303,0.00630669609791512
"5369","2013","전남","순천시","초등학교",2013-04-01,"여자",1278,1244,1280,36,-2,34,0.0289389067524116,-0.0015625,0.0273311897106109,274446,273347,272726,1099,1720,0.00402053068078303,0.00630669609791512
"5370","2013","전남","순천시","초등학교",2013-04-01,"남자",1307,1316,1323,7,-16,-9,0.00531914893617021,-0.0120937263794407,-0.00683890577507599,274446,273347,272726,1099,1720,0.00402053068078303,0.00630669609791512
"5371","2013","전남","나주시","초등학교",2013-04-01,"전체",551,567,571,4,-20,-16,0.00705467372134039,-0.0350262697022767,-0.0282186948853616,87972,89393,88169,-1421,-197,-0.0158960992471446,-0.00223434540484751
"5372","2013","전남","나주시","초등학교",2013-04-01,"여자",259,271,263,-8,-4,-12,-0.029520295202952,-0.0152091254752852,-0.044280442804428,87972,89393,88169,-1421,-197,-0.0158960992471446,-0.00223434540484751
"5373","2013","전남","나주시","초등학교",2013-04-01,"남자",292,296,308,12,-16,-4,0.0405405405405405,-0.051948051948052,-0.0135135135135135,87972,89393,88169,-1421,-197,-0.0158960992471446,-0.00223434540484751
"5374","2013","전남","광양시","초등학교",2013-04-01,"전체",1465,1472,1508,36,-43,-7,0.0244565217391304,-0.0285145888594164,-0.0047554347826087,150985,145960,150797,5025,188,0.0344272403398191,0.00124670915203883
"5375","2013","전남","광양시","초등학교",2013-04-01,"여자",730,727,737,10,-7,3,0.0137551581843191,-0.00949796472184532,0.00412654745529574,150985,145960,150797,5025,188,0.0344272403398191,0.00124670915203883
"5376","2013","전남","광양시","초등학교",2013-04-01,"남자",735,745,771,26,-36,-10,0.0348993288590604,-0.0466926070038911,-0.0134228187919463,150985,145960,150797,5025,188,0.0344272403398191,0.00124670915203883
"5377","2013","전남","담양군","초등학교",2013-04-01,"전체",211,271,255,-16,-44,-60,-0.0590405904059041,-0.172549019607843,-0.22140221402214,47353,47109,47202,244,151,0.00517947738224118,0.00319901699080547
"5378","2013","전남","담양군","초등학교",2013-04-01,"여자",99,122,117,-5,-18,-23,-0.040983606557377,-0.153846153846154,-0.188524590163934,47353,47109,47202,244,151,0.00517947738224118,0.00319901699080547
"5379","2013","전남","담양군","초등학교",2013-04-01,"남자",112,149,138,-11,-26,-37,-0.0738255033557047,-0.188405797101449,-0.248322147651007,47353,47109,47202,244,151,0.00517947738224118,0.00319901699080547
"5380","2013","전남","곡성군","초등학교",2013-04-01,"전체",177,204,193,-11,-16,-27,-0.053921568627451,-0.0829015544041451,-0.132352941176471,31352,31765,31073,-413,279,-0.0130017314654494,0.00897885624175329
"5381","2013","전남","곡성군","초등학교",2013-04-01,"여자",75,92,89,-3,-14,-17,-0.0326086956521739,-0.157303370786517,-0.184782608695652,31352,31765,31073,-413,279,-0.0130017314654494,0.00897885624175329
"5382","2013","전남","곡성군","초등학교",2013-04-01,"남자",102,112,104,-8,-2,-10,-0.0714285714285714,-0.0192307692307692,-0.0892857142857143,31352,31765,31073,-413,279,-0.0130017314654494,0.00897885624175329
"5383","2013","전남","구례군","초등학교",2013-04-01,"전체",163,180,182,2,-19,-17,0.0111111111111111,-0.104395604395604,-0.0944444444444444,27058,27324,27256,-266,-198,-0.00973503147416191,-0.00726445553272674
"5384","2013","전남","구례군","초등학교",2013-04-01,"여자",80,84,85,1,-5,-4,0.0119047619047619,-0.0588235294117647,-0.0476190476190476,27058,27324,27256,-266,-198,-0.00973503147416191,-0.00726445553272674
"5385","2013","전남","구례군","초등학교",2013-04-01,"남자",83,96,97,1,-14,-13,0.0104166666666667,-0.144329896907216,-0.135416666666667,27058,27324,27256,-266,-198,-0.00973503147416191,-0.00726445553272674
"5386","2013","전남","고흥군","초등학교",2013-04-01,"전체",351,383,365,-18,-14,-32,-0.0469973890339426,-0.0383561643835616,-0.0835509138381201,71058,73469,72207,-2411,-1149,-0.032816562087411,-0.0159125846524575
"5387","2013","전남","고흥군","초등학교",2013-04-01,"여자",173,189,183,-6,-10,-16,-0.0317460317460317,-0.0546448087431694,-0.0846560846560847,71058,73469,72207,-2411,-1149,-0.032816562087411,-0.0159125846524575
"5388","2013","전남","고흥군","초등학교",2013-04-01,"남자",178,194,182,-12,-4,-16,-0.0618556701030928,-0.021978021978022,-0.0824742268041237,71058,73469,72207,-2411,-1149,-0.032816562087411,-0.0159125846524575
"5389","2013","전남","보성군","초등학교",2013-04-01,"전체",251,344,309,-35,-58,-93,-0.101744186046512,-0.187702265372168,-0.270348837209302,46832,48404,47633,-1572,-801,-0.0324766548219155,-0.016816072890643
"5390","2013","전남","보성군","초등학교",2013-04-01,"여자",115,168,139,-29,-24,-53,-0.172619047619048,-0.172661870503597,-0.31547619047619,46832,48404,47633,-1572,-801,-0.0324766548219155,-0.016816072890643
"5391","2013","전남","보성군","초등학교",2013-04-01,"남자",136,176,170,-6,-34,-40,-0.0340909090909091,-0.2,-0.227272727272727,46832,48404,47633,-1572,-801,-0.0324766548219155,-0.016816072890643
"5392","2013","전남","화순군","초등학교",2013-04-01,"전체",508,597,568,-29,-60,-89,-0.0485762144053601,-0.105633802816901,-0.149078726968174,68139,69696,68758,-1557,-619,-0.0223398760330578,-0.00900258878966811
"5393","2013","전남","화순군","초등학교",2013-04-01,"여자",242,282,268,-14,-26,-40,-0.049645390070922,-0.0970149253731343,-0.141843971631206,68139,69696,68758,-1557,-619,-0.0223398760330578,-0.00900258878966811
"5394","2013","전남","화순군","초등학교",2013-04-01,"남자",266,315,300,-15,-34,-49,-0.0476190476190476,-0.113333333333333,-0.155555555555556,68139,69696,68758,-1557,-619,-0.0223398760330578,-0.00900258878966811
"5395","2013","전남","장흥군","초등학교",2013-04-01,"전체",245,258,253,-5,-8,-13,-0.0193798449612403,-0.0316205533596838,-0.0503875968992248,41731,42219,41939,-488,-208,-0.0115587768540231,-0.00495958415794368
"5396","2013","전남","장흥군","초등학교",2013-04-01,"여자",96,117,114,-3,-18,-21,-0.0256410256410256,-0.157894736842105,-0.179487179487179,41731,42219,41939,-488,-208,-0.0115587768540231,-0.00495958415794368
"5397","2013","전남","장흥군","초등학교",2013-04-01,"남자",149,141,139,-2,10,8,-0.0141843971631206,0.0719424460431655,0.0567375886524823,41731,42219,41939,-488,-208,-0.0115587768540231,-0.00495958415794368
"5398","2013","전남","강진군","초등학교",2013-04-01,"전체",220,313,299,-14,-79,-93,-0.0447284345047923,-0.264214046822742,-0.297124600638978,40043,40703,40271,-660,-228,-0.0162150210058227,-0.00566164237292344
"5399","2013","전남","강진군","초등학교",2013-04-01,"여자",104,170,156,-14,-52,-66,-0.0823529411764706,-0.333333333333333,-0.388235294117647,40043,40703,40271,-660,-228,-0.0162150210058227,-0.00566164237292344
"5400","2013","전남","강진군","초등학교",2013-04-01,"남자",116,143,143,0,-27,-27,0,-0.188811188811189,-0.188811188811189,40043,40703,40271,-660,-228,-0.0162150210058227,-0.00566164237292344
"5401","2013","전남","해남군","초등학교",2013-04-01,"전체",484,497,506,9,-22,-13,0.0181086519114688,-0.0434782608695652,-0.0261569416498994,77967,79131,78429,-1164,-462,-0.014709785039997,-0.00589067819301534
"5402","2013","전남","해남군","초등학교",2013-04-01,"여자",235,238,242,4,-7,-3,0.0168067226890756,-0.0289256198347107,-0.0126050420168067,77967,79131,78429,-1164,-462,-0.014709785039997,-0.00589067819301534
"5403","2013","전남","해남군","초등학교",2013-04-01,"남자",249,259,264,5,-15,-10,0.0193050193050193,-0.0568181818181818,-0.0386100386100386,77967,79131,78429,-1164,-462,-0.014709785039997,-0.00589067819301534
"5404","2013","전남","영암군","초등학교",2013-04-01,"전체",472,539,525,-14,-53,-67,-0.025974025974026,-0.100952380952381,-0.12430426716141,59873,59998,60178,-125,-305,-0.00208340278009267,-0.0050682973844262
"5405","2013","전남","영암군","초등학교",2013-04-01,"여자",221,259,248,-11,-27,-38,-0.0424710424710425,-0.108870967741935,-0.146718146718147,59873,59998,60178,-125,-305,-0.00208340278009267,-0.0050682973844262
"5406","2013","전남","영암군","초등학교",2013-04-01,"남자",251,280,277,-3,-26,-29,-0.0107142857142857,-0.0938628158844765,-0.103571428571429,59873,59998,60178,-125,-305,-0.00208340278009267,-0.0050682973844262
"5407","2013","전남","무안군","초등학교",2013-04-01,"전체",574,658,686,28,-112,-84,0.0425531914893617,-0.163265306122449,-0.127659574468085,76347,74933,76070,1414,277,0.0188701907036953,0.00364138293676877
"5408","2013","전남","무안군","초등학교",2013-04-01,"여자",288,336,345,9,-57,-48,0.0267857142857143,-0.165217391304348,-0.142857142857143,76347,74933,76070,1414,277,0.0188701907036953,0.00364138293676877
"5409","2013","전남","무안군","초등학교",2013-04-01,"남자",286,322,341,19,-55,-36,0.0590062111801242,-0.161290322580645,-0.111801242236025,76347,74933,76070,1414,277,0.0188701907036953,0.00364138293676877
"5410","2013","전남","함평군","초등학교",2013-04-01,"전체",165,215,208,-7,-43,-50,-0.0325581395348837,-0.206730769230769,-0.232558139534884,35562,36547,36088,-985,-526,-0.0269515965742742,-0.0145754821547329
"5411","2013","전남","함평군","초등학교",2013-04-01,"여자",89,107,102,-5,-13,-18,-0.0467289719626168,-0.127450980392157,-0.168224299065421,35562,36547,36088,-985,-526,-0.0269515965742742,-0.0145754821547329
"5412","2013","전남","함평군","초등학교",2013-04-01,"남자",76,108,106,-2,-30,-32,-0.0185185185185185,-0.283018867924528,-0.296296296296296,35562,36547,36088,-985,-526,-0.0269515965742742,-0.0145754821547329
"5413","2013","전남","영광군","초등학교",2013-04-01,"전체",372,404,400,-4,-28,-32,-0.0099009900990099,-0.07,-0.0792079207920792,57534,57035,56759,499,775,0.00874901376347857,0.013654222237883
"5414","2013","전남","영광군","초등학교",2013-04-01,"여자",191,201,196,-5,-5,-10,-0.0248756218905473,-0.0255102040816327,-0.0497512437810945,57534,57035,56759,499,775,0.00874901376347857,0.013654222237883
"5415","2013","전남","영광군","초등학교",2013-04-01,"남자",181,203,204,1,-23,-22,0.00492610837438424,-0.112745098039216,-0.108374384236453,57534,57035,56759,499,775,0.00874901376347857,0.013654222237883
"5416","2013","전남","장성군","초등학교",2013-04-01,"전체",342,335,335,0,7,7,0,0.0208955223880597,0.0208955223880597,46114,46222,46171,-108,-57,-0.00233654969495046,-0.00123454116220138
"5417","2013","전남","장성군","초등학교",2013-04-01,"여자",167,158,156,-2,11,9,-0.0126582278481013,0.0705128205128205,0.0569620253164557,46114,46222,46171,-108,-57,-0.00233654969495046,-0.00123454116220138
"5418","2013","전남","장성군","초등학교",2013-04-01,"남자",175,177,179,2,-4,-2,0.0112994350282486,-0.0223463687150838,-0.0112994350282486,46114,46222,46171,-108,-57,-0.00233654969495046,-0.00123454116220138
"5419","2013","전남","완도군","초등학교",2013-04-01,"전체",371,367,373,6,-2,4,0.0163487738419619,-0.00536193029490617,0.0108991825613079,53663,54119,53953,-456,-290,-0.008425876309614,-0.00537504865345764
"5420","2013","전남","완도군","초등학교",2013-04-01,"여자",169,169,167,-2,2,0,-0.0118343195266272,0.0119760479041916,0,53663,54119,53953,-456,-290,-0.008425876309614,-0.00537504865345764
"5421","2013","전남","완도군","초등학교",2013-04-01,"남자",202,198,206,8,-4,4,0.0404040404040404,-0.0194174757281553,0.0202020202020202,53663,54119,53953,-456,-290,-0.008425876309614,-0.00537504865345764
"5422","2013","전남","진도군","초등학교",2013-04-01,"전체",204,250,250,0,-46,-46,0,-0.184,-0.184,33147,33629,33392,-482,-245,-0.0143328674655803,-0.00733708672735985
"5423","2013","전남","진도군","초등학교",2013-04-01,"여자",93,110,110,0,-17,-17,0,-0.154545454545455,-0.154545454545455,33147,33629,33392,-482,-245,-0.0143328674655803,-0.00733708672735985
"5424","2013","전남","진도군","초등학교",2013-04-01,"남자",111,140,140,0,-29,-29,0,-0.207142857142857,-0.207142857142857,33147,33629,33392,-482,-245,-0.0143328674655803,-0.00733708672735985
"5425","2013","전남","신안군","초등학교",2013-04-01,"전체",146,206,196,-10,-50,-60,-0.0485436893203883,-0.255102040816327,-0.29126213592233,43953,45075,44132,-1122,-179,-0.024891846921797,-0.00405601377685126
"5426","2013","전남","신안군","초등학교",2013-04-01,"여자",83,108,102,-6,-19,-25,-0.0555555555555556,-0.186274509803922,-0.231481481481481,43953,45075,44132,-1122,-179,-0.024891846921797,-0.00405601377685126
"5427","2013","전남","신안군","초등학교",2013-04-01,"남자",63,98,94,-4,-31,-35,-0.0408163265306122,-0.329787234042553,-0.357142857142857,43953,45075,44132,-1122,-179,-0.024891846921797,-0.00405601377685126
"5428","2013","경북","포항시","초등학교",2013-04-01,"전체",4340,4375,4440,65,-100,-35,0.0148571428571429,-0.0225225225225225,-0.008,518956,515039,517668,3917,1288,0.00760524931121721,0.00248808116398927
"5429","2013","경북","포항시","초등학교",2013-04-01,"여자",2063,2118,2156,38,-93,-55,0.0179414542020774,-0.0431354359925789,-0.0259678942398489,518956,515039,517668,3917,1288,0.00760524931121721,0.00248808116398927
"5430","2013","경북","포항시","초등학교",2013-04-01,"남자",2277,2257,2284,27,-7,20,0.0119627824545857,-0.00306479859894921,0.00886132033673017,518956,515039,517668,3917,1288,0.00760524931121721,0.00248808116398927
"5431","2013","경북","경주시","초등학교",2013-04-01,"전체",2143,2188,2173,-15,-30,-45,-0.00685557586837294,-0.0138057984353428,-0.0205667276051188,263663,266195,264899,-2532,-1236,-0.00951182403876857,-0.00466592927870622
"5432","2013","경북","경주시","초등학교",2013-04-01,"여자",1084,1088,1073,-15,11,-4,-0.0137867647058824,0.0102516309412861,-0.00367647058823529,263663,266195,264899,-2532,-1236,-0.00951182403876857,-0.00466592927870622
"5433","2013","경북","경주시","초등학교",2013-04-01,"남자",1059,1100,1100,0,-41,-41,0,-0.0372727272727273,-0.0372727272727273,263663,266195,264899,-2532,-1236,-0.00951182403876857,-0.00466592927870622
"5434","2013","경북","김천시","초등학교",2013-04-01,"전체",883,988,979,-9,-96,-105,-0.00910931174089069,-0.0980592441266599,-0.106275303643725,135082,135481,135302,-399,-220,-0.00294506240727482,-0.00162599222480082
"5435","2013","경북","김천시","초등학교",2013-04-01,"여자",382,438,427,-11,-45,-56,-0.0251141552511416,-0.105386416861827,-0.127853881278539,135082,135481,135302,-399,-220,-0.00294506240727482,-0.00162599222480082
"5436","2013","경북","김천시","초등학교",2013-04-01,"남자",501,550,552,2,-51,-49,0.00363636363636364,-0.0923913043478261,-0.0890909090909091,135082,135481,135302,-399,-220,-0.00294506240727482,-0.00162599222480082
"5437","2013","경북","안동시","초등학교",2013-04-01,"전체",1245,1314,1292,-22,-47,-69,-0.0167427701674277,-0.0363777089783282,-0.0525114155251142,167676,167798,167919,-122,-243,-0.000727064684918771,-0.00144712629303414
"5438","2013","경북","안동시","초등학교",2013-04-01,"여자",609,637,628,-9,-19,-28,-0.0141287284144427,-0.0302547770700637,-0.043956043956044,167676,167798,167919,-122,-243,-0.000727064684918771,-0.00144712629303414
"5439","2013","경북","안동시","초등학교",2013-04-01,"남자",636,677,664,-13,-28,-41,-0.0192023633677991,-0.0421686746987952,-0.0605612998522895,167676,167798,167919,-122,-243,-0.000727064684918771,-0.00144712629303414
"5440","2013","경북","구미시","초등학교",2013-04-01,"전체",4471,4636,4615,-21,-144,-165,-0.0045297670405522,-0.0312026002166847,-0.0355910267471959,417958,408022,414842,9936,3116,0.0243516280984849,0.00751129345630385
"5441","2013","경북","구미시","초등학교",2013-04-01,"여자",2156,2188,2180,-8,-24,-32,-0.0036563071297989,-0.0110091743119266,-0.0146252285191956,417958,408022,414842,9936,3116,0.0243516280984849,0.00751129345630385
"5442","2013","경북","구미시","초등학교",2013-04-01,"남자",2315,2448,2435,-13,-120,-133,-0.00531045751633987,-0.0492813141683778,-0.0543300653594771,417958,408022,414842,9936,3116,0.0243516280984849,0.00751129345630385
"5443","2013","경북","영주시","초등학교",2013-04-01,"전체",825,822,812,-10,13,3,-0.0121654501216545,0.0160098522167488,0.00364963503649635,112320,113497,113126,-1177,-806,-0.0103703181581892,-0.00712479889680533
"5444","2013","경북","영주시","초등학교",2013-04-01,"여자",385,404,397,-7,-12,-19,-0.0173267326732673,-0.0302267002518892,-0.047029702970297,112320,113497,113126,-1177,-806,-0.0103703181581892,-0.00712479889680533
"5445","2013","경북","영주시","초등학교",2013-04-01,"남자",440,418,415,-3,25,22,-0.00717703349282297,0.0602409638554217,0.0526315789473684,112320,113497,113126,-1177,-806,-0.0103703181581892,-0.00712479889680533
"5446","2013","경북","영천시","초등학교",2013-04-01,"전체",568,685,667,-18,-99,-117,-0.0262773722627737,-0.148425787106447,-0.170802919708029,101165,102540,102721,-1375,-1556,-0.0134094012092842,-0.0151478276107125
"5447","2013","경북","영천시","초등학교",2013-04-01,"여자",277,337,332,-5,-55,-60,-0.0148367952522255,-0.16566265060241,-0.178041543026706,101165,102540,102721,-1375,-1556,-0.0134094012092842,-0.0151478276107125
"5448","2013","경북","영천시","초등학교",2013-04-01,"남자",291,348,335,-13,-44,-57,-0.0373563218390805,-0.13134328358209,-0.163793103448276,101165,102540,102721,-1375,-1556,-0.0134094012092842,-0.0151478276107125
"5449","2013","경북","상주시","초등학교",2013-04-01,"전체",619,654,655,1,-36,-35,0.00152905198776758,-0.0549618320610687,-0.0535168195718654,103950,105239,104553,-1289,-603,-0.0122483109873716,-0.00576740983042093
"5450","2013","경북","상주시","초등학교",2013-04-01,"여자",278,309,303,-6,-25,-31,-0.0194174757281553,-0.0825082508250825,-0.100323624595469,103950,105239,104553,-1289,-603,-0.0122483109873716,-0.00576740983042093
"5451","2013","경북","상주시","초등학교",2013-04-01,"남자",341,345,352,7,-11,-4,0.0202898550724638,-0.03125,-0.0115942028985507,103950,105239,104553,-1289,-603,-0.0122483109873716,-0.00576740983042093
"5452","2013","경북","문경시","초등학교",2013-04-01,"전체",464,469,481,12,-17,-5,0.0255863539445629,-0.0353430353430353,-0.0106609808102345,75693,76306,75907,-613,-214,-0.00803344429009514,-0.00281923933234089
"5453","2013","경북","문경시","초등학교",2013-04-01,"여자",208,213,220,7,-12,-5,0.0328638497652582,-0.0545454545454545,-0.0234741784037559,75693,76306,75907,-613,-214,-0.00803344429009514,-0.00281923933234089
"5454","2013","경북","문경시","초등학교",2013-04-01,"남자",256,256,261,5,-5,0,0.01953125,-0.0191570881226054,0,75693,76306,75907,-613,-214,-0.00803344429009514,-0.00281923933234089
"5455","2013","경북","경산시","초등학교",2013-04-01,"전체",2139,2275,2227,-48,-88,-136,-0.0210989010989011,-0.0395150426582847,-0.0597802197802198,247711,241553,244226,6158,3485,0.025493369985055,0.0142695699884533
"5456","2013","경북","경산시","초등학교",2013-04-01,"여자",993,1062,1041,-21,-48,-69,-0.019774011299435,-0.0461095100864553,-0.0649717514124294,247711,241553,244226,6158,3485,0.025493369985055,0.0142695699884533
"5457","2013","경북","경산시","초등학교",2013-04-01,"남자",1146,1213,1186,-27,-40,-67,-0.0222588623248145,-0.0337268128161889,-0.055234954657873,247711,241553,244226,6158,3485,0.025493369985055,0.0142695699884533
"5458","2013","경북","군위군","초등학교",2013-04-01,"전체",77,103,96,-7,-19,-26,-0.0679611650485437,-0.197916666666667,-0.252427184466019,24124,24504,24234,-380,-110,-0.0155076722167809,-0.00453907732937196
"5459","2013","경북","군위군","초등학교",2013-04-01,"여자",40,53,48,-5,-8,-13,-0.0943396226415094,-0.166666666666667,-0.245283018867925,24124,24504,24234,-380,-110,-0.0155076722167809,-0.00453907732937196
"5460","2013","경북","군위군","초등학교",2013-04-01,"남자",37,50,48,-2,-11,-13,-0.04,-0.229166666666667,-0.26,24124,24504,24234,-380,-110,-0.0155076722167809,-0.00453907732937196
"5461","2013","경북","의성군","초등학교",2013-04-01,"전체",216,225,226,1,-10,-9,0.00444444444444444,-0.0442477876106195,-0.04,56701,58323,57453,-1622,-752,-0.0278106407420743,-0.0130889596713836
"5462","2013","경북","의성군","초등학교",2013-04-01,"여자",105,125,125,0,-20,-20,0,-0.16,-0.16,56701,58323,57453,-1622,-752,-0.0278106407420743,-0.0130889596713836
"5463","2013","경북","의성군","초등학교",2013-04-01,"남자",111,100,101,1,10,11,0.01,0.099009900990099,0.11,56701,58323,57453,-1622,-752,-0.0278106407420743,-0.0130889596713836
"5464","2013","경북","청송군","초등학교",2013-04-01,"전체",120,124,121,-3,-1,-4,-0.0241935483870968,-0.00826446280991736,-0.032258064516129,26445,26555,26515,-110,-70,-0.00414234607418565,-0.00264001508580049
"5465","2013","경북","청송군","초등학교",2013-04-01,"여자",60,64,62,-2,-2,-4,-0.03125,-0.032258064516129,-0.0625,26445,26555,26515,-110,-70,-0.00414234607418565,-0.00264001508580049
"5466","2013","경북","청송군","초등학교",2013-04-01,"남자",60,60,59,-1,1,0,-0.0166666666666667,0.0169491525423729,0,26445,26555,26515,-110,-70,-0.00414234607418565,-0.00264001508580049
"5467","2013","경북","영양군","초등학교",2013-04-01,"전체",89,94,105,11,-16,-5,0.117021276595745,-0.152380952380952,-0.0531914893617021,18259,18382,18186,-123,73,-0.00669132847350669,0.00401407676234466
"5468","2013","경북","영양군","초등학교",2013-04-01,"여자",42,45,50,5,-8,-3,0.111111111111111,-0.16,-0.0666666666666667,18259,18382,18186,-123,73,-0.00669132847350669,0.00401407676234466
"5469","2013","경북","영양군","초등학교",2013-04-01,"남자",47,49,55,6,-8,-2,0.122448979591837,-0.145454545454545,-0.0408163265306122,18259,18382,18186,-123,73,-0.00669132847350669,0.00401407676234466
"5470","2013","경북","영덕군","초등학교",2013-04-01,"전체",203,230,227,-3,-24,-27,-0.0130434782608696,-0.105726872246696,-0.117391304347826,40280,41133,40570,-853,-290,-0.0207376072739649,-0.00714813901897954
"5471","2013","경북","영덕군","초등학교",2013-04-01,"여자",106,106,101,-5,5,0,-0.0471698113207547,0.0495049504950495,0,40280,41133,40570,-853,-290,-0.0207376072739649,-0.00714813901897954
"5472","2013","경북","영덕군","초등학교",2013-04-01,"남자",97,124,126,2,-29,-27,0.0161290322580645,-0.23015873015873,-0.217741935483871,40280,41133,40570,-853,-290,-0.0207376072739649,-0.00714813901897954
"5473","2013","경북","청도군","초등학교",2013-04-01,"전체",184,206,207,1,-23,-22,0.00485436893203883,-0.111111111111111,-0.106796116504854,43742,44145,44173,-403,-431,-0.0091290066825235,-0.00975709143594503
"5474","2013","경북","청도군","초등학교",2013-04-01,"여자",88,111,111,0,-23,-23,0,-0.207207207207207,-0.207207207207207,43742,44145,44173,-403,-431,-0.0091290066825235,-0.00975709143594503
"5475","2013","경북","청도군","초등학교",2013-04-01,"남자",96,95,96,1,0,1,0.0105263157894737,0,0.0105263157894737,43742,44145,44173,-403,-431,-0.0091290066825235,-0.00975709143594503
"5476","2013","경북","고령군","초등학교",2013-04-01,"전체",231,249,252,3,-21,-18,0.0120481927710843,-0.0833333333333333,-0.072289156626506,35243,35194,35440,49,-197,0.00139228277547309,-0.00555869074492099
"5477","2013","경북","고령군","초등학교",2013-04-01,"여자",118,118,115,-3,3,0,-0.0254237288135593,0.0260869565217391,0,35243,35194,35440,49,-197,0.00139228277547309,-0.00555869074492099
"5478","2013","경북","고령군","초등학교",2013-04-01,"남자",113,131,137,6,-24,-18,0.0458015267175573,-0.175182481751825,-0.137404580152672,35243,35194,35440,49,-197,0.00139228277547309,-0.00555869074492099
"5479","2013","경북","성주군","초등학교",2013-04-01,"전체",206,212,209,-3,-3,-6,-0.0141509433962264,-0.0143540669856459,-0.0283018867924528,44908,45008,45018,-100,-110,-0.00222182723071454,-0.0024434670576214
"5480","2013","경북","성주군","초등학교",2013-04-01,"여자",88,95,89,-6,-1,-7,-0.0631578947368421,-0.0112359550561798,-0.0736842105263158,44908,45008,45018,-100,-110,-0.00222182723071454,-0.0024434670576214
"5481","2013","경북","성주군","초등학교",2013-04-01,"남자",118,117,120,3,-2,1,0.0256410256410256,-0.0166666666666667,0.00854700854700855,44908,45008,45018,-100,-110,-0.00222182723071454,-0.0024434670576214
"5482","2013","경북","칠곡군","초등학교",2013-04-01,"전체",1213,1405,1340,-65,-127,-192,-0.0462633451957295,-0.0947761194029851,-0.136654804270463,120188,119326,119162,862,1026,0.00722390761443441,0.00861012738960407
"5483","2013","경북","칠곡군","초등학교",2013-04-01,"여자",580,675,636,-39,-56,-95,-0.0577777777777778,-0.0880503144654088,-0.140740740740741,120188,119326,119162,862,1026,0.00722390761443441,0.00861012738960407
"5484","2013","경북","칠곡군","초등학교",2013-04-01,"남자",633,730,704,-26,-71,-97,-0.0356164383561644,-0.100852272727273,-0.132876712328767,120188,119326,119162,862,1026,0.00722390761443441,0.00861012738960407
"5485","2013","경북","예천군","초등학교",2013-04-01,"전체",253,271,271,0,-18,-18,0,-0.0664206642066421,-0.0664206642066421,45934,46889,46415,-955,-481,-0.0203672503145727,-0.0103630291931488
"5486","2013","경북","예천군","초등학교",2013-04-01,"여자",114,126,127,1,-13,-12,0.00793650793650794,-0.102362204724409,-0.0952380952380952,45934,46889,46415,-955,-481,-0.0203672503145727,-0.0103630291931488
"5487","2013","경북","예천군","초등학교",2013-04-01,"남자",139,145,144,-1,-5,-6,-0.00689655172413793,-0.0347222222222222,-0.0413793103448276,45934,46889,46415,-955,-481,-0.0203672503145727,-0.0103630291931488
"5488","2013","경북","봉화군","초등학교",2013-04-01,"전체",172,184,192,8,-20,-12,0.0434782608695652,-0.104166666666667,-0.0652173913043478,33978,34437,34092,-459,-114,-0.0133286871678718,-0.00334389299542415
"5489","2013","경북","봉화군","초등학교",2013-04-01,"여자",85,92,98,6,-13,-7,0.0652173913043478,-0.13265306122449,-0.0760869565217391,33978,34437,34092,-459,-114,-0.0133286871678718,-0.00334389299542415
"5490","2013","경북","봉화군","초등학교",2013-04-01,"남자",87,92,94,2,-7,-5,0.0217391304347826,-0.074468085106383,-0.0543478260869565,33978,34437,34092,-459,-114,-0.0133286871678718,-0.00334389299542415
"5491","2013","경북","울진군","초등학교",2013-04-01,"전체",362,407,398,-9,-36,-45,-0.0221130221130221,-0.0904522613065327,-0.110565110565111,51745,52207,51829,-462,-84,-0.00884938801310169,-0.0016207142719327
"5492","2013","경북","울진군","초등학교",2013-04-01,"여자",165,177,175,-2,-10,-12,-0.0112994350282486,-0.0571428571428571,-0.0677966101694915,51745,52207,51829,-462,-84,-0.00884938801310169,-0.0016207142719327
"5493","2013","경북","울진군","초등학교",2013-04-01,"남자",197,230,223,-7,-26,-33,-0.0304347826086957,-0.116591928251121,-0.143478260869565,51745,52207,51829,-462,-84,-0.00884938801310169,-0.0016207142719327
"5494","2013","경북","울릉군","초등학교",2013-04-01,"전체",51,65,67,2,-16,-14,0.0307692307692308,-0.238805970149254,-0.215384615384615,10620,10696,10694,-76,-74,-0.00710545998504114,-0.00691976809425846
"5495","2013","경북","울릉군","초등학교",2013-04-01,"여자",26,30,34,4,-8,-4,0.133333333333333,-0.235294117647059,-0.133333333333333,10620,10696,10694,-76,-74,-0.00710545998504114,-0.00691976809425846
"5496","2013","경북","울릉군","초등학교",2013-04-01,"남자",25,35,33,-2,-8,-10,-0.0571428571428571,-0.242424242424242,-0.285714285714286,10620,10696,10694,-76,-74,-0.00710545998504114,-0.00691976809425846
"5497","2013","경남","창원시","초등학교",2013-04-01,"전체",9662,20262,20192,-70,-10530,-10600,-0.00345474286842365,-0.521493660855785,-0.523146777218438,1089406,1091146,1091614,-1740,-2208,-0.00159465369437271,-0.00202269300320443
"5498","2013","경남","창원시","초등학교",2013-04-01,"여자",4603,9590,9574,-16,-4971,-4987,-0.00166840458811262,-0.519218717359515,-0.520020855057351,1089406,1091146,1091614,-1740,-2208,-0.00159465369437271,-0.00202269300320443
"5499","2013","경남","창원시","초등학교",2013-04-01,"남자",5059,10672,10618,-54,-5559,-5613,-0.0050599700149925,-0.523544923714447,-0.525955772113943,1089406,1091146,1091614,-1740,-2208,-0.00159465369437271,-0.00202269300320443
"5500","2013","경남","진주시","초등학교",2013-04-01,"전체",3044,2967,3034,67,10,77,0.0225817323896191,0.003295978905735,0.0259521402089653,337159,335021,336390,2138,769,0.00638168950603096,0.00228603704034008
"5501","2013","경남","진주시","초등학교",2013-04-01,"여자",1468,1417,1444,27,24,51,0.0190543401552576,0.0166204986149584,0.0359915314043754,337159,335021,336390,2138,769,0.00638168950603096,0.00228603704034008
"5502","2013","경남","진주시","초등학교",2013-04-01,"남자",1576,1550,1590,40,-14,26,0.0258064516129032,-0.00880503144654088,0.0167741935483871,337159,335021,336390,2138,769,0.00638168950603096,0.00228603704034008
"5503","2013","경남","통영시","초등학교",2013-04-01,"전체",1256,1311,1296,-15,-40,-55,-0.011441647597254,-0.0308641975308642,-0.041952707856598,139306,140424,139869,-1118,-563,-0.00796160200535521,-0.0040251950038965
"5504","2013","경남","통영시","초등학교",2013-04-01,"여자",619,626,620,-6,-1,-7,-0.00958466453674121,-0.00161290322580645,-0.0111821086261981,139306,140424,139869,-1118,-563,-0.00796160200535521,-0.0040251950038965
"5505","2013","경남","통영시","초등학교",2013-04-01,"남자",637,685,676,-9,-39,-48,-0.0131386861313869,-0.0576923076923077,-0.0700729927007299,139306,140424,139869,-1118,-563,-0.00796160200535521,-0.0040251950038965
"5506","2013","경남","사천시","초등학교",2013-04-01,"전체",1059,1081,1085,4,-26,-22,0.00370027752081406,-0.023963133640553,-0.0203515263644773,115868,114126,114890,1742,978,0.0152638312041077,0.00851249020802507
"5507","2013","경남","사천시","초등학교",2013-04-01,"여자",508,532,530,-2,-22,-24,-0.0037593984962406,-0.0415094339622641,-0.0451127819548872,115868,114126,114890,1742,978,0.0152638312041077,0.00851249020802507
"5508","2013","경남","사천시","초등학교",2013-04-01,"남자",551,549,555,6,-4,2,0.0109289617486339,-0.00720720720720721,0.00364298724954463,115868,114126,114890,1742,978,0.0152638312041077,0.00851249020802507
"5509","2013","경남","김해시","초등학교",2013-04-01,"전체",5851,6015,5978,-37,-127,-164,-0.00615128844555278,-0.0212445633991301,-0.027265170407315,514251,504227,509195,10024,5056,0.0198799350292626,0.00992939836408449
"5510","2013","경남","김해시","초등학교",2013-04-01,"여자",2819,2944,2927,-17,-108,-125,-0.00577445652173913,-0.0368978476255552,-0.0424592391304348,514251,504227,509195,10024,5056,0.0198799350292626,0.00992939836408449
"5511","2013","경남","김해시","초등학교",2013-04-01,"남자",3032,3071,3051,-20,-19,-39,-0.00651253663301856,-0.00622746640445756,-0.0126994464343862,514251,504227,509195,10024,5056,0.0198799350292626,0.00992939836408449
"5512","2013","경남","밀양시","초등학교",2013-04-01,"전체",672,702,684,-18,-12,-30,-0.0256410256410256,-0.0175438596491228,-0.0427350427350427,108431,109996,109044,-1565,-613,-0.0142277901014582,-0.00562158394776421
"5513","2013","경남","밀양시","초등학교",2013-04-01,"여자",326,338,326,-12,0,-12,-0.0355029585798817,0,-0.0355029585798817,108431,109996,109044,-1565,-613,-0.0142277901014582,-0.00562158394776421
"5514","2013","경남","밀양시","초등학교",2013-04-01,"남자",346,364,358,-6,-12,-18,-0.0164835164835165,-0.0335195530726257,-0.0494505494505494,108431,109996,109044,-1565,-613,-0.0142277901014582,-0.00562158394776421
"5515","2013","경남","거제시","초등학교",2013-04-01,"전체",2644,2763,2735,-28,-91,-119,-0.0101339124140427,-0.03327239488117,-0.0430691277596815,238434,228840,233270,9594,5164,0.0419244887257472,0.0221374373044112
"5516","2013","경남","거제시","초등학교",2013-04-01,"여자",1289,1314,1307,-7,-18,-25,-0.00532724505327245,-0.0137719969395562,-0.0190258751902588,238434,228840,233270,9594,5164,0.0419244887257472,0.0221374373044112
"5517","2013","경남","거제시","초등학교",2013-04-01,"남자",1355,1449,1428,-21,-73,-94,-0.0144927536231884,-0.0511204481792717,-0.064872325741891,238434,228840,233270,9594,5164,0.0419244887257472,0.0221374373044112
"5518","2013","경남","양산시","초등학교",2013-04-01,"전체",2746,2843,2846,3,-100,-97,0.00105522335561027,-0.0351370344342937,-0.0341188884980654,271212,263524,267979,7688,3233,0.0291738133908107,0.0120643781788872
"5519","2013","경남","양산시","초등학교",2013-04-01,"여자",1342,1377,1368,-9,-26,-35,-0.0065359477124183,-0.0190058479532164,-0.0254175744371823,271212,263524,267979,7688,3233,0.0291738133908107,0.0120643781788872
"5520","2013","경남","양산시","초등학교",2013-04-01,"남자",1404,1466,1478,12,-74,-62,0.00818553888130969,-0.0500676589986468,-0.0422919508867667,271212,263524,267979,7688,3233,0.0291738133908107,0.0120643781788872
"5521","2013","경남","의령군","초등학교",2013-04-01,"전체",128,148,143,-5,-15,-20,-0.0337837837837838,-0.104895104895105,-0.135135135135135,29543,30184,29588,-641,-45,-0.0212364166445799,-0.00152088684601866
"5522","2013","경남","의령군","초등학교",2013-04-01,"여자",63,74,74,0,-11,-11,0,-0.148648648648649,-0.148648648648649,29543,30184,29588,-641,-45,-0.0212364166445799,-0.00152088684601866
"5523","2013","경남","의령군","초등학교",2013-04-01,"남자",65,74,69,-5,-4,-9,-0.0675675675675676,-0.0579710144927536,-0.121621621621622,29543,30184,29588,-641,-45,-0.0212364166445799,-0.00152088684601866
"5524","2013","경남","함안군","초등학교",2013-04-01,"전체",546,616,600,-16,-54,-70,-0.025974025974026,-0.09,-0.113636363636364,67590,67251,67107,339,483,0.00504081723691841,0.00719746077160356
"5525","2013","경남","함안군","초등학교",2013-04-01,"여자",255,307,302,-5,-47,-52,-0.0162866449511401,-0.155629139072848,-0.169381107491857,67590,67251,67107,339,483,0.00504081723691841,0.00719746077160356
"5526","2013","경남","함안군","초등학교",2013-04-01,"남자",291,309,298,-11,-7,-18,-0.0355987055016181,-0.023489932885906,-0.058252427184466,67590,67251,67107,339,483,0.00504081723691841,0.00719746077160356
"5527","2013","경남","창녕군","초등학교",2013-04-01,"전체",364,326,356,30,8,38,0.0920245398773006,0.0224719101123595,0.116564417177914,63217,61789,62605,1428,612,0.0231109097088479,0.00977557703058861
"5528","2013","경남","창녕군","초등학교",2013-04-01,"여자",170,154,174,20,-4,16,0.12987012987013,-0.0229885057471264,0.103896103896104,63217,61789,62605,1428,612,0.0231109097088479,0.00977557703058861
"5529","2013","경남","창녕군","초등학교",2013-04-01,"남자",194,172,182,10,12,22,0.0581395348837209,0.0659340659340659,0.127906976744186,63217,61789,62605,1428,612,0.0231109097088479,0.00977557703058861
"5530","2013","경남","고성군","초등학교",2013-04-01,"전체",371,368,391,23,-20,3,0.0625,-0.051150895140665,0.00815217391304348,56796,57125,57043,-329,-247,-0.00575929978118162,-0.00433006679171853
"5531","2013","경남","고성군","초등학교",2013-04-01,"여자",182,171,173,2,9,11,0.0116959064327485,0.0520231213872832,0.064327485380117,56796,57125,57043,-329,-247,-0.00575929978118162,-0.00433006679171853
"5532","2013","경남","고성군","초등학교",2013-04-01,"남자",189,197,218,21,-29,-8,0.106598984771574,-0.13302752293578,-0.0406091370558376,56796,57125,57043,-329,-247,-0.00575929978118162,-0.00433006679171853
"5533","2013","경남","남해군","초등학교",2013-04-01,"전체",218,234,234,0,-16,-16,0,-0.0683760683760684,-0.0683760683760684,47708,49290,49004,-1582,-1296,-0.0320957597890039,-0.0264468206677006
"5534","2013","경남","남해군","초등학교",2013-04-01,"여자",98,110,114,4,-16,-12,0.0363636363636364,-0.140350877192982,-0.109090909090909,47708,49290,49004,-1582,-1296,-0.0320957597890039,-0.0264468206677006
"5535","2013","경남","남해군","초등학교",2013-04-01,"남자",120,124,120,-4,0,-4,-0.032258064516129,0,-0.032258064516129,47708,49290,49004,-1582,-1296,-0.0320957597890039,-0.0264468206677006
"5536","2013","경남","하동군","초등학교",2013-04-01,"전체",260,313,300,-13,-40,-53,-0.0415335463258786,-0.133333333333333,-0.169329073482428,50366,52047,51800,-1681,-1434,-0.0322977308970738,-0.0276833976833977
"5537","2013","경남","하동군","초등학교",2013-04-01,"여자",131,160,152,-8,-21,-29,-0.05,-0.138157894736842,-0.18125,50366,52047,51800,-1681,-1434,-0.0322977308970738,-0.0276833976833977
"5538","2013","경남","하동군","초등학교",2013-04-01,"남자",129,153,148,-5,-19,-24,-0.0326797385620915,-0.128378378378378,-0.156862745098039,50366,52047,51800,-1681,-1434,-0.0322977308970738,-0.0276833976833977
"5539","2013","경남","산청군","초등학교",2013-04-01,"전체",182,225,208,-17,-26,-43,-0.0755555555555556,-0.125,-0.191111111111111,35818,35613,35544,205,274,0.00575632493752281,0.00770875534548728
"5540","2013","경남","산청군","초등학교",2013-04-01,"여자",89,110,103,-7,-14,-21,-0.0636363636363636,-0.135922330097087,-0.190909090909091,35818,35613,35544,205,274,0.00575632493752281,0.00770875534548728
"5541","2013","경남","산청군","초등학교",2013-04-01,"남자",93,115,105,-10,-12,-22,-0.0869565217391304,-0.114285714285714,-0.191304347826087,35818,35613,35544,205,274,0.00575632493752281,0.00770875534548728
"5542","2013","경남","함양군","초등학교",2013-04-01,"전체",284,288,284,-4,0,-4,-0.0138888888888889,0,-0.0138888888888889,40631,41120,41048,-489,-417,-0.0118920233463035,-0.010158838433054
"5543","2013","경남","함양군","초등학교",2013-04-01,"여자",135,134,131,-3,4,1,-0.0223880597014925,0.0305343511450382,0.00746268656716418,40631,41120,41048,-489,-417,-0.0118920233463035,-0.010158838433054
"5544","2013","경남","함양군","초등학교",2013-04-01,"남자",149,154,153,-1,-4,-5,-0.00649350649350649,-0.0261437908496732,-0.0324675324675325,40631,41120,41048,-489,-417,-0.0118920233463035,-0.010158838433054
"5545","2013","경남","거창군","초등학교",2013-04-01,"전체",424,469,479,10,-55,-45,0.0213219616204691,-0.11482254697286,-0.0959488272921109,63076,63240,63138,-164,-62,-0.0025932953826692,-0.000981975989103234
"5546","2013","경남","거창군","초등학교",2013-04-01,"여자",209,225,227,2,-18,-16,0.00888888888888889,-0.079295154185022,-0.0711111111111111,63076,63240,63138,-164,-62,-0.0025932953826692,-0.000981975989103234
"5547","2013","경남","거창군","초등학교",2013-04-01,"남자",215,244,252,8,-37,-29,0.0327868852459016,-0.146825396825397,-0.118852459016393,63076,63240,63138,-164,-62,-0.0025932953826692,-0.000981975989103234
"5548","2013","경남","합천군","초등학교",2013-04-01,"전체",204,280,273,-7,-69,-76,-0.025,-0.252747252747253,-0.271428571428571,50065,50723,50197,-658,-132,-0.0129724188238077,-0.00262963922146742
"5549","2013","경남","합천군","초등학교",2013-04-01,"여자",97,132,127,-5,-30,-35,-0.0378787878787879,-0.236220472440945,-0.265151515151515,50065,50723,50197,-658,-132,-0.0129724188238077,-0.00262963922146742
"5550","2013","경남","합천군","초등학교",2013-04-01,"남자",107,148,146,-2,-39,-41,-0.0135135135135135,-0.267123287671233,-0.277027027027027,50065,50723,50197,-658,-132,-0.0129724188238077,-0.00262963922146742
"5551","2013","제주","제주시","초등학교",2013-04-01,"전체",4625,4592,4678,86,-53,33,0.0187282229965157,-0.0113296280461736,0.00718641114982578,432613,419478,425136,13135,7477,0.0313127267699379,0.017587313236235
"5552","2013","제주","제주시","초등학교",2013-04-01,"여자",2224,2218,2253,35,-29,6,0.0157799819657349,-0.0128717265867732,0.00270513976555455,432613,419478,425136,13135,7477,0.0313127267699379,0.017587313236235
"5553","2013","제주","제주시","초등학교",2013-04-01,"남자",2401,2374,2425,51,-24,27,0.0214827295703454,-0.00989690721649484,0.0113732097725358,432613,419478,425136,13135,7477,0.0313127267699379,0.017587313236235
"5554","2013","제주","서귀포시","초등학교",2013-04-01,"전체",1318,1452,1447,-5,-129,-134,-0.0034435261707989,-0.0891499654457498,-0.0922865013774105,154540,153440,153301,1100,1239,0.0071689259645464,0.00808213905975825
"5555","2013","제주","서귀포시","초등학교",2013-04-01,"여자",622,678,687,9,-65,-56,0.0132743362831858,-0.0946142649199418,-0.0825958702064897,154540,153440,153301,1100,1239,0.0071689259645464,0.00808213905975825
"5556","2013","제주","서귀포시","초등학교",2013-04-01,"남자",696,774,760,-14,-64,-78,-0.0180878552971576,-0.0842105263157895,-0.10077519379845,154540,153440,153301,1100,1239,0.0071689259645464,0.00808213905975825
"5557","2014","서울","종로구","초등학교",2014-04-01,"전체",1052,1085,1069,-16,-17,-33,-0.0147465437788018,-0.0159027128157156,-0.0304147465437788,159309,167550,162281,-8241,-2972,-0.0491853178155774,-0.018313912287945
"5558","2014","서울","종로구","초등학교",2014-04-01,"여자",512,513,512,-1,0,-1,-0.00194931773879142,0,-0.00194931773879142,159309,167550,162281,-8241,-2972,-0.0491853178155774,-0.018313912287945
"5559","2014","서울","종로구","초등학교",2014-04-01,"남자",540,572,557,-15,-17,-32,-0.0262237762237762,-0.0305206463195691,-0.0559440559440559,159309,167550,162281,-8241,-2972,-0.0491853178155774,-0.018313912287945
"5560","2014","서울","중구","초등학교",2014-04-01,"전체",1090,1112,1031,-81,59,-22,-0.072841726618705,0.0572259941804074,-0.0197841726618705,129740,135633,132419,-5893,-2679,-0.0434481284053291,-0.0202312356988046
"5561","2014","서울","중구","초등학교",2014-04-01,"여자",558,549,519,-30,39,9,-0.0546448087431694,0.0751445086705202,0.0163934426229508,129740,135633,132419,-5893,-2679,-0.0434481284053291,-0.0202312356988046
"5562","2014","서울","중구","초등학교",2014-04-01,"남자",532,563,512,-51,20,-31,-0.0905861456483126,0.0390625,-0.0550621669626998,129740,135633,132419,-5893,-2679,-0.0434481284053291,-0.0202312356988046
"5563","2014","서울","용산구","초등학교",2014-04-01,"전체",1593,1977,1925,-52,-332,-384,-0.026302478502782,-0.172467532467532,-0.194233687405159,239001,245254,242255,-6253,-3254,-0.0254960163748603,-0.013432127303874
"5564","2014","서울","용산구","초등학교",2014-04-01,"여자",815,996,978,-18,-163,-181,-0.0180722891566265,-0.166666666666667,-0.181726907630522,239001,245254,242255,-6253,-3254,-0.0254960163748603,-0.013432127303874
"5565","2014","서울","용산구","초등학교",2014-04-01,"남자",778,981,947,-34,-169,-203,-0.0346585117227319,-0.178458289334741,-0.206931702344546,239001,245254,242255,-6253,-3254,-0.0254960163748603,-0.013432127303874
"5566","2014","서울","성동구","초등학교",2014-04-01,"전체",2404,2720,2659,-61,-255,-316,-0.0224264705882353,-0.0959007145543437,-0.116176470588235,299602,300087,302026,-485,-2424,-0.00161619796925558,-0.00802579910338845
"5567","2014","서울","성동구","초등학교",2014-04-01,"여자",1215,1325,1300,-25,-85,-110,-0.0188679245283019,-0.0653846153846154,-0.0830188679245283,299602,300087,302026,-485,-2424,-0.00161619796925558,-0.00802579910338845
"5568","2014","서울","성동구","초등학교",2014-04-01,"남자",1189,1395,1359,-36,-170,-206,-0.0258064516129032,-0.125091979396615,-0.147670250896057,299602,300087,302026,-485,-2424,-0.00161619796925558,-0.00802579910338845
"5569","2014","서울","광진구","초등학교",2014-04-01,"전체",2819,2968,2920,-48,-101,-149,-0.0161725067385445,-0.0345890410958904,-0.0502021563342318,367893,371827,370866,-3934,-2973,-0.0105801891739976,-0.00801637249033344
"5570","2014","서울","광진구","초등학교",2014-04-01,"여자",1403,1402,1386,-16,17,1,-0.0114122681883024,0.0122655122655123,0.000713266761768902,367893,371827,370866,-3934,-2973,-0.0105801891739976,-0.00801637249033344
"5571","2014","서울","광진구","초등학교",2014-04-01,"남자",1416,1566,1534,-32,-118,-150,-0.0204342273307791,-0.0769230769230769,-0.0957854406130268,367893,371827,370866,-3934,-2973,-0.0105801891739976,-0.00801637249033344
"5572","2014","서울","동대문구","초등학교",2014-04-01,"전체",2693,2974,2878,-96,-185,-281,-0.0322797579018157,-0.0642807505211953,-0.0944855413584398,363331,365458,362380,-2127,951,-0.00582009423791516,0.00262431701528782
"5573","2014","서울","동대문구","초등학교",2014-04-01,"여자",1273,1408,1357,-51,-84,-135,-0.0362215909090909,-0.0619012527634488,-0.0958806818181818,363331,365458,362380,-2127,951,-0.00582009423791516,0.00262431701528782
"5574","2014","서울","동대문구","초등학교",2014-04-01,"남자",1420,1566,1521,-45,-101,-146,-0.028735632183908,-0.0664036817882972,-0.0932311621966794,363331,365458,362380,-2127,951,-0.00582009423791516,0.00262431701528782
"5575","2014","서울","중랑구","초등학교",2014-04-01,"전체",2884,3287,3163,-124,-279,-403,-0.0377243687252814,-0.0882073980398356,-0.122604198357165,418080,422018,418360,-3938,-280,-0.00933135553459805,-0.000669280045893489
"5576","2014","서울","중랑구","초등학교",2014-04-01,"여자",1402,1619,1543,-76,-141,-217,-0.0469425571340334,-0.0913804277381724,-0.134033353922174,418080,422018,418360,-3938,-280,-0.00933135553459805,-0.000669280045893489
"5577","2014","서울","중랑구","초등학교",2014-04-01,"남자",1482,1668,1620,-48,-138,-186,-0.0287769784172662,-0.0851851851851852,-0.111510791366906,418080,422018,418360,-3938,-280,-0.00933135553459805,-0.000669280045893489
"5578","2014","서울","성북구","초등학교",2014-04-01,"전체",4247,4487,4361,-126,-114,-240,-0.0280811232449298,-0.0261407933960101,-0.0534878537998663,475278,484239,481357,-8961,-6079,-0.0185053248499192,-0.0126288804359342
"5579","2014","서울","성북구","초등학교",2014-04-01,"여자",2073,2188,2105,-83,-32,-115,-0.0379341864716636,-0.0152019002375297,-0.0525594149908592,475278,484239,481357,-8961,-6079,-0.0185053248499192,-0.0126288804359342
"5580","2014","서울","성북구","초등학교",2014-04-01,"남자",2174,2299,2256,-43,-82,-125,-0.0187037842540235,-0.0363475177304965,-0.0543714658547194,475278,484239,481357,-8961,-6079,-0.0185053248499192,-0.0126288804359342
"5581","2014","서울","강북구","초등학교",2014-04-01,"전체",2046,2660,2575,-85,-529,-614,-0.0319548872180451,-0.205436893203884,-0.230827067669173,336797,345944,342241,-9147,-5444,-0.0264406956039128,-0.0159069193930593
"5582","2014","서울","강북구","초등학교",2014-04-01,"여자",977,1278,1234,-44,-257,-301,-0.0344287949921753,-0.208265802269044,-0.235524256651017,336797,345944,342241,-9147,-5444,-0.0264406956039128,-0.0159069193930593
"5583","2014","서울","강북구","초등학교",2014-04-01,"남자",1069,1382,1341,-41,-272,-313,-0.0296671490593343,-0.202833706189411,-0.226483357452967,336797,345944,342241,-9147,-5444,-0.0264406956039128,-0.0159069193930593
"5584","2014","서울","도봉구","초등학교",2014-04-01,"전체",3153,2909,2889,-20,264,244,-0.00687521485046408,0.0913811007268951,0.0838776211756617,357403,364075,361438,-6672,-4035,-0.0183258943898922,-0.0111637403925431
"5585","2014","서울","도봉구","초등학교",2014-04-01,"여자",1532,1366,1347,-19,185,166,-0.013909224011713,0.137342242019302,0.121522693997072,357403,364075,361438,-6672,-4035,-0.0183258943898922,-0.0111637403925431
"5586","2014","서울","도봉구","초등학교",2014-04-01,"남자",1621,1543,1542,-1,79,78,-0.000648088139987038,0.0512321660181582,0.050550874918989,357403,364075,361438,-6672,-4035,-0.0183258943898922,-0.0111637403925431
"5587","2014","서울","노원구","초등학교",2014-04-01,"전체",5184,5271,5201,-70,-17,-87,-0.0132802124833997,-0.00326860219188618,-0.016505406943654,587723,601967,595157,-14244,-7434,-0.0236624266778744,-0.0124908217495552
"5588","2014","서울","노원구","초등학교",2014-04-01,"여자",2525,2525,2493,-32,32,0,-0.0126732673267327,0.0128359406337746,0,587723,601967,595157,-14244,-7434,-0.0236624266778744,-0.0124908217495552
"5589","2014","서울","노원구","초등학교",2014-04-01,"남자",2659,2746,2708,-38,-49,-87,-0.0138383102694829,-0.0180945347119645,-0.0316824471959213,587723,601967,595157,-14244,-7434,-0.0236624266778744,-0.0124908217495552
"5590","2014","서울","은평구","초등학교",2014-04-01,"전체",4381,4509,4487,-22,-106,-128,-0.00487913062763362,-0.0236238020949409,-0.028387669106232,501761,500086,503813,1675,-2052,0.00334942389908936,-0.00407293976137972
"5591","2014","서울","은평구","초등학교",2014-04-01,"여자",2102,2177,2163,-14,-61,-75,-0.00643086816720257,-0.0282015718908923,-0.0344510794671566,501761,500086,503813,1675,-2052,0.00334942389908936,-0.00407293976137972
"5592","2014","서울","은평구","초등학교",2014-04-01,"남자",2279,2332,2324,-8,-45,-53,-0.00343053173241852,-0.0193631669535284,-0.0227272727272727,501761,500086,503813,1675,-2052,0.00334942389908936,-0.00407293976137972
"5593","2014","서울","서대문구","초등학교",2014-04-01,"전체",2216,2344,2326,-18,-110,-128,-0.00767918088737201,-0.0472914875322442,-0.0546075085324232,313964,312505,316444,1459,-2480,0.00466872530039519,-0.00783708965883379
"5594","2014","서울","서대문구","초등학교",2014-04-01,"여자",1109,1133,1129,-4,-20,-24,-0.00353045013239188,-0.0177147918511957,-0.0211827007943513,313964,312505,316444,1459,-2480,0.00466872530039519,-0.00783708965883379
"5595","2014","서울","서대문구","초등학교",2014-04-01,"남자",1107,1211,1197,-14,-90,-104,-0.0115606936416185,-0.075187969924812,-0.0858794384805946,313964,312505,316444,1459,-2480,0.00466872530039519,-0.00783708965883379
"5596","2014","서울","마포구","초등학교",2014-04-01,"전체",3112,3594,3489,-105,-377,-482,-0.0292153589315526,-0.108053883634279,-0.134112409571508,382002,388358,384122,-6356,-2120,-0.0163663423954187,-0.0055190798756645
"5597","2014","서울","마포구","초등학교",2014-04-01,"여자",1521,1732,1671,-61,-150,-211,-0.0352193995381062,-0.0897666068222621,-0.121824480369515,382002,388358,384122,-6356,-2120,-0.0163663423954187,-0.0055190798756645
"5598","2014","서울","마포구","초등학교",2014-04-01,"남자",1591,1862,1818,-44,-227,-271,-0.0236305048335124,-0.124862486248625,-0.145542427497315,382002,388358,384122,-6356,-2120,-0.0163663423954187,-0.0055190798756645
"5599","2014","서울","양천구","초등학교",2014-04-01,"전체",4107,4275,4362,87,-255,-168,0.0203508771929825,-0.0584594222833563,-0.0392982456140351,491243,498758,495115,-7515,-3872,-0.0150674274898849,-0.00782040536037082
"5600","2014","서울","양천구","초등학교",2014-04-01,"여자",2003,2038,2067,29,-64,-35,0.0142296368989205,-0.03096274794388,-0.0171736997055937,491243,498758,495115,-7515,-3872,-0.0150674274898849,-0.00782040536037082
"5601","2014","서울","양천구","초등학교",2014-04-01,"남자",2104,2237,2295,58,-191,-133,0.0259275815824765,-0.0832244008714597,-0.0594546267322307,491243,498758,495115,-7515,-3872,-0.0150674274898849,-0.00782040536037082
"5602","2014","서울","강서구","초등학교",2014-04-01,"전체",4814,5253,5118,-135,-304,-439,-0.0256996002284409,-0.0593982024228214,-0.0835712925947078,568553,568438,567806,115,747,0.000202308783015914,0.00131559018397129
"5603","2014","서울","강서구","초등학교",2014-04-01,"여자",2374,2565,2530,-35,-156,-191,-0.01364522417154,-0.0616600790513834,-0.0744639376218324,568553,568438,567806,115,747,0.000202308783015914,0.00131559018397129
"5604","2014","서울","강서구","초등학교",2014-04-01,"남자",2440,2688,2588,-100,-148,-248,-0.037202380952381,-0.0571870170015456,-0.0922619047619048,568553,568438,567806,115,747,0.000202308783015914,0.00131559018397129
"5605","2014","서울","구로구","초등학교",2014-04-01,"전체",3674,4229,4085,-144,-411,-555,-0.0340506029794278,-0.100611995104039,-0.131236698983211,427391,428636,427237,-1245,154,-0.00290456237926819,0.000360455672144501
"5606","2014","서울","구로구","초등학교",2014-04-01,"여자",1802,2068,1984,-84,-182,-266,-0.0406189555125725,-0.0917338709677419,-0.12862669245648,427391,428636,427237,-1245,154,-0.00290456237926819,0.000360455672144501
"5607","2014","서울","구로구","초등학교",2014-04-01,"남자",1872,2161,2101,-60,-229,-289,-0.02776492364646,-0.108995716325559,-0.133734382230449,427391,428636,427237,-1245,154,-0.00290456237926819,0.000360455672144501
"5608","2014","서울","금천구","초등학교",2014-04-01,"전체",1718,1849,1752,-97,-34,-131,-0.0524607896160087,-0.0194063926940639,-0.0708491076257436,240281,244033,242807,-3752,-2526,-0.0153749697786775,-0.0104033244511073
"5609","2014","서울","금천구","초등학교",2014-04-01,"여자",855,931,878,-53,-23,-76,-0.0569280343716434,-0.0261958997722096,-0.0816326530612245,240281,244033,242807,-3752,-2526,-0.0153749697786775,-0.0104033244511073
"5610","2014","서울","금천구","초등학교",2014-04-01,"남자",863,918,874,-44,-11,-55,-0.0479302832244009,-0.0125858123569794,-0.0599128540305011,240281,244033,242807,-3752,-2526,-0.0153749697786775,-0.0104033244511073
"5611","2014","서울","영등포구","초등학교",2014-04-01,"전체",2854,3631,3398,-233,-544,-777,-0.0641696502340953,-0.160094173042966,-0.213990636188378,386063,395589,390508,-9526,-4445,-0.0240805482457803,-0.0113826093191433
"5612","2014","서울","영등포구","초등학교",2014-04-01,"여자",1348,1738,1621,-117,-273,-390,-0.0673187571921749,-0.16841455891425,-0.22439585730725,386063,395589,390508,-9526,-4445,-0.0240805482457803,-0.0113826093191433
"5613","2014","서울","영등포구","초등학교",2014-04-01,"남자",1506,1893,1777,-116,-271,-387,-0.0612783940834654,-0.152504220596511,-0.204437400950872,386063,395589,390508,-9526,-4445,-0.0240805482457803,-0.0113826093191433
"5614","2014","서울","동작구","초등학교",2014-04-01,"전체",3181,3387,3337,-50,-156,-206,-0.0147623265426631,-0.0467485765657776,-0.0608207853557721,411194,402231,409503,8963,1691,0.0222832153662945,0.00412939587744168
"5615","2014","서울","동작구","초등학교",2014-04-01,"여자",1461,1607,1566,-41,-105,-146,-0.0255133789670193,-0.0670498084291188,-0.0908525202240199,411194,402231,409503,8963,1691,0.0222832153662945,0.00412939587744168
"5616","2014","서울","동작구","초등학교",2014-04-01,"남자",1720,1780,1771,-9,-51,-60,-0.0050561797752809,-0.0287972896668549,-0.0337078651685393,411194,402231,409503,8963,1691,0.0222832153662945,0.00412939587744168
"5617","2014","서울","관악구","초등학교",2014-04-01,"전체",3230,3989,3802,-187,-572,-759,-0.04687891702181,-0.150447133087848,-0.190273251441464,517690,526159,522650,-8469,-4960,-0.0160958949671107,-0.00949009853630537
"5618","2014","서울","관악구","초등학교",2014-04-01,"여자",1605,1985,1898,-87,-293,-380,-0.0438287153652393,-0.154373024236038,-0.191435768261965,517690,526159,522650,-8469,-4960,-0.0160958949671107,-0.00949009853630537
"5619","2014","서울","관악구","초등학교",2014-04-01,"남자",1625,2004,1904,-100,-279,-379,-0.0499001996007984,-0.146533613445378,-0.189121756487026,517690,526159,522650,-8469,-4960,-0.0160958949671107,-0.00949009853630537
"5620","2014","서울","서초구","초등학교",2014-04-01,"전체",3832,3952,4150,198,-318,-120,0.0501012145748988,-0.0766265060240964,-0.0303643724696356,443230,435916,438078,7314,5152,0.0167784619055047,0.0117604627486429
"5621","2014","서울","서초구","초등학교",2014-04-01,"여자",1850,1913,2015,102,-165,-63,0.0533193936225823,-0.0818858560794045,-0.032932566649242,443230,435916,438078,7314,5152,0.0167784619055047,0.0117604627486429
"5622","2014","서울","서초구","초등학교",2014-04-01,"남자",1982,2039,2135,96,-153,-57,0.0470819028935753,-0.0716627634660422,-0.0279548798430603,443230,435916,438078,7314,5152,0.0167784619055047,0.0117604627486429
"5623","2014","서울","강남구","초등학교",2014-04-01,"전체",3856,4332,4375,43,-519,-476,0.00992613111726685,-0.118628571428571,-0.109879963065559,566754,563254,562361,3500,4393,0.006213892844081,0.00781170813765535
"5624","2014","서울","강남구","초등학교",2014-04-01,"여자",1844,2145,2159,14,-315,-301,0.00652680652680653,-0.145900880037054,-0.14032634032634,566754,563254,562361,3500,4393,0.006213892844081,0.00781170813765535
"5625","2014","서울","강남구","초등학교",2014-04-01,"남자",2012,2187,2216,29,-204,-175,0.0132601737540009,-0.092057761732852,-0.0800182898948331,566754,563254,562361,3500,4393,0.006213892844081,0.00781170813765535
"5626","2014","서울","송파구","초등학교",2014-04-01,"전체",5712,6043,5965,-78,-253,-331,-0.0129074962766838,-0.0424140821458508,-0.054774118815158,671431,681854,668305,-10423,3126,-0.0152862636282841,0.00467750503138537
"5627","2014","서울","송파구","초등학교",2014-04-01,"여자",2760,2919,2907,-12,-147,-159,-0.00411099691675231,-0.0505675954592363,-0.0544707091469681,671431,681854,668305,-10423,3126,-0.0152862636282841,0.00467750503138537
"5628","2014","서울","송파구","초등학교",2014-04-01,"남자",2952,3124,3058,-66,-106,-172,-0.0211267605633803,-0.0346631785480706,-0.0550576184379001,671431,681854,668305,-10423,3126,-0.0152862636282841,0.00467750503138537
"5629","2014","서울","강동구","초등학교",2014-04-01,"전체",3804,4356,4223,-133,-419,-552,-0.0305325987144169,-0.099218565001184,-0.126721763085399,481599,491518,486426,-9919,-4827,-0.0201803392754691,-0.00992340047612587
"5630","2014","서울","강동구","초등학교",2014-04-01,"여자",1784,2017,1964,-53,-180,-233,-0.0262766484878532,-0.0916496945010183,-0.115518096182449,481599,491518,486426,-9919,-4827,-0.0201803392754691,-0.00992340047612587
"5631","2014","서울","강동구","초등학교",2014-04-01,"남자",2020,2339,2259,-80,-239,-319,-0.0342026507054297,-0.105799026117751,-0.136383069687901,481599,491518,486426,-9919,-4827,-0.0201803392754691,-0.00992340047612587
"5632","2014","부산","중구","초등학교",2014-04-01,"전체",276,266,271,5,5,10,0.018796992481203,0.018450184501845,0.037593984962406,47258,48527,47953,-1269,-695,-0.0261503905042554,-0.0144933580797865
"5633","2014","부산","중구","초등학교",2014-04-01,"여자",143,145,147,2,-4,-2,0.0137931034482759,-0.0272108843537415,-0.0137931034482759,47258,48527,47953,-1269,-695,-0.0261503905042554,-0.0144933580797865
"5634","2014","부산","중구","초등학교",2014-04-01,"남자",133,121,124,3,9,12,0.0247933884297521,0.0725806451612903,0.0991735537190083,47258,48527,47953,-1269,-695,-0.0261503905042554,-0.0144933580797865
"5635","2014","부산","서구","초등학교",2014-04-01,"전체",698,698,667,-31,31,0,-0.0444126074498567,0.0464767616191904,0,118719,122811,119930,-4092,-1211,-0.03331949092508,-0.0100975569081964
"5636","2014","부산","서구","초등학교",2014-04-01,"여자",337,345,322,-23,15,-8,-0.0666666666666667,0.046583850931677,-0.0231884057971014,118719,122811,119930,-4092,-1211,-0.03331949092508,-0.0100975569081964
"5637","2014","부산","서구","초등학교",2014-04-01,"남자",361,353,345,-8,16,8,-0.0226628895184136,0.0463768115942029,0.0226628895184136,118719,122811,119930,-4092,-1211,-0.03331949092508,-0.0100975569081964
"5638","2014","부산","동구","초등학교",2014-04-01,"전체",507,594,569,-25,-62,-87,-0.0420875420875421,-0.10896309314587,-0.146464646464646,95360,99951,97888,-4591,-2528,-0.0459325069283949,-0.0258254331480876
"5639","2014","부산","동구","초등학교",2014-04-01,"여자",252,294,275,-19,-23,-42,-0.0646258503401361,-0.0836363636363636,-0.142857142857143,95360,99951,97888,-4591,-2528,-0.0459325069283949,-0.0258254331480876
"5640","2014","부산","동구","초등학교",2014-04-01,"남자",255,300,294,-6,-39,-45,-0.02,-0.13265306122449,-0.15,95360,99951,97888,-4591,-2528,-0.0459325069283949,-0.0258254331480876
"5641","2014","부산","영도구","초등학교",2014-04-01,"전체",771,867,848,-19,-77,-96,-0.0219146482122261,-0.0908018867924528,-0.110726643598616,134532,142067,138669,-7535,-4137,-0.053038355142292,-0.0298336326071436
"5642","2014","부산","영도구","초등학교",2014-04-01,"여자",371,437,429,-8,-58,-66,-0.0183066361556064,-0.135198135198135,-0.151029748283753,134532,142067,138669,-7535,-4137,-0.053038355142292,-0.0298336326071436
"5643","2014","부산","영도구","초등학교",2014-04-01,"남자",400,430,419,-11,-19,-30,-0.0255813953488372,-0.045346062052506,-0.0697674418604651,134532,142067,138669,-7535,-4137,-0.053038355142292,-0.0298336326071436
"5644","2014","부산","부산진구","초등학교",2014-04-01,"전체",2896,2955,2910,-45,-14,-59,-0.0152284263959391,-0.00481099656357388,-0.0199661590524535,388696,395025,392457,-6329,-3761,-0.0160217707740016,-0.00958321548602777
"5645","2014","부산","부산진구","초등학교",2014-04-01,"여자",1444,1458,1438,-20,6,-14,-0.0137174211248285,0.00417246175243394,-0.00960219478737997,388696,395025,392457,-6329,-3761,-0.0160217707740016,-0.00958321548602777
"5646","2014","부산","부산진구","초등학교",2014-04-01,"남자",1452,1497,1472,-25,-20,-45,-0.0167000668002672,-0.0135869565217391,-0.030060120240481,388696,395025,392457,-6329,-3761,-0.0160217707740016,-0.00958321548602777
"5647","2014","부산","동래구","초등학교",2014-04-01,"전체",2140,2143,2127,-16,13,-3,-0.00746616892207186,0.00611189468735308,-0.00139990667288847,277728,281877,277173,-4149,555,-0.0147191860279484,0.00200235953718436
"5648","2014","부산","동래구","초등학교",2014-04-01,"여자",999,993,1005,12,-6,6,0.0120845921450151,-0.00597014925373134,0.00604229607250755,277728,281877,277173,-4149,555,-0.0147191860279484,0.00200235953718436
"5649","2014","부산","동래구","초등학교",2014-04-01,"남자",1141,1150,1122,-28,19,-9,-0.0243478260869565,0.0169340463458111,-0.00782608695652174,277728,281877,277173,-4149,555,-0.0147191860279484,0.00200235953718436
"5650","2014","부산","남구","초등학교",2014-04-01,"전체",2215,2332,2305,-27,-90,-117,-0.0115780445969125,-0.0390455531453362,-0.0501715265866209,290134,293811,289912,-3677,222,-0.0125148479805045,0.000765749606777229
"5651","2014","부산","남구","초등학교",2014-04-01,"여자",1036,1121,1100,-21,-64,-85,-0.0187332738626227,-0.0581818181818182,-0.0758251561106155,290134,293811,289912,-3677,222,-0.0125148479805045,0.000765749606777229
"5652","2014","부산","남구","초등학교",2014-04-01,"남자",1179,1211,1205,-6,-26,-32,-0.00495458298926507,-0.0215767634854772,-0.0264244426094137,290134,293811,289912,-3677,222,-0.0125148479805045,0.000765749606777229
"5653","2014","부산","북구","초등학교",2014-04-01,"전체",2300,2385,2470,85,-170,-85,0.0356394129979036,-0.0688259109311741,-0.0356394129979036,308273,306599,313494,1674,-5221,0.00545990039106455,-0.0166542262371848
"5654","2014","부산","북구","초등학교",2014-04-01,"여자",1116,1178,1226,48,-110,-62,0.0407470288624788,-0.0897226753670473,-0.0526315789473684,308273,306599,313494,1674,-5221,0.00545990039106455,-0.0166542262371848
"5655","2014","부산","북구","초등학교",2014-04-01,"남자",1184,1207,1244,37,-60,-23,0.0306545153272577,-0.0482315112540193,-0.0190555095277548,308273,306599,313494,1674,-5221,0.00545990039106455,-0.0166542262371848
"5656","2014","부산","해운대구","초등학교",2014-04-01,"전체",3737,3897,3965,68,-228,-160,0.0174493199897357,-0.0575031525851198,-0.0410572235052605,423523,427765,428813,-4242,-5290,-0.00991665984828118,-0.0123363797272937
"5657","2014","부산","해운대구","초등학교",2014-04-01,"여자",1833,1938,1964,26,-131,-105,0.0134158926728586,-0.0667006109979633,-0.0541795665634675,423523,427765,428813,-4242,-5290,-0.00991665984828118,-0.0123363797272937
"5658","2014","부산","해운대구","초등학교",2014-04-01,"남자",1904,1959,2001,42,-97,-55,0.0214395099540582,-0.0484757621189405,-0.0280755487493619,423523,427765,428813,-4242,-5290,-0.00991665984828118,-0.0123363797272937
"5659","2014","부산","사하구","초등학교",2014-04-01,"전체",2739,2992,2951,-41,-212,-253,-0.0137032085561497,-0.0718400542189088,-0.0845588235294118,347078,354608,351912,-7530,-4834,-0.0212347155168524,-0.0137363886426152
"5660","2014","부산","사하구","초등학교",2014-04-01,"여자",1327,1447,1434,-13,-107,-120,-0.00898410504492052,-0.0746164574616457,-0.082930200414651,347078,354608,351912,-7530,-4834,-0.0212347155168524,-0.0137363886426152
"5661","2014","부산","사하구","초등학교",2014-04-01,"남자",1412,1545,1517,-28,-105,-133,-0.0181229773462783,-0.0692155570204351,-0.086084142394822,347078,354608,351912,-7530,-4834,-0.0212347155168524,-0.0137363886426152
"5662","2014","부산","금정구","초등학교",2014-04-01,"전체",1780,1675,1780,105,0,105,0.0626865671641791,0,0.0626865671641791,251933,254168,255802,-2235,-3869,-0.00879339649365774,-0.0151249794763137
"5663","2014","부산","금정구","초등학교",2014-04-01,"여자",860,810,846,36,14,50,0.0444444444444444,0.016548463356974,0.0617283950617284,251933,254168,255802,-2235,-3869,-0.00879339649365774,-0.0151249794763137
"5664","2014","부산","금정구","초등학교",2014-04-01,"남자",920,865,934,69,-14,55,0.0797687861271676,-0.0149892933618844,0.0635838150289017,251933,254168,255802,-2235,-3869,-0.00879339649365774,-0.0151249794763137
"5665","2014","부산","강서구","초등학교",2014-04-01,"전체",633,648,661,13,-28,-15,0.0200617283950617,-0.0423600605143722,-0.0231481481481481,72618,65628,67045,6990,5573,0.106509416712379,0.0831232754120367
"5666","2014","부산","강서구","초등학교",2014-04-01,"여자",313,314,321,7,-8,-1,0.0222929936305732,-0.0249221183800623,-0.00318471337579618,72618,65628,67045,6990,5573,0.106509416712379,0.0831232754120367
"5667","2014","부산","강서구","초등학교",2014-04-01,"남자",320,334,340,6,-20,-14,0.0179640718562874,-0.0588235294117647,-0.0419161676646707,72618,65628,67045,6990,5573,0.106509416712379,0.0831232754120367
"5668","2014","부산","연제구","초등학교",2014-04-01,"전체",1662,1751,1702,-49,-40,-89,-0.0279840091376356,-0.0235017626321974,-0.0508280982295831,209051,212936,210766,-3885,-1715,-0.0182449186610061,-0.00813698604139187
"5669","2014","부산","연제구","초등학교",2014-04-01,"여자",776,848,824,-24,-48,-72,-0.0283018867924528,-0.058252427184466,-0.0849056603773585,209051,212936,210766,-3885,-1715,-0.0182449186610061,-0.00813698604139187
"5670","2014","부산","연제구","초등학교",2014-04-01,"남자",886,903,878,-25,8,-17,-0.0276854928017719,0.00911161731207289,-0.0188261351052049,209051,212936,210766,-3885,-1715,-0.0182449186610061,-0.00813698604139187
"5671","2014","부산","수영구","초등학교",2014-04-01,"전체",1103,1283,1262,-21,-159,-180,-0.0163678877630553,-0.125990491283677,-0.140296180826189,175577,176087,176724,-510,-1147,-0.00289629558116158,-0.00649034652905095
"5672","2014","부산","수영구","초등학교",2014-04-01,"여자",546,637,636,-1,-90,-91,-0.00156985871271586,-0.141509433962264,-0.142857142857143,175577,176087,176724,-510,-1147,-0.00289629558116158,-0.00649034652905095
"5673","2014","부산","수영구","초등학교",2014-04-01,"남자",557,646,626,-20,-69,-89,-0.0309597523219814,-0.110223642172524,-0.137770897832817,175577,176087,176724,-510,-1147,-0.00289629558116158,-0.00649034652905095
"5674","2014","부산","사상구","초등학교",2014-04-01,"전체",1659,1963,1902,-61,-243,-304,-0.0310748853795211,-0.127760252365931,-0.154865002547122,245512,254107,249600,-8595,-4088,-0.0338243338436171,-0.0163782051282051
"5675","2014","부산","사상구","초등학교",2014-04-01,"여자",783,936,912,-24,-129,-153,-0.0256410256410256,-0.141447368421053,-0.163461538461538,245512,254107,249600,-8595,-4088,-0.0338243338436171,-0.0163782051282051
"5676","2014","부산","사상구","초등학교",2014-04-01,"남자",876,1027,990,-37,-114,-151,-0.0360272638753651,-0.115151515151515,-0.147030185004869,245512,254107,249600,-8595,-4088,-0.0338243338436171,-0.0163782051282051
"5677","2014","부산","기장군","초등학교",2014-04-01,"전체",1698,1265,1454,189,244,433,0.149407114624506,0.167812929848693,0.342292490118577,137394,109839,119620,27555,17774,0.250867178324639,0.148587192777128
"5678","2014","부산","기장군","초등학교",2014-04-01,"여자",814,618,704,86,110,196,0.13915857605178,0.15625,0.317152103559871,137394,109839,119620,27555,17774,0.250867178324639,0.148587192777128
"5679","2014","부산","기장군","초등학교",2014-04-01,"남자",884,647,750,103,134,237,0.15919629057187,0.178666666666667,0.366306027820711,137394,109839,119620,27555,17774,0.250867178324639,0.148587192777128
"5680","2014","대구","중구","초등학교",2014-04-01,"전체",738,499,486,-13,252,239,-0.0260521042084168,0.518518518518518,0.478957915831663,75957,76024,75610,-67,347,-0.000881300641902557,0.00458934003438699
"5681","2014","대구","중구","초등학교",2014-04-01,"여자",346,215,216,1,130,131,0.00465116279069767,0.601851851851852,0.609302325581395,75957,76024,75610,-67,347,-0.000881300641902557,0.00458934003438699
"5682","2014","대구","중구","초등학교",2014-04-01,"남자",392,284,270,-14,122,108,-0.0492957746478873,0.451851851851852,0.380281690140845,75957,76024,75610,-67,347,-0.000881300641902557,0.00458934003438699
"5683","2014","대구","동구","초등학교",2014-04-01,"전체",3068,3069,3071,2,-3,-1,0.00065167807103291,-0.000976880494952784,-0.000325839035516455,347569,341280,342076,6289,5493,0.0184276840131271,0.0160578351009717
"5684","2014","대구","동구","초등학교",2014-04-01,"여자",1543,1521,1530,9,13,22,0.00591715976331361,0.00849673202614379,0.0144641683103222,347569,341280,342076,6289,5493,0.0184276840131271,0.0160578351009717
"5685","2014","대구","동구","초등학교",2014-04-01,"남자",1525,1548,1541,-7,-16,-23,-0.00452196382428941,-0.0103828682673589,-0.0148578811369509,347569,341280,342076,6289,5493,0.0184276840131271,0.0160578351009717
"5686","2014","대구","서구","초등학교",2014-04-01,"전체",1207,1378,1336,-42,-129,-171,-0.0304789550072569,-0.0965568862275449,-0.124092888243832,214543,221759,218884,-7216,-4341,-0.0325398292741219,-0.0198324226530948
"5687","2014","대구","서구","초등학교",2014-04-01,"여자",608,664,644,-20,-36,-56,-0.0301204819277108,-0.0559006211180124,-0.0843373493975904,214543,221759,218884,-7216,-4341,-0.0325398292741219,-0.0198324226530948
"5688","2014","대구","서구","초등학교",2014-04-01,"남자",599,714,692,-22,-93,-115,-0.030812324929972,-0.134393063583815,-0.161064425770308,214543,221759,218884,-7216,-4341,-0.0325398292741219,-0.0198324226530948
"5689","2014","대구","남구","초등학교",2014-04-01,"전체",941,1087,1098,11,-157,-146,0.0101195952161914,-0.142987249544627,-0.134314627414903,165317,168984,168479,-3667,-3162,-0.021700279316385,-0.018767917663329
"5690","2014","대구","남구","초등학교",2014-04-01,"여자",446,548,539,-9,-93,-102,-0.0164233576642336,-0.172541743970315,-0.186131386861314,165317,168984,168479,-3667,-3162,-0.021700279316385,-0.018767917663329
"5691","2014","대구","남구","초등학교",2014-04-01,"남자",495,539,559,20,-64,-44,0.0371057513914657,-0.114490161001789,-0.0816326530612245,165317,168984,168479,-3667,-3162,-0.021700279316385,-0.018767917663329
"5692","2014","대구","북구","초등학교",2014-04-01,"전체",4452,4876,4817,-59,-365,-424,-0.0121000820344545,-0.0757733028856135,-0.0869565217391304,443903,450869,448039,-6966,-4136,-0.0154501640165991,-0.00923133923609329
"5693","2014","대구","북구","초등학교",2014-04-01,"여자",2150,2340,2301,-39,-151,-190,-0.0166666666666667,-0.0656236418948283,-0.0811965811965812,443903,450869,448039,-6966,-4136,-0.0154501640165991,-0.00923133923609329
"5694","2014","대구","북구","초등학교",2014-04-01,"남자",2302,2536,2516,-20,-214,-234,-0.00788643533123028,-0.0850556438791733,-0.0922712933753943,443903,450869,448039,-6966,-4136,-0.0154501640165991,-0.00923133923609329
"5695","2014","대구","수성구","초등학교",2014-04-01,"전체",4145,3904,4118,214,27,241,0.0548155737704918,0.00655658086449733,0.0617315573770492,460041,459934,460163,107,-122,0.000232642074732462,-0.00026512344538783
"5696","2014","대구","수성구","초등학교",2014-04-01,"여자",1987,1937,2034,97,-47,50,0.0500774393391843,-0.0231071779744346,0.0258131130614352,460041,459934,460163,107,-122,0.000232642074732462,-0.00026512344538783
"5697","2014","대구","수성구","초등학교",2014-04-01,"남자",2158,1967,2084,117,74,191,0.0594814438230808,0.0355086372360845,0.0971021860701576,460041,459934,460163,107,-122,0.000232642074732462,-0.00026512344538783
"5698","2014","대구","달서구","초등학교",2014-04-01,"전체",5916,5655,5688,33,228,261,0.00583554376657825,0.040084388185654,0.0461538461538462,608097,605598,606851,2499,1246,0.00412649975726472,0.0020532222901503
"5699","2014","대구","달서구","초등학교",2014-04-01,"여자",2934,2734,2756,22,178,200,0.00804681784930505,0.0645863570391872,0.0731528895391368,608097,605598,606851,2499,1246,0.00412649975726472,0.0020532222901503
"5700","2014","대구","달서구","초등학교",2014-04-01,"남자",2982,2921,2932,11,50,61,0.00376583361862376,0.0170532060027285,0.0208832591578227,608097,605598,606851,2499,1246,0.00412649975726472,0.0020532222901503
"5701","2014","대구","달성군","초등학교",2014-04-01,"전체",1918,2086,2059,-27,-141,-168,-0.0129434324065197,-0.0684798445847499,-0.0805369127516778,184453,182862,184786,1591,-333,0.00870055014163686,-0.00180208457350665
"5702","2014","대구","달성군","초등학교",2014-04-01,"여자",934,1005,1000,-5,-66,-71,-0.00497512437810945,-0.066,-0.0706467661691542,184453,182862,184786,1591,-333,0.00870055014163686,-0.00180208457350665
"5703","2014","대구","달성군","초등학교",2014-04-01,"남자",984,1081,1059,-22,-75,-97,-0.0203515263644773,-0.0708215297450425,-0.089731729879741,184453,182862,184786,1591,-333,0.00870055014163686,-0.00180208457350665
"5704","2014","인천","중구","초등학교",2014-04-01,"전체",1355,971,1131,160,224,384,0.164778578784758,0.198054818744474,0.395468589083419,109782,93826,102712,15956,7070,0.170059471788204,0.0688332424643664
"5705","2014","인천","중구","초등학교",2014-04-01,"여자",680,473,549,76,131,207,0.160676532769556,0.238615664845173,0.437632135306554,109782,93826,102712,15956,7070,0.170059471788204,0.0688332424643664
"5706","2014","인천","중구","초등학교",2014-04-01,"남자",675,498,582,84,93,177,0.168674698795181,0.15979381443299,0.355421686746988,109782,93826,102712,15956,7070,0.170059471788204,0.0688332424643664
"5707","2014","인천","동구","초등학교",2014-04-01,"전체",902,804,753,-51,149,98,-0.0634328358208955,0.197875166002656,0.121890547263682,74661,78195,76144,-3534,-1483,-0.0451947055438327,-0.0194762555158647
"5708","2014","인천","동구","초등학교",2014-04-01,"여자",457,401,378,-23,79,56,-0.057356608478803,0.208994708994709,0.139650872817955,74661,78195,76144,-3534,-1483,-0.0451947055438327,-0.0194762555158647
"5709","2014","인천","동구","초등학교",2014-04-01,"남자",445,403,375,-28,70,42,-0.0694789081885856,0.186666666666667,0.104218362282878,74661,78195,76144,-3534,-1483,-0.0451947055438327,-0.0194762555158647
"5710","2014","인천","남구","초등학교",2014-04-01,"전체",3206,3765,3663,-102,-457,-559,-0.0270916334661355,-0.124761124761125,-0.148472775564409,410341,417849,413827,-7508,-3486,-0.0179682133976628,-0.0084238099495683
"5711","2014","인천","남구","초등학교",2014-04-01,"여자",1492,1824,1765,-59,-273,-332,-0.0323464912280702,-0.154674220963173,-0.182017543859649,410341,417849,413827,-7508,-3486,-0.0179682133976628,-0.0084238099495683
"5712","2014","인천","남구","초등학교",2014-04-01,"남자",1714,1941,1898,-43,-184,-227,-0.0221535291087069,-0.0969441517386723,-0.116950025759918,410341,417849,413827,-7508,-3486,-0.0179682133976628,-0.0084238099495683
"5713","2014","인천","연수구","초등학교",2014-04-01,"전체",3185,2811,3004,193,181,374,0.0686588402703664,0.0602529960053262,0.133048737104233,305414,288641,295152,16773,10262,0.0581102476779113,0.0347685260475958
"5714","2014","인천","연수구","초등학교",2014-04-01,"여자",1528,1373,1477,104,51,155,0.0757465404224326,0.034529451591063,0.112891478514202,305414,288641,295152,16773,10262,0.0581102476779113,0.0347685260475958
"5715","2014","인천","연수구","초등학교",2014-04-01,"남자",1657,1438,1527,89,130,219,0.0618915159944367,0.0851342501637197,0.152294853963839,305414,288641,295152,16773,10262,0.0581102476779113,0.0347685260475958
"5716","2014","인천","남동구","초등학교",2014-04-01,"전체",5121,5430,5415,-15,-294,-309,-0.00276243093922652,-0.0542936288088643,-0.0569060773480663,509150,499120,504526,10030,4624,0.0200953678474114,0.009165038075342
"5717","2014","인천","남동구","초등학교",2014-04-01,"여자",2499,2686,2654,-32,-155,-187,-0.0119136262099777,-0.0584024114544084,-0.069620253164557,509150,499120,504526,10030,4624,0.0200953678474114,0.009165038075342
"5718","2014","인천","남동구","초등학교",2014-04-01,"남자",2622,2744,2761,17,-139,-122,0.00619533527696793,-0.0503440782325244,-0.0444606413994169,509150,499120,504526,10030,4624,0.0200953678474114,0.009165038075342
"5719","2014","인천","부평구","초등학교",2014-04-01,"전체",4978,5332,5182,-150,-204,-354,-0.0281320330082521,-0.0393670397529911,-0.0663915978994749,556301,560636,558174,-4335,-1873,-0.00773228975663354,-0.0033555844593263
"5720","2014","인천","부평구","초등학교",2014-04-01,"여자",2415,2550,2480,-70,-65,-135,-0.0274509803921569,-0.0262096774193548,-0.0529411764705882,556301,560636,558174,-4335,-1873,-0.00773228975663354,-0.0033555844593263
"5721","2014","인천","부평구","초등학교",2014-04-01,"남자",2563,2782,2702,-80,-139,-219,-0.0287562904385334,-0.0514433752775722,-0.0787203450754853,556301,560636,558174,-4335,-1873,-0.00773228975663354,-0.0033555844593263
"5722","2014","인천","계양구","초등학교",2014-04-01,"전체",3238,3461,3359,-102,-121,-223,-0.0294712510835019,-0.0360226257814826,-0.0644322450158914,343360,344174,342590,-814,770,-0.00236508277789723,0.00224758457631571
"5723","2014","인천","계양구","초등학교",2014-04-01,"여자",1582,1668,1637,-31,-55,-86,-0.0185851318944844,-0.0335980452046426,-0.0515587529976019,343360,344174,342590,-814,770,-0.00236508277789723,0.00224758457631571
"5724","2014","인천","계양구","초등학교",2014-04-01,"남자",1656,1793,1722,-71,-66,-137,-0.0395984383714445,-0.0383275261324042,-0.0764082543223648,343360,344174,342590,-814,770,-0.00236508277789723,0.00224758457631571
"5725","2014","인천","서구","초등학교",2014-04-01,"전체",5661,5354,5753,399,-92,307,0.0745237205827419,-0.0159916565270294,0.057340306313037,492830,446575,476879,46255,15951,0.103577226669652,0.0334487364719352
"5726","2014","인천","서구","초등학교",2014-04-01,"여자",2794,2618,2819,201,-25,176,0.0767761650114591,-0.00886839304717985,0.0672268907563025,492830,446575,476879,46255,15951,0.103577226669652,0.0334487364719352
"5727","2014","인천","서구","초등학교",2014-04-01,"남자",2867,2736,2934,198,-67,131,0.0723684210526316,-0.0228357191547376,0.0478801169590643,492830,446575,476879,46255,15951,0.103577226669652,0.0334487364719352
"5728","2014","인천","강화군","초등학교",2014-04-01,"전체",424,447,438,-9,-14,-23,-0.0201342281879195,-0.0319634703196347,-0.0514541387024608,66804,66796,66463,8,341,0.00011976765075753,0.00513067420971067
"5729","2014","인천","강화군","초등학교",2014-04-01,"여자",206,227,220,-7,-14,-21,-0.0308370044052863,-0.0636363636363636,-0.092511013215859,66804,66796,66463,8,341,0.00011976765075753,0.00513067420971067
"5730","2014","인천","강화군","초등학교",2014-04-01,"남자",218,220,218,-2,0,-2,-0.00909090909090909,0,-0.00909090909090909,66804,66796,66463,8,341,0.00011976765075753,0.00513067420971067
"5731","2014","인천","옹진군","초등학교",2014-04-01,"전체",115,134,132,-2,-17,-19,-0.0149253731343284,-0.128787878787879,-0.141791044776119,20615,19346,20200,1269,415,0.0655949550294635,0.0205445544554455
"5732","2014","인천","옹진군","초등학교",2014-04-01,"여자",67,74,75,1,-8,-7,0.0135135135135135,-0.106666666666667,-0.0945945945945946,20615,19346,20200,1269,415,0.0655949550294635,0.0205445544554455
"5733","2014","인천","옹진군","초등학교",2014-04-01,"남자",48,60,57,-3,-9,-12,-0.05,-0.157894736842105,-0.2,20615,19346,20200,1269,415,0.0655949550294635,0.0205445544554455
"5734","2014","광주","동구","초등학교",2014-04-01,"전체",611,682,670,-12,-59,-71,-0.0175953079178886,-0.0880597014925373,-0.104105571847507,102134,106744,104694,-4610,-2560,-0.0431874391066477,-0.0244522131163199
"5735","2014","광주","동구","초등학교",2014-04-01,"여자",306,327,318,-9,-12,-21,-0.0275229357798165,-0.0377358490566038,-0.0642201834862385,102134,106744,104694,-4610,-2560,-0.0431874391066477,-0.0244522131163199
"5736","2014","광주","동구","초등학교",2014-04-01,"남자",305,355,352,-3,-47,-50,-0.00845070422535211,-0.133522727272727,-0.140845070422535,102134,106744,104694,-4610,-2560,-0.0431874391066477,-0.0244522131163199
"5737","2014","광주","서구","초등학교",2014-04-01,"전체",3174,3215,3219,4,-45,-41,0.00124416796267496,-0.0139794967381174,-0.0127527216174184,313298,317955,316732,-4657,-3434,-0.0146467267380604,-0.0108419736559615
"5738","2014","광주","서구","초등학교",2014-04-01,"여자",1515,1525,1529,4,-14,-10,0.00262295081967213,-0.0091563113145847,-0.00655737704918033,313298,317955,316732,-4657,-3434,-0.0146467267380604,-0.0108419736559615
"5739","2014","광주","서구","초등학교",2014-04-01,"남자",1659,1690,1690,0,-31,-31,0,-0.0183431952662722,-0.0183431952662722,313298,317955,316732,-4657,-3434,-0.0146467267380604,-0.0108419736559615
"5740","2014","광주","남구","초등학교",2014-04-01,"전체",2089,1905,1941,36,148,184,0.0188976377952756,0.0762493560020608,0.0965879265091864,215993,218820,218071,-2827,-2078,-0.0129192943972215,-0.00952900660793962
"5741","2014","광주","남구","초등학교",2014-04-01,"여자",1028,912,942,30,86,116,0.0328947368421053,0.0912951167728238,0.12719298245614,215993,218820,218071,-2827,-2078,-0.0129192943972215,-0.00952900660793962
"5742","2014","광주","남구","초등학교",2014-04-01,"남자",1061,993,999,6,62,68,0.00604229607250755,0.0620620620620621,0.0684793554884189,215993,218820,218071,-2827,-2078,-0.0129192943972215,-0.00952900660793962
"5743","2014","광주","북구","초등학교",2014-04-01,"전체",4297,4305,4290,-15,7,-8,-0.00348432055749129,0.00163170163170163,-0.00185830429732869,445698,444344,443830,1354,1868,0.00304718866463821,0.00420881869184147
"5744","2014","광주","북구","초등학교",2014-04-01,"여자",2001,2026,2013,-13,-12,-25,-0.00641658440276407,-0.00596125186289121,-0.0123395853899309,445698,444344,443830,1354,1868,0.00304718866463821,0.00420881869184147
"5745","2014","광주","북구","초등학교",2014-04-01,"남자",2296,2279,2277,-2,19,17,-0.000877577885037297,0.00834431269213878,0.00745941202281702,445698,444344,443830,1354,1868,0.00304718866463821,0.00420881869184147
"5746","2014","광주","광산구","초등학교",2014-04-01,"전체",5803,5677,5758,81,45,126,0.0142680993482473,0.00781521361583883,0.0221948212083847,394727,378813,387997,15914,6730,0.0420101738852679,0.0173454949393939
"5747","2014","광주","광산구","초등학교",2014-04-01,"여자",2783,2719,2758,39,25,64,0.0143435086428834,0.00906453952139231,0.0235380654652446,394727,378813,387997,15914,6730,0.0420101738852679,0.0173454949393939
"5748","2014","광주","광산구","초등학교",2014-04-01,"남자",3020,2958,3000,42,20,62,0.0141987829614604,0.00666666666666667,0.0209601081812035,394727,378813,387997,15914,6730,0.0420101738852679,0.0173454949393939
"5749","2014","대전","동구","초등학교",2014-04-01,"전체",2383,2619,2606,-13,-223,-236,-0.00496372661321115,-0.0855717574827322,-0.090110729285987,249717,252962,251923,-3245,-2206,-0.0128280136937564,-0.00875664389515844
"5750","2014","대전","동구","초등학교",2014-04-01,"여자",1162,1272,1266,-6,-104,-110,-0.00471698113207547,-0.0821484992101106,-0.0864779874213836,249717,252962,251923,-3245,-2206,-0.0128280136937564,-0.00875664389515844
"5751","2014","대전","동구","초등학교",2014-04-01,"남자",1221,1347,1340,-7,-119,-126,-0.00519673348181143,-0.0888059701492537,-0.0935412026726058,249717,252962,251923,-3245,-2206,-0.0128280136937564,-0.00875664389515844
"5752","2014","대전","중구","초등학교",2014-04-01,"전체",2554,2606,2620,14,-66,-52,0.00537221795855718,-0.0251908396946565,-0.0199539524174981,264488,264365,263698,123,790,0.000465265825657708,0.00299585131476158
"5753","2014","대전","중구","초등학교",2014-04-01,"여자",1221,1274,1278,4,-57,-53,0.00313971742543171,-0.0446009389671361,-0.0416012558869702,264488,264365,263698,123,790,0.000465265825657708,0.00299585131476158
"5754","2014","대전","중구","초등학교",2014-04-01,"남자",1333,1332,1342,10,-9,1,0.00750750750750751,-0.00670640834575261,0.000750750750750751,264488,264365,263698,123,790,0.000465265825657708,0.00299585131476158
"5755","2014","대전","서구","초등학교",2014-04-01,"전체",4885,4845,4888,43,-3,40,0.00887512899896801,-0.000613747954173486,0.00825593395252838,497460,497259,497090,201,370,0.000404215911627542,0.000744332012311654
"5756","2014","대전","서구","초등학교",2014-04-01,"여자",2450,2404,2430,26,20,46,0.0108153078202995,0.00823045267489712,0.019134775374376,497460,497259,497090,201,370,0.000404215911627542,0.000744332012311654
"5757","2014","대전","서구","초등학교",2014-04-01,"남자",2435,2441,2458,17,-23,-6,0.00696435886931585,-0.00935720097640358,-0.00245800901269971,497460,497259,497090,201,370,0.000404215911627542,0.000744332012311654
"5758","2014","대전","유성구","초등학교",2014-04-01,"전체",4289,4088,4215,127,74,201,0.0310665362035225,0.0175563463819692,0.0491682974559687,319924,300195,310314,19729,9610,0.0657206149336265,0.0309686317729783
"5759","2014","대전","유성구","초등학교",2014-04-01,"여자",2090,1953,1998,45,92,137,0.0230414746543779,0.046046046046046,0.0701484895033282,319924,300195,310314,19729,9610,0.0657206149336265,0.0309686317729783
"5760","2014","대전","유성구","초등학교",2014-04-01,"남자",2199,2135,2217,82,-18,64,0.0384074941451991,-0.0081190798376184,0.0299765807962529,319924,300195,310314,19729,9610,0.0657206149336265,0.0309686317729783
"5761","2014","대전","대덕구","초등학교",2014-04-01,"전체",1917,1975,1950,-25,-33,-58,-0.0126582278481013,-0.0169230769230769,-0.0293670886075949,203778,205847,205553,-2069,-1775,-0.0100511544982438,-0.00863524249220396
"5762","2014","대전","대덕구","초등학교",2014-04-01,"여자",930,974,963,-11,-33,-44,-0.0112936344969199,-0.0342679127725857,-0.0451745379876797,203778,205847,205553,-2069,-1775,-0.0100511544982438,-0.00863524249220396
"5763","2014","대전","대덕구","초등학교",2014-04-01,"남자",987,1001,987,-14,0,-14,-0.013986013986014,0,-0.013986013986014,203778,205847,205553,-2069,-1775,-0.0100511544982438,-0.00863524249220396
"5764","2014","울산","중구","초등학교",2014-04-01,"전체",2027,1974,1988,14,39,53,0.00709219858156028,0.0196177062374245,0.0268490374873354,234211,233063,232649,1148,1562,0.00492570678314447,0.006713976849245
"5765","2014","울산","중구","초등학교",2014-04-01,"여자",979,956,954,-2,25,23,-0.00209205020920502,0.0262054507337526,0.0240585774058577,234211,233063,232649,1148,1562,0.00492570678314447,0.006713976849245
"5766","2014","울산","중구","초등학교",2014-04-01,"남자",1048,1018,1034,16,14,30,0.0157170923379175,0.0135396518375242,0.0294695481335953,234211,233063,232649,1148,1562,0.00492570678314447,0.006713976849245
"5767","2014","울산","남구","초등학교",2014-04-01,"전체",2969,3094,3144,50,-175,-125,0.0161603102779573,-0.0556615776081425,-0.0404007756948933,349633,344384,347378,5249,2255,0.0152417069317971,0.00649148765897668
"5768","2014","울산","남구","초등학교",2014-04-01,"여자",1407,1471,1489,18,-82,-64,0.0122365737593474,-0.0550705171255876,-0.0435078178110129,349633,344384,347378,5249,2255,0.0152417069317971,0.00649148765897668
"5769","2014","울산","남구","초등학교",2014-04-01,"남자",1562,1623,1655,32,-93,-61,0.0197165742452249,-0.0561933534743202,-0.0375847196549599,349633,344384,347378,5249,2255,0.0152417069317971,0.00649148765897668
"5770","2014","울산","동구","초등학교",2014-04-01,"전체",1878,1923,1954,31,-76,-45,0.016120644825793,-0.0388945752302968,-0.0234009360374415,178267,173334,177636,4933,631,0.0284595059249772,0.00355220788578892
"5771","2014","울산","동구","초등학교",2014-04-01,"여자",928,940,956,16,-28,-12,0.0170212765957447,-0.0292887029288703,-0.0127659574468085,178267,173334,177636,4933,631,0.0284595059249772,0.00355220788578892
"5772","2014","울산","동구","초등학교",2014-04-01,"남자",950,983,998,15,-48,-33,0.0152594099694812,-0.0480961923847695,-0.0335707019328586,178267,173334,177636,4933,631,0.0284595059249772,0.00355220788578892
"5773","2014","울산","북구","초등학교",2014-04-01,"전체",2530,2584,2540,-44,-10,-54,-0.0170278637770898,-0.00393700787401575,-0.0208978328173375,186341,183173,184384,3168,1957,0.017295125373281,0.0106137191947241
"5774","2014","울산","북구","초등학교",2014-04-01,"여자",1246,1281,1260,-21,-14,-35,-0.0163934426229508,-0.0111111111111111,-0.0273224043715847,186341,183173,184384,3168,1957,0.017295125373281,0.0106137191947241
"5775","2014","울산","북구","초등학교",2014-04-01,"남자",1284,1303,1280,-23,4,-19,-0.0176515732924021,0.003125,-0.0145817344589409,186341,183173,184384,3168,1957,0.017295125373281,0.0106137191947241
"5776","2014","울산","울주군","초등학교",2014-04-01,"전체",2456,2430,2396,-34,60,26,-0.0139917695473251,0.0250417362270451,0.0106995884773663,210782,205674,208661,5108,2121,0.0248354191584741,0.0101648127824558
"5777","2014","울산","울주군","초등학교",2014-04-01,"여자",1215,1155,1144,-11,71,60,-0.00952380952380952,0.0620629370629371,0.051948051948052,210782,205674,208661,5108,2121,0.0248354191584741,0.0101648127824558
"5778","2014","울산","울주군","초등학교",2014-04-01,"남자",1241,1275,1252,-23,-11,-34,-0.0180392156862745,-0.00878594249201278,-0.0266666666666667,210782,205674,208661,5108,2121,0.0248354191584741,0.0101648127824558
"5779","2014","경기","수원시","초등학교",2014-04-01,"전체",12366,11862,12181,319,185,504,0.0268925982127803,0.0151875872260077,0.0424886191198786,1161575,1105922,1131939,55653,29636,0.050322717153651,0.0261816228613026
"5780","2014","경기","수원시","초등학교",2014-04-01,"여자",5940,5731,5874,143,66,209,0.0249520153550864,0.0112359550561798,0.036468330134357,1161575,1105922,1131939,55653,29636,0.050322717153651,0.0261816228613026
"5781","2014","경기","수원시","초등학교",2014-04-01,"남자",6426,6131,6307,176,119,295,0.0287065731528299,0.0188679245283019,0.0481161311368455,1161575,1105922,1131939,55653,29636,0.050322717153651,0.0261816228613026
"5782","2014","경기","성남시","초등학교",2014-04-01,"전체",8598,9084,9018,-66,-420,-486,-0.00726552179656539,-0.0465735196274118,-0.0535006605019815,978595,978458,980946,137,-2351,0.00014001622961844,-0.00239666607540068
"5783","2014","경기","성남시","초등학교",2014-04-01,"여자",4179,4398,4387,-11,-208,-219,-0.00250113688040018,-0.0474128105767039,-0.0497953615279673,978595,978458,980946,137,-2351,0.00014001622961844,-0.00239666607540068
"5784","2014","경기","성남시","초등학교",2014-04-01,"남자",4419,4686,4631,-55,-212,-267,-0.0117370892018779,-0.0457784495789246,-0.0569782330345711,978595,978458,980946,137,-2351,0.00014001622961844,-0.00239666607540068
"5785","2014","경기","부천시","초등학교",2014-04-01,"전체",7800,8423,8235,-188,-435,-623,-0.0223198385373382,-0.0528233151183971,-0.0739641457912858,861063,872369,868517,-11306,-7454,-0.0129601120626707,-0.00858244570918013
"5786","2014","경기","부천시","초등학교",2014-04-01,"여자",3808,4133,4032,-101,-224,-325,-0.0244374546334382,-0.0555555555555556,-0.0786353738204694,861063,872369,868517,-11306,-7454,-0.0129601120626707,-0.00858244570918013
"5787","2014","경기","부천시","초등학교",2014-04-01,"남자",3992,4290,4203,-87,-211,-298,-0.0202797202797203,-0.0502022364977397,-0.0694638694638695,861063,872369,868517,-11306,-7454,-0.0129601120626707,-0.00858244570918013
"5788","2014","경기","안양시","초등학교",2014-04-01,"전체",5384,5777,5792,15,-408,-393,0.00259650337545439,-0.0704419889502762,-0.068028388436905,604834,612632,610685,-7798,-5851,-0.0127286854098382,-0.00958104423720904
"5789","2014","경기","안양시","초등학교",2014-04-01,"여자",2535,2763,2763,0,-228,-228,0,-0.0825190010857763,-0.0825190010857763,604834,612632,610685,-7798,-5851,-0.0127286854098382,-0.00958104423720904
"5790","2014","경기","안양시","초등학교",2014-04-01,"남자",2849,3014,3029,15,-180,-165,0.00497677504976775,-0.0594255529877847,-0.0547445255474453,604834,612632,610685,-7798,-5851,-0.0127286854098382,-0.00958104423720904
"5791","2014","경기","과천시","초등학교",2014-04-01,"전체",578,693,721,28,-143,-115,0.0404040404040404,-0.198335644937587,-0.165945165945166,70231,71635,70837,-1404,-606,-0.0195993578557967,-0.00855485127828677
"5792","2014","경기","과천시","초등학교",2014-04-01,"여자",274,319,336,17,-62,-45,0.0532915360501567,-0.18452380952381,-0.141065830721003,70231,71635,70837,-1404,-606,-0.0195993578557967,-0.00855485127828677
"5793","2014","경기","과천시","초등학교",2014-04-01,"남자",304,374,385,11,-81,-70,0.0294117647058824,-0.21038961038961,-0.18716577540107,70231,71635,70837,-1404,-606,-0.0195993578557967,-0.00855485127828677
"5794","2014","경기","안산시","초등학교",2014-04-01,"전체",7099,7519,7379,-140,-280,-420,-0.0186194972735736,-0.0379455210733162,-0.0558584918207208,712187,714956,714745,-2769,-2558,-0.00387296560907245,-0.00357889876809212
"5795","2014","경기","안산시","초등학교",2014-04-01,"여자",3469,3625,3564,-61,-95,-156,-0.0168275862068966,-0.02665544332211,-0.0430344827586207,712187,714956,714745,-2769,-2558,-0.00387296560907245,-0.00357889876809212
"5796","2014","경기","안산시","초등학교",2014-04-01,"남자",3630,3894,3815,-79,-185,-264,-0.0202876219825372,-0.0484927916120577,-0.0677966101694915,712187,714956,714745,-2769,-2558,-0.00387296560907245,-0.00357889876809212
"5797","2014","경기","용인시","초등학교",2014-04-01,"전체",12230,12530,12845,315,-615,-300,0.0251396648044693,-0.0478785519657454,-0.0239425379090184,948939,901814,923937,47125,25002,0.0522557866699785,0.027060286577981
"5798","2014","경기","용인시","초등학교",2014-04-01,"여자",6006,6058,6210,152,-204,-52,0.0250907890392869,-0.0328502415458937,-0.00858369098712446,948939,901814,923937,47125,25002,0.0522557866699785,0.027060286577981
"5799","2014","경기","용인시","초등학교",2014-04-01,"남자",6224,6472,6635,163,-411,-248,0.025185414091471,-0.0619442351168048,-0.03831891223733,948939,901814,923937,47125,25002,0.0522557866699785,0.027060286577981
"5800","2014","경기","군포시","초등학교",2014-04-01,"전체",2996,3236,3137,-99,-141,-240,-0.030593325092707,-0.0449474019764106,-0.0741656365883807,286556,287223,286403,-667,153,-0.00232223742527583,0.000534212281295936
"5801","2014","경기","군포시","초등학교",2014-04-01,"여자",1447,1575,1512,-63,-65,-128,-0.04,-0.042989417989418,-0.0812698412698413,286556,287223,286403,-667,153,-0.00232223742527583,0.000534212281295936
"5802","2014","경기","군포시","초등학교",2014-04-01,"남자",1549,1661,1625,-36,-76,-112,-0.0216736905478627,-0.0467692307692308,-0.0674292594822396,286556,287223,286403,-667,153,-0.00232223742527583,0.000534212281295936
"5803","2014","경기","의왕시","초등학교",2014-04-01,"전체",1501,1668,1732,64,-231,-167,0.0383693045563549,-0.13337182448037,-0.100119904076739,159753,150738,158263,9015,1490,0.0598057556820443,0.00941470842837555
"5804","2014","경기","의왕시","초등학교",2014-04-01,"여자",732,805,852,47,-120,-73,0.0583850931677019,-0.140845070422535,-0.0906832298136646,159753,150738,158263,9015,1490,0.0598057556820443,0.00941470842837555
"5805","2014","경기","의왕시","초등학교",2014-04-01,"남자",769,863,880,17,-111,-94,0.0196987253765933,-0.126136363636364,-0.108922363847045,159753,150738,158263,9015,1490,0.0598057556820443,0.00941470842837555
"5806","2014","경기","시흥시","초등학교",2014-04-01,"전체",4434,4667,4585,-82,-151,-233,-0.0175701735590315,-0.0329334787350055,-0.0499250053567602,395516,400709,398852,-5193,-3336,-0.012959529234432,-0.00836400469347026
"5807","2014","경기","시흥시","초등학교",2014-04-01,"여자",2227,2346,2279,-67,-52,-119,-0.0285592497868713,-0.0228170250109697,-0.0507246376811594,395516,400709,398852,-5193,-3336,-0.012959529234432,-0.00836400469347026
"5808","2014","경기","시흥시","초등학교",2014-04-01,"남자",2207,2321,2306,-15,-99,-114,-0.00646273158121499,-0.0429314830875976,-0.049116760017234,395516,400709,398852,-5193,-3336,-0.012959529234432,-0.00836400469347026
"5809","2014","경기","평택시","초등학교",2014-04-01,"전체",5108,4912,4934,22,174,196,0.00447882736156352,0.0352655046615322,0.0399022801302932,444305,429302,436619,15003,7686,0.0349474262873222,0.0176034483153505
"5810","2014","경기","평택시","초등학교",2014-04-01,"여자",2563,2387,2388,1,175,176,0.000418935902806871,0.0732830820770519,0.0737327188940092,444305,429302,436619,15003,7686,0.0349474262873222,0.0176034483153505
"5811","2014","경기","평택시","초등학교",2014-04-01,"남자",2545,2525,2546,21,-1,20,0.00831683168316832,-0.000392772977219167,0.00792079207920792,444305,429302,436619,15003,7686,0.0349474262873222,0.0176034483153505
"5812","2014","경기","화성시","초등학교",2014-04-01,"전체",7966,8571,8436,-135,-470,-605,-0.015750787539377,-0.0557136083451873,-0.0705868626764672,533061,519051,527046,14010,6015,0.026991567302635,0.0114126660670985
"5813","2014","경기","화성시","초등학교",2014-04-01,"여자",3941,4240,4155,-85,-214,-299,-0.0200471698113208,-0.0515042117930205,-0.0705188679245283,533061,519051,527046,14010,6015,0.026991567302635,0.0114126660670985
"5814","2014","경기","화성시","초등학교",2014-04-01,"남자",4025,4331,4281,-50,-256,-306,-0.0115446779034865,-0.0597991123569259,-0.0706534287693373,533061,519051,527046,14010,6015,0.026991567302635,0.0114126660670985
"5815","2014","경기","오산시","초등학교",2014-04-01,"전체",2994,3128,3102,-26,-108,-134,-0.00831202046035806,-0.034816247582205,-0.0428388746803069,207377,195751,200863,11626,6514,0.0593917783306343,0.0324300642726635
"5816","2014","경기","오산시","초등학교",2014-04-01,"여자",1436,1509,1484,-25,-48,-73,-0.0165672630881378,-0.032345013477089,-0.0483764082173625,207377,195751,200863,11626,6514,0.0593917783306343,0.0324300642726635
"5817","2014","경기","오산시","초등학교",2014-04-01,"남자",1558,1619,1618,-1,-60,-61,-0.000617665225447807,-0.0370828182941904,-0.0376775787523162,207377,195751,200863,11626,6514,0.0593917783306343,0.0324300642726635
"5818","2014","경기","광명시","초등학교",2014-04-01,"전체",3807,4106,4005,-101,-198,-299,-0.0245981490501705,-0.049438202247191,-0.0728202630297126,351318,355355,354958,-4037,-3640,-0.0113604705154001,-0.0102547343629387
"5819","2014","경기","광명시","초등학교",2014-04-01,"여자",1931,2038,1984,-54,-53,-107,-0.0264965652600589,-0.0267137096774194,-0.0525024533856722,351318,355355,354958,-4037,-3640,-0.0113604705154001,-0.0102547343629387
"5820","2014","경기","광명시","초등학교",2014-04-01,"남자",1876,2068,2021,-47,-145,-192,-0.0227272727272727,-0.0717466600692726,-0.0928433268858801,351318,355355,354958,-4037,-3640,-0.0113604705154001,-0.0102547343629387
"5821","2014","경기","광주시","초등학교",2014-04-01,"전체",3133,3259,3335,76,-202,-126,0.0233200368211108,-0.0605697151424288,-0.0386621663086836,290594,268379,278540,22215,12054,0.0827747327473461,0.0432756516119767
"5822","2014","경기","광주시","초등학교",2014-04-01,"여자",1588,1690,1742,52,-154,-102,0.0307692307692308,-0.0884041331802526,-0.0603550295857988,290594,268379,278540,22215,12054,0.0827747327473461,0.0432756516119767
"5823","2014","경기","광주시","초등학교",2014-04-01,"남자",1545,1569,1593,24,-48,-24,0.0152963671128107,-0.0301318267419962,-0.0152963671128107,290594,268379,278540,22215,12054,0.0827747327473461,0.0432756516119767
"5824","2014","경기","하남시","초등학교",2014-04-01,"전체",1323,1527,1462,-65,-139,-204,-0.0425671250818599,-0.0950752393980848,-0.133595284872299,144836,147602,145663,-2766,-827,-0.0187395834744787,-0.005677488449366
"5825","2014","경기","하남시","초등학교",2014-04-01,"여자",628,715,691,-24,-63,-87,-0.0335664335664336,-0.0911722141823444,-0.121678321678322,144836,147602,145663,-2766,-827,-0.0187395834744787,-0.005677488449366
"5826","2014","경기","하남시","초등학교",2014-04-01,"남자",695,812,771,-41,-76,-117,-0.0504926108374384,-0.0985732814526589,-0.144088669950739,144836,147602,145663,-2766,-827,-0.0187395834744787,-0.005677488449366
"5827","2014","경기","김포시","초등학교",2014-04-01,"전체",3825,3094,3630,536,195,731,0.173238526179703,0.0537190082644628,0.236263736263736,319658,265663,296806,53995,22852,0.20324621795282,0.0769930527010909
"5828","2014","경기","김포시","초등학교",2014-04-01,"여자",1891,1503,1753,250,138,388,0.166333998669328,0.0787221905305191,0.258150365934797,319658,265663,296806,53995,22852,0.20324621795282,0.0769930527010909
"5829","2014","경기","김포시","초등학교",2014-04-01,"남자",1934,1591,1877,286,57,343,0.179761156505343,0.0303676078849227,0.21558768070396,319658,265663,296806,53995,22852,0.20324621795282,0.0769930527010909
"5830","2014","경기","이천시","초등학교",2014-04-01,"전체",2380,2484,2464,-20,-84,-104,-0.00805152979066022,-0.0340909090909091,-0.0418679549114332,205259,204545,204902,714,357,0.00349067442372094,0.00174229631726386
"5831","2014","경기","이천시","초등학교",2014-04-01,"여자",1171,1231,1226,-5,-55,-60,-0.00406173842404549,-0.0448613376835237,-0.0487408610885459,205259,204545,204902,714,357,0.00349067442372094,0.00174229631726386
"5832","2014","경기","이천시","초등학교",2014-04-01,"남자",1209,1253,1238,-15,-29,-44,-0.0119712689545092,-0.0234248788368336,-0.0351157222665603,205259,204545,204902,714,357,0.00349067442372094,0.00174229631726386
"5833","2014","경기","안성시","초등학교",2014-04-01,"전체",2018,2122,2089,-33,-71,-104,-0.0155513666352498,-0.0339875538535184,-0.0490103675777568,182009,181292,181782,717,227,0.00395494561260287,0.00124874850095169
"5834","2014","경기","안성시","초등학교",2014-04-01,"여자",982,1036,1026,-10,-44,-54,-0.00965250965250965,-0.0428849902534113,-0.0521235521235521,182009,181292,181782,717,227,0.00395494561260287,0.00124874850095169
"5835","2014","경기","안성시","초등학교",2014-04-01,"남자",1036,1086,1063,-23,-27,-50,-0.0211786372007366,-0.0253998118532455,-0.0460405156537753,182009,181292,181782,717,227,0.00395494561260287,0.00124874850095169
"5836","2014","경기","여주군","초등학교",2014-04-01,"전체",1013,1029,1002,-27,11,-16,-0.0262390670553936,0.0109780439121756,-0.0155490767735666,NA,NA,NA,NA,NA,NA,NA
"5837","2014","경기","여주군","초등학교",2014-04-01,"여자",501,483,480,-3,21,18,-0.0062111801242236,0.04375,0.0372670807453416,NA,NA,NA,NA,NA,NA,NA
"5838","2014","경기","여주군","초등학교",2014-04-01,"남자",512,546,522,-24,-10,-34,-0.043956043956044,-0.0191570881226054,-0.0622710622710623,NA,NA,NA,NA,NA,NA,NA
"5839","2014","경기","양평군","초등학교",2014-04-01,"전체",849,786,830,44,19,63,0.0559796437659033,0.0228915662650602,0.0801526717557252,104292,100125,102557,4167,1735,0.0416179775280899,0.0169174215314411
"5840","2014","경기","양평군","초등학교",2014-04-01,"여자",428,381,406,25,22,47,0.0656167979002625,0.0541871921182266,0.123359580052493,104292,100125,102557,4167,1735,0.0416179775280899,0.0169174215314411
"5841","2014","경기","양평군","초등학교",2014-04-01,"남자",421,405,424,19,-3,16,0.0469135802469136,-0.00707547169811321,0.0395061728395062,104292,100125,102557,4167,1735,0.0416179775280899,0.0169174215314411
"5842","2014","경기","고양시","초등학교",2014-04-01,"전체",9437,9606,9770,164,-333,-169,0.017072662919009,-0.0340839303991812,-0.0175931709348324,998069,961241,974327,36828,23742,0.038312972501173,0.0243675891153586
"5843","2014","경기","고양시","초등학교",2014-04-01,"여자",4583,4584,4682,98,-99,-1,0.0213787085514834,-0.0211448099102947,-0.000218150087260035,998069,961241,974327,36828,23742,0.038312972501173,0.0243675891153586
"5844","2014","경기","고양시","초등학교",2014-04-01,"남자",4854,5022,5088,66,-234,-168,0.013142174432497,-0.0459905660377358,-0.033452807646356,998069,961241,974327,36828,23742,0.038312972501173,0.0243675891153586
"5845","2014","경기","남양주시","초등학교",2014-04-01,"전체",7578,7555,7768,213,-190,23,0.02819324950364,-0.0244593202883625,0.00304434149569821,625190,582654,606717,42536,18473,0.0730038753702884,0.0304474738634322
"5846","2014","경기","남양주시","초등학교",2014-04-01,"여자",3671,3616,3725,109,-54,55,0.0301438053097345,-0.014496644295302,0.0152101769911504,625190,582654,606717,42536,18473,0.0730038753702884,0.0304474738634322
"5847","2014","경기","남양주시","초등학교",2014-04-01,"남자",3907,3939,4043,104,-136,-32,0.0264026402640264,-0.0336383873361365,-0.00812388931200812,625190,582654,606717,42536,18473,0.0730038753702884,0.0304474738634322
"5848","2014","경기","구리시","초등학교",2014-04-01,"전체",1801,2034,1985,-49,-184,-233,-0.0240904621435595,-0.0926952141057935,-0.114552605703048,188714,194133,191476,-5419,-2762,-0.0279138528740606,-0.0144247843071717
"5849","2014","경기","구리시","초등학교",2014-04-01,"여자",845,983,964,-19,-119,-138,-0.0193285859613428,-0.12344398340249,-0.140386571719227,188714,194133,191476,-5419,-2762,-0.0279138528740606,-0.0144247843071717
"5850","2014","경기","구리시","초등학교",2014-04-01,"남자",956,1051,1021,-30,-65,-95,-0.0285442435775452,-0.0636630754162586,-0.0903901046622265,188714,194133,191476,-5419,-2762,-0.0279138528740606,-0.0144247843071717
"5851","2014","경기","의정부시","초등학교",2014-04-01,"전체",4184,4275,4270,-5,-86,-91,-0.00116959064327485,-0.0201405152224824,-0.0212865497076023,431491,429998,430028,1493,1463,0.0034721091726008,0.00340210404903867
"5852","2014","경기","의정부시","초등학교",2014-04-01,"여자",2014,2028,2041,13,-27,-14,0.00641025641025641,-0.0132288094071534,-0.00690335305719921,431491,429998,430028,1493,1463,0.0034721091726008,0.00340210404903867
"5853","2014","경기","의정부시","초등학교",2014-04-01,"남자",2170,2247,2229,-18,-59,-77,-0.00801068090787717,-0.0264692687303724,-0.0342679127725857,431491,429998,430028,1493,1463,0.0034721091726008,0.00340210404903867
"5854","2014","경기","파주시","초등학교",2014-04-01,"전체",4943,4962,5118,156,-175,-19,0.0314389359129383,-0.0341930441578742,-0.00382910116888351,403210,385017,397568,18193,5642,0.0472524589823307,0.0141912830006439
"5855","2014","경기","파주시","초등학교",2014-04-01,"여자",2434,2395,2476,81,-42,39,0.0338204592901879,-0.0169628432956381,0.0162839248434238,403210,385017,397568,18193,5642,0.0472524589823307,0.0141912830006439
"5856","2014","경기","파주시","초등학교",2014-04-01,"남자",2509,2567,2642,75,-133,-58,0.0292169848071679,-0.0503406510219531,-0.0225944682508765,403210,385017,397568,18193,5642,0.0472524589823307,0.0141912830006439
"5857","2014","경기","동두천시","초등학교",2014-04-01,"전체",983,990,999,9,-16,-7,0.00909090909090909,-0.016016016016016,-0.00707070707070707,97434,96461,97310,973,124,0.0100869781569754,0.00127427808036173
"5858","2014","경기","동두천시","초등학교",2014-04-01,"여자",489,508,513,5,-24,-19,0.00984251968503937,-0.0467836257309941,-0.0374015748031496,97434,96461,97310,973,124,0.0100869781569754,0.00127427808036173
"5859","2014","경기","동두천시","초등학교",2014-04-01,"남자",494,482,486,4,8,12,0.00829875518672199,0.0164609053497942,0.024896265560166,97434,96461,97310,973,124,0.0100869781569754,0.00127427808036173
"5860","2014","경기","양주시","초등학교",2014-04-01,"전체",2364,2524,2487,-37,-123,-160,-0.0146592709984152,-0.0494571773220748,-0.063391442155309,198540,200098,199531,-1558,-991,-0.00778618476946296,-0.00496664678671485
"5861","2014","경기","양주시","초등학교",2014-04-01,"여자",1141,1222,1191,-31,-50,-81,-0.0253682487725041,-0.0419815281276238,-0.0662847790507365,198540,200098,199531,-1558,-991,-0.00778618476946296,-0.00496664678671485
"5862","2014","경기","양주시","초등학교",2014-04-01,"남자",1223,1302,1296,-6,-73,-79,-0.00460829493087558,-0.0563271604938272,-0.0606758832565284,198540,200098,199531,-1558,-991,-0.00778618476946296,-0.00496664678671485
"5863","2014","경기","포천시","초등학교",2014-04-01,"전체",1335,1431,1391,-40,-56,-96,-0.0279524807826695,-0.0402588066139468,-0.0670859538784067,156111,157626,156852,-1515,-741,-0.00961135853222184,-0.00472419860760462
"5864","2014","경기","포천시","초등학교",2014-04-01,"여자",604,668,640,-28,-36,-64,-0.0419161676646707,-0.05625,-0.0958083832335329,156111,157626,156852,-1515,-741,-0.00961135853222184,-0.00472419860760462
"5865","2014","경기","포천시","초등학교",2014-04-01,"남자",731,763,751,-12,-20,-32,-0.0157273918741809,-0.0266311584553928,-0.0419397116644823,156111,157626,156852,-1515,-741,-0.00961135853222184,-0.00472419860760462
"5866","2014","경기","가평군","초등학교",2014-04-01,"전체",455,466,471,5,-16,-11,0.0107296137339056,-0.0339702760084926,-0.0236051502145923,60886,59577,60751,1309,135,0.0219715662084361,0.00222218564303468
"5867","2014","경기","가평군","초등학교",2014-04-01,"여자",210,216,219,3,-9,-6,0.0138888888888889,-0.0410958904109589,-0.0277777777777778,60886,59577,60751,1309,135,0.0219715662084361,0.00222218564303468
"5868","2014","경기","가평군","초등학교",2014-04-01,"남자",245,250,252,2,-7,-5,0.008,-0.0277777777777778,-0.02,60886,59577,60751,1309,135,0.0219715662084361,0.00222218564303468
"5869","2014","경기","연천군","초등학교",2014-04-01,"전체",308,365,350,-15,-42,-57,-0.0410958904109589,-0.12,-0.156164383561644,45609,45472,45631,137,-22,0.00301284306826179,-0.000482128377638009
"5870","2014","경기","연천군","초등학교",2014-04-01,"여자",141,173,166,-7,-25,-32,-0.0404624277456647,-0.150602409638554,-0.184971098265896,45609,45472,45631,137,-22,0.00301284306826179,-0.000482128377638009
"5871","2014","경기","연천군","초등학교",2014-04-01,"남자",167,192,184,-8,-17,-25,-0.0416666666666667,-0.0923913043478261,-0.130208333333333,45609,45472,45631,137,-22,0.00301284306826179,-0.000482128377638009
"5872","2014","강원","춘천시","초등학교",2014-04-01,"전체",2524,2489,2522,33,2,35,0.0132583366813982,0.000793021411578113,0.0140618722378465,274651,272817,273820,1834,831,0.00672245497897858,0.0030348404061062
"5873","2014","강원","춘천시","초등학교",2014-04-01,"여자",1224,1230,1248,18,-24,-6,0.0146341463414634,-0.0192307692307692,-0.0048780487804878,274651,272817,273820,1834,831,0.00672245497897858,0.0030348404061062
"5874","2014","강원","춘천시","초등학교",2014-04-01,"남자",1300,1259,1274,15,26,41,0.0119142176330421,0.0204081632653061,0.0325655281969817,274651,272817,273820,1834,831,0.00672245497897858,0.0030348404061062
"5875","2014","강원","원주시","초등학교",2014-04-01,"전체",3435,3331,3372,41,63,104,0.0123086160312219,0.0186832740213523,0.0312218552987091,325259,321775,324152,3484,1107,0.0108274415352342,0.00341506453762432
"5876","2014","강원","원주시","초등학교",2014-04-01,"여자",1661,1626,1643,17,18,35,0.0104551045510455,0.0109555690809495,0.0215252152521525,325259,321775,324152,3484,1107,0.0108274415352342,0.00341506453762432
"5877","2014","강원","원주시","초등학교",2014-04-01,"남자",1774,1705,1729,24,45,69,0.0140762463343109,0.0260266049739734,0.0404692082111437,325259,321775,324152,3484,1107,0.0108274415352342,0.00341506453762432
"5878","2014","강원","강릉시","초등학교",2014-04-01,"전체",1852,1852,1849,-3,3,0,-0.00161987041036717,0.00162249864791779,0,216268,217925,217342,-1657,-1074,-0.00760353332568544,-0.00494152073690313
"5879","2014","강원","강릉시","초등학교",2014-04-01,"여자",851,895,889,-6,-38,-44,-0.00670391061452514,-0.0427446569178853,-0.0491620111731844,216268,217925,217342,-1657,-1074,-0.00760353332568544,-0.00494152073690313
"5880","2014","강원","강릉시","초등학교",2014-04-01,"남자",1001,957,960,3,41,44,0.00313479623824451,0.0427083333333333,0.0459770114942529,216268,217925,217342,-1657,-1074,-0.00760353332568544,-0.00494152073690313
"5881","2014","강원","동해시","초등학교",2014-04-01,"전체",926,865,887,22,39,61,0.0254335260115607,0.0439684329199549,0.0705202312138728,94541,94390,94144,151,397,0.00159974573577709,0.00421694425560843
"5882","2014","강원","동해시","초등학교",2014-04-01,"여자",443,410,420,10,23,33,0.024390243902439,0.0547619047619048,0.0804878048780488,94541,94390,94144,151,397,0.00159974573577709,0.00421694425560843
"5883","2014","강원","동해시","초등학교",2014-04-01,"남자",483,455,467,12,16,28,0.0263736263736264,0.0342612419700214,0.0615384615384615,94541,94390,94144,151,397,0.00159974573577709,0.00421694425560843
"5884","2014","강원","태백시","초등학교",2014-04-01,"전체",452,467,449,-18,3,-15,-0.0385438972162741,0.0066815144766147,-0.0321199143468951,48884,50136,49128,-1252,-244,-0.0249720759534067,-0.00496661781468816
"5885","2014","강원","태백시","초등학교",2014-04-01,"여자",208,209,206,-3,2,-1,-0.0143540669856459,0.00970873786407767,-0.00478468899521531,48884,50136,49128,-1252,-244,-0.0249720759534067,-0.00496661781468816
"5886","2014","강원","태백시","초등학교",2014-04-01,"남자",244,258,243,-15,1,-14,-0.0581395348837209,0.00411522633744856,-0.0542635658914729,48884,50136,49128,-1252,-244,-0.0249720759534067,-0.00496661781468816
"5887","2014","강원","속초시","초등학교",2014-04-01,"전체",709,687,694,7,15,22,0.0101892285298399,0.0216138328530259,0.0320232896652111,82847,83548,83282,-701,-435,-0.00839038636472447,-0.00522321750198122
"5888","2014","강원","속초시","초등학교",2014-04-01,"여자",315,320,322,2,-7,-5,0.00625,-0.0217391304347826,-0.015625,82847,83548,83282,-701,-435,-0.00839038636472447,-0.00522321750198122
"5889","2014","강원","속초시","초등학교",2014-04-01,"남자",394,367,372,5,22,27,0.0136239782016349,0.0591397849462366,0.0735694822888283,82847,83548,83282,-701,-435,-0.00839038636472447,-0.00522321750198122
"5890","2014","강원","삼척시","초등학교",2014-04-01,"전체",503,494,492,-2,11,9,-0.00404858299595142,0.0223577235772358,0.0182186234817814,73371,73062,73149,309,222,0.00422928471708959,0.00303490136570561
"5891","2014","강원","삼척시","초등학교",2014-04-01,"여자",229,239,237,-2,-8,-10,-0.00836820083682008,-0.0337552742616034,-0.0418410041841004,73371,73062,73149,309,222,0.00422928471708959,0.00303490136570561
"5892","2014","강원","삼척시","초등학교",2014-04-01,"남자",274,255,255,0,19,19,0,0.0745098039215686,0.0745098039215686,73371,73062,73149,309,222,0.00422928471708959,0.00303490136570561
"5893","2014","강원","홍천군","초등학교",2014-04-01,"전체",573,596,603,7,-30,-23,0.011744966442953,-0.0497512437810945,-0.0385906040268456,70604,69600,69873,1004,731,0.0144252873563218,0.010461837905915
"5894","2014","강원","홍천군","초등학교",2014-04-01,"여자",284,313,314,1,-30,-29,0.00319488817891374,-0.0955414012738854,-0.0926517571884984,70604,69600,69873,1004,731,0.0144252873563218,0.010461837905915
"5895","2014","강원","홍천군","초등학교",2014-04-01,"남자",289,283,289,6,0,6,0.0212014134275618,0,0.0212014134275618,70604,69600,69873,1004,731,0.0144252873563218,0.010461837905915
"5896","2014","강원","횡성군","초등학교",2014-04-01,"전체",313,307,311,4,2,6,0.0130293159609121,0.00643086816720257,0.0195439739413681,45181,44404,44720,777,461,0.0174984235654446,0.0103085867620751
"5897","2014","강원","횡성군","초등학교",2014-04-01,"여자",155,150,141,-9,14,5,-0.06,0.099290780141844,0.0333333333333333,45181,44404,44720,777,461,0.0174984235654446,0.0103085867620751
"5898","2014","강원","횡성군","초등학교",2014-04-01,"남자",158,157,170,13,-12,1,0.0828025477707006,-0.0705882352941176,0.00636942675159236,45181,44404,44720,777,461,0.0174984235654446,0.0103085867620751
"5899","2014","강원","영월군","초등학교",2014-04-01,"전체",255,270,283,13,-28,-15,0.0481481481481481,-0.0989399293286219,-0.0555555555555556,40263,40319,40330,-56,-67,-0.00138892333639227,-0.00166129432184478
"5900","2014","강원","영월군","초등학교",2014-04-01,"여자",119,126,132,6,-13,-7,0.0476190476190476,-0.0984848484848485,-0.0555555555555556,40263,40319,40330,-56,-67,-0.00138892333639227,-0.00166129432184478
"5901","2014","강원","영월군","초등학교",2014-04-01,"남자",136,144,151,7,-15,-8,0.0486111111111111,-0.0993377483443709,-0.0555555555555556,40263,40319,40330,-56,-67,-0.00138892333639227,-0.00166129432184478
"5902","2014","강원","평창군","초등학교",2014-04-01,"전체",317,344,336,-8,-19,-27,-0.0232558139534884,-0.056547619047619,-0.0784883720930233,43703,43458,43508,245,195,0.00563762713424456,0.00448193435689988
"5903","2014","강원","평창군","초등학교",2014-04-01,"여자",146,168,166,-2,-20,-22,-0.0119047619047619,-0.120481927710843,-0.130952380952381,43703,43458,43508,245,195,0.00563762713424456,0.00448193435689988
"5904","2014","강원","평창군","초등학교",2014-04-01,"남자",171,176,170,-6,1,-5,-0.0340909090909091,0.00588235294117647,-0.0284090909090909,43703,43458,43508,245,195,0.00563762713424456,0.00448193435689988
"5905","2014","강원","정선군","초등학교",2014-04-01,"전체",288,268,272,4,16,20,0.0149253731343284,0.0588235294117647,0.0746268656716418,39698,39903,39858,-205,-160,-0.00513745833646593,-0.00401425058959306
"5906","2014","강원","정선군","초등학교",2014-04-01,"여자",141,135,135,0,6,6,0,0.0444444444444444,0.0444444444444444,39698,39903,39858,-205,-160,-0.00513745833646593,-0.00401425058959306
"5907","2014","강원","정선군","초등학교",2014-04-01,"남자",147,133,137,4,10,14,0.0300751879699248,0.072992700729927,0.105263157894737,39698,39903,39858,-205,-160,-0.00513745833646593,-0.00401425058959306
"5908","2014","강원","철원군","초등학교",2014-04-01,"전체",447,441,444,3,3,6,0.00680272108843537,0.00675675675675676,0.0136054421768707,47433,48034,47728,-601,-295,-0.0125119706874297,-0.00618085819644653
"5909","2014","강원","철원군","초등학교",2014-04-01,"여자",218,208,216,8,2,10,0.0384615384615385,0.00925925925925926,0.0480769230769231,47433,48034,47728,-601,-295,-0.0125119706874297,-0.00618085819644653
"5910","2014","강원","철원군","초등학교",2014-04-01,"남자",229,233,228,-5,1,-4,-0.0214592274678112,0.0043859649122807,-0.0171673819742489,47433,48034,47728,-601,-295,-0.0125119706874297,-0.00618085819644653
"5911","2014","강원","화천군","초등학교",2014-04-01,"전체",239,272,269,-3,-30,-33,-0.0110294117647059,-0.111524163568773,-0.121323529411765,24908,24941,24972,-33,-64,-0.00132312256926346,-0.00256287041486465
"5912","2014","강원","화천군","초등학교",2014-04-01,"여자",124,125,130,5,-6,-1,0.04,-0.0461538461538462,-0.008,24908,24941,24972,-33,-64,-0.00132312256926346,-0.00256287041486465
"5913","2014","강원","화천군","초등학교",2014-04-01,"남자",115,147,139,-8,-24,-32,-0.054421768707483,-0.172661870503597,-0.217687074829932,24908,24941,24972,-33,-64,-0.00132312256926346,-0.00256287041486465
"5914","2014","강원","양구군","초등학교",2014-04-01,"전체",210,221,204,-17,6,-11,-0.0769230769230769,0.0294117647058824,-0.0497737556561086,23731,22674,23143,1057,588,0.0466172708829496,0.0254072505725273
"5915","2014","강원","양구군","초등학교",2014-04-01,"여자",92,109,90,-19,2,-17,-0.174311926605505,0.0222222222222222,-0.155963302752294,23731,22674,23143,1057,588,0.0466172708829496,0.0254072505725273
"5916","2014","강원","양구군","초등학교",2014-04-01,"남자",118,112,114,2,4,6,0.0178571428571429,0.0350877192982456,0.0535714285714286,23731,22674,23143,1057,588,0.0466172708829496,0.0254072505725273
"5917","2014","강원","인제군","초등학교",2014-04-01,"전체",313,310,311,1,2,3,0.0032258064516129,0.00643086816720257,0.00967741935483871,32453,31939,32391,514,62,0.0160931776198378,0.00191411194467599
"5918","2014","강원","인제군","초등학교",2014-04-01,"여자",150,147,158,11,-8,3,0.0748299319727891,-0.0506329113924051,0.0204081632653061,32453,31939,32391,514,62,0.0160931776198378,0.00191411194467599
"5919","2014","강원","인제군","초등학교",2014-04-01,"남자",163,163,153,-10,10,0,-0.0613496932515337,0.065359477124183,0,32453,31939,32391,514,62,0.0160931776198378,0.00191411194467599
"5920","2014","강원","고성군","초등학교",2014-04-01,"전체",167,176,168,-8,-1,-9,-0.0454545454545455,-0.00595238095238095,-0.0511363636363636,30147,30331,29962,-184,185,-0.00606640071214269,0.00617448768440024
"5921","2014","강원","고성군","초등학교",2014-04-01,"여자",71,74,70,-4,1,-3,-0.0540540540540541,0.0142857142857143,-0.0405405405405405,30147,30331,29962,-184,185,-0.00606640071214269,0.00617448768440024
"5922","2014","강원","고성군","초등학교",2014-04-01,"남자",96,102,98,-4,-2,-6,-0.0392156862745098,-0.0204081632653061,-0.0588235294117647,30147,30331,29962,-184,185,-0.00606640071214269,0.00617448768440024
"5923","2014","강원","양양군","초등학교",2014-04-01,"전체",174,170,178,8,-4,4,0.0470588235294118,-0.0224719101123595,0.0235294117647059,27614,27840,27667,-226,-53,-0.00811781609195402,-0.00191563957060758
"5924","2014","강원","양양군","초등학교",2014-04-01,"여자",86,81,83,2,3,5,0.0246913580246914,0.036144578313253,0.0617283950617284,27614,27840,27667,-226,-53,-0.00811781609195402,-0.00191563957060758
"5925","2014","강원","양양군","초등학교",2014-04-01,"남자",88,89,95,6,-7,-1,0.0674157303370786,-0.0736842105263158,-0.0112359550561798,27614,27840,27667,-226,-53,-0.00811781609195402,-0.00191563957060758
"5926","2014","충북","청주시","초등학교",2014-04-01,"전체",7239,7229,7280,51,-41,10,0.00705491769262692,-0.00563186813186813,0.00138331719463273,674341,663388,668896,10953,5445,0.0165106996207348,0.00814027890733388
"5927","2014","충북","청주시","초등학교",2014-04-01,"여자",3490,3502,3516,14,-26,-12,0.00399771559109081,-0.00739476678043231,-0.00342661336379212,674341,663388,668896,10953,5445,0.0165106996207348,0.00814027890733388
"5928","2014","충북","청주시","초등학교",2014-04-01,"남자",3749,3727,3764,37,-15,22,0.00992755567480547,-0.00398512221041445,0.00590287094177623,674341,663388,668896,10953,5445,0.0165106996207348,0.00814027890733388
"5929","2014","충북","충주시","초등학교",2014-04-01,"전체",1845,1897,1933,36,-88,-52,0.0189773326304692,-0.0455250905328505,-0.0274117026884555,208156,208488,208215,-332,-59,-0.00159241778903342,-0.000283360949019043
"5930","2014","충북","충주시","초등학교",2014-04-01,"여자",886,901,929,28,-43,-15,0.0310765815760266,-0.046286329386437,-0.0166481687014428,208156,208488,208215,-332,-59,-0.00159241778903342,-0.000283360949019043
"5931","2014","충북","충주시","초등학교",2014-04-01,"남자",959,996,1004,8,-45,-37,0.00803212851405622,-0.0448207171314741,-0.03714859437751,208156,208488,208215,-332,-59,-0.00159241778903342,-0.000283360949019043
"5932","2014","충북","제천시","초등학교",2014-04-01,"전체",1103,1167,1160,-7,-57,-64,-0.00599828620394173,-0.0491379310344828,-0.0548414738646101,136900,137465,137189,-565,-289,-0.00411013712581384,-0.0021065828892987
"5933","2014","충북","제천시","초등학교",2014-04-01,"여자",538,553,552,-1,-14,-15,-0.00180831826401447,-0.0253623188405797,-0.027124773960217,136900,137465,137189,-565,-289,-0.00411013712581384,-0.0021065828892987
"5934","2014","충북","제천시","초등학교",2014-04-01,"남자",565,614,608,-6,-43,-49,-0.00977198697068404,-0.0707236842105263,-0.0798045602605863,136900,137465,137189,-565,-289,-0.00411013712581384,-0.0021065828892987
"5935","2014","충북","청원군","초등학교",2014-04-01,"전체",1763,2005,1905,-100,-142,-242,-0.0498753117206983,-0.0745406824146982,-0.12069825436409,155247,159203,154494,-3956,753,-0.0248487779752894,0.00487397568837625
"5936","2014","충북","청원군","초등학교",2014-04-01,"여자",838,978,930,-48,-92,-140,-0.049079754601227,-0.0989247311827957,-0.143149284253579,155247,159203,154494,-3956,753,-0.0248487779752894,0.00487397568837625
"5937","2014","충북","청원군","초등학교",2014-04-01,"남자",925,1027,975,-52,-50,-102,-0.0506329113924051,-0.0512820512820513,-0.0993184031158715,155247,159203,154494,-3956,753,-0.0248487779752894,0.00487397568837625
"5938","2014","충북","보은군","초등학교",2014-04-01,"전체",192,192,195,3,-3,0,0.015625,-0.0153846153846154,0,34444,34592,34254,-148,190,-0.00427844588344126,0.0055467974543119
"5939","2014","충북","보은군","초등학교",2014-04-01,"여자",76,99,98,-1,-22,-23,-0.0101010101010101,-0.224489795918367,-0.232323232323232,34444,34592,34254,-148,190,-0.00427844588344126,0.0055467974543119
"5940","2014","충북","보은군","초등학교",2014-04-01,"남자",116,93,97,4,19,23,0.043010752688172,0.195876288659794,0.247311827956989,34444,34592,34254,-148,190,-0.00427844588344126,0.0055467974543119
"5941","2014","충북","옥천군","초등학교",2014-04-01,"전체",396,436,426,-10,-30,-40,-0.0229357798165138,-0.0704225352112676,-0.0917431192660551,52656,53386,52894,-730,-238,-0.0136739969280336,-0.00449956516807199
"5942","2014","충북","옥천군","초등학교",2014-04-01,"여자",195,203,198,-5,-3,-8,-0.0246305418719212,-0.0151515151515152,-0.0394088669950739,52656,53386,52894,-730,-238,-0.0136739969280336,-0.00449956516807199
"5943","2014","충북","옥천군","초등학교",2014-04-01,"남자",201,233,228,-5,-27,-32,-0.0214592274678112,-0.118421052631579,-0.137339055793991,52656,53386,52894,-730,-238,-0.0136739969280336,-0.00449956516807199
"5944","2014","충북","영동군","초등학교",2014-04-01,"전체",342,322,335,13,7,20,0.0403726708074534,0.0208955223880597,0.062111801242236,50471,50653,50610,-182,-139,-0.00359307444771287,-0.00274649278798656
"5945","2014","충북","영동군","초등학교",2014-04-01,"여자",164,145,149,4,15,19,0.0275862068965517,0.100671140939597,0.131034482758621,50471,50653,50610,-182,-139,-0.00359307444771287,-0.00274649278798656
"5946","2014","충북","영동군","초등학교",2014-04-01,"남자",178,177,186,9,-8,1,0.0508474576271186,-0.043010752688172,0.00564971751412429,50471,50653,50610,-182,-139,-0.00359307444771287,-0.00274649278798656
"5947","2014","충북","진천군","초등학교",2014-04-01,"전체",696,683,688,5,8,13,0.00732064421669107,0.0116279069767442,0.0190336749633968,64915,63102,63873,1813,1042,0.0287312604988748,0.0163136223443395
"5948","2014","충북","진천군","초등학교",2014-04-01,"여자",342,334,338,4,4,8,0.0119760479041916,0.0118343195266272,0.0239520958083832,64915,63102,63873,1813,1042,0.0287312604988748,0.0163136223443395
"5949","2014","충북","진천군","초등학교",2014-04-01,"남자",354,349,350,1,4,5,0.00286532951289398,0.0114285714285714,0.0143266475644699,64915,63102,63873,1813,1042,0.0287312604988748,0.0163136223443395
"5950","2014","충북","괴산군","초등학교",2014-04-01,"전체",191,195,201,6,-10,-4,0.0307692307692308,-0.0497512437810945,-0.0205128205128205,38089,37481,37771,608,318,0.0162215522531416,0.00841915755473776
"5951","2014","충북","괴산군","초등학교",2014-04-01,"여자",101,103,105,2,-4,-2,0.0194174757281553,-0.0380952380952381,-0.0194174757281553,38089,37481,37771,608,318,0.0162215522531416,0.00841915755473776
"5952","2014","충북","괴산군","초등학교",2014-04-01,"남자",90,92,96,4,-6,-2,0.0434782608695652,-0.0625,-0.0217391304347826,38089,37481,37771,608,318,0.0162215522531416,0.00841915755473776
"5953","2014","충북","음성군","초등학교",2014-04-01,"전체",838,888,895,7,-57,-50,0.00788288288288288,-0.0636871508379888,-0.0563063063063063,93512,92012,93237,1500,275,0.0163022214493762,0.00294947284876176
"5954","2014","충북","음성군","초등학교",2014-04-01,"여자",400,427,436,9,-36,-27,0.0210772833723653,-0.0825688073394495,-0.063231850117096,93512,92012,93237,1500,275,0.0163022214493762,0.00294947284876176
"5955","2014","충북","음성군","초등학교",2014-04-01,"남자",438,461,459,-2,-21,-23,-0.00433839479392625,-0.0457516339869281,-0.0498915401301518,93512,92012,93237,1500,275,0.0163022214493762,0.00294947284876176
"5956","2014","충북","단양군","초등학교",2014-04-01,"전체",211,207,204,-3,7,4,-0.0144927536231884,0.0343137254901961,0.0193236714975845,31047,31528,31093,-481,-46,-0.0152562801319462,-0.00147943266973274
"5957","2014","충북","단양군","초등학교",2014-04-01,"여자",104,100,98,-2,6,4,-0.02,0.0612244897959184,0.04,31047,31528,31093,-481,-46,-0.0152562801319462,-0.00147943266973274
"5958","2014","충북","단양군","초등학교",2014-04-01,"남자",107,107,106,-1,1,0,-0.00934579439252336,0.00943396226415094,0,31047,31528,31093,-481,-46,-0.0152562801319462,-0.00147943266973274
"5959","2014","충북","증평군","초등학교",2014-04-01,"전체",366,394,405,11,-39,-28,0.0279187817258883,-0.0962962962962963,-0.0710659898477157,34770,34091,34394,679,376,0.0199172802205861,0.0109321393266267
"5960","2014","충북","증평군","초등학교",2014-04-01,"여자",174,187,197,10,-23,-13,0.053475935828877,-0.116751269035533,-0.0695187165775401,34770,34091,34394,679,376,0.0199172802205861,0.0109321393266267
"5961","2014","충북","증평군","초등학교",2014-04-01,"남자",192,207,208,1,-16,-15,0.00483091787439614,-0.0769230769230769,-0.072463768115942,34770,34091,34394,679,376,0.0199172802205861,0.0109321393266267
"5962","2014","충남","천안시","초등학교",2014-04-01,"전체",6787,6873,6839,-34,-52,-86,-0.0049468936417867,-0.00760345079690013,-0.012512730976284,593884,576419,585303,17465,8581,0.0302991400352868,0.014660782534858
"5963","2014","충남","천안시","초등학교",2014-04-01,"여자",3285,3323,3303,-20,-18,-38,-0.00601865783930184,-0.00544959128065395,-0.0114354498946735,593884,576419,585303,17465,8581,0.0302991400352868,0.014660782534858
"5964","2014","충남","천안시","초등학교",2014-04-01,"남자",3502,3550,3536,-14,-34,-48,-0.00394366197183099,-0.00961538461538462,-0.0135211267605634,593884,576419,585303,17465,8581,0.0302991400352868,0.014660782534858
"5965","2014","충남","공주시","초등학교",2014-04-01,"전체",872,983,932,-51,-60,-111,-0.051881993896236,-0.0643776824034335,-0.112919633774161,115862,124158,116909,-8296,-1047,-0.0668180866315501,-0.00895568348031375
"5966","2014","충남","공주시","초등학교",2014-04-01,"여자",405,479,448,-31,-43,-74,-0.0647181628392484,-0.0959821428571429,-0.154488517745303,115862,124158,116909,-8296,-1047,-0.0668180866315501,-0.00895568348031375
"5967","2014","충남","공주시","초등학교",2014-04-01,"남자",467,504,484,-20,-17,-37,-0.0396825396825397,-0.0351239669421488,-0.0734126984126984,115862,124158,116909,-8296,-1047,-0.0668180866315501,-0.00895568348031375
"5968","2014","충남","보령시","초등학교",2014-04-01,"전체",832,914,914,0,-82,-82,0,-0.0897155361050328,-0.0897155361050328,104736,105931,105268,-1195,-532,-0.0112809281513438,-0.00505376752669377
"5969","2014","충남","보령시","초등학교",2014-04-01,"여자",410,460,460,0,-50,-50,0,-0.108695652173913,-0.108695652173913,104736,105931,105268,-1195,-532,-0.0112809281513438,-0.00505376752669377
"5970","2014","충남","보령시","초등학교",2014-04-01,"남자",422,454,454,0,-32,-32,0,-0.0704845814977974,-0.0704845814977974,104736,105931,105268,-1195,-532,-0.0112809281513438,-0.00505376752669377
"5971","2014","충남","아산시","초등학교",2014-04-01,"전체",3711,3879,3892,13,-181,-168,0.00335137922144883,-0.0465056526207605,-0.0433101314771848,290243,276585,283623,13658,6620,0.0493808413326825,0.023340843302553
"5972","2014","충남","아산시","초등학교",2014-04-01,"여자",1772,1864,1859,-5,-87,-92,-0.00268240343347639,-0.0467993544916622,-0.0493562231759657,290243,276585,283623,13658,6620,0.0493808413326825,0.023340843302553
"5973","2014","충남","아산시","초등학교",2014-04-01,"남자",1939,2015,2033,18,-94,-76,0.00893300248138958,-0.0462370880472209,-0.0377171215880893,290243,276585,283623,13658,6620,0.0493808413326825,0.023340843302553
"5974","2014","충남","서산시","초등학교",2014-04-01,"전체",1875,1864,1887,23,-12,11,0.0123390557939914,-0.00635930047694754,0.00590128755364807,166332,161635,163950,4697,2382,0.0290593002753117,0.0145288197621226
"5975","2014","충남","서산시","초등학교",2014-04-01,"여자",909,891,904,13,5,18,0.0145903479236813,0.00553097345132743,0.0202020202020202,166332,161635,163950,4697,2382,0.0290593002753117,0.0145288197621226
"5976","2014","충남","서산시","초등학교",2014-04-01,"남자",966,973,983,10,-17,-7,0.0102774922918808,-0.017293997965412,-0.00719424460431655,166332,161635,163950,4697,2382,0.0290593002753117,0.0145288197621226
"5977","2014","충남","논산시","초등학교",2014-04-01,"전체",1060,1028,1023,-5,37,32,-0.00486381322957198,0.0361681329423265,0.0311284046692607,125308,126649,126005,-1341,-697,-0.0105883188971093,-0.00553152652672513
"5978","2014","충남","논산시","초등학교",2014-04-01,"여자",498,499,506,7,-8,-1,0.0140280561122244,-0.0158102766798419,-0.00200400801603206,125308,126649,126005,-1341,-697,-0.0105883188971093,-0.00553152652672513
"5979","2014","충남","논산시","초등학교",2014-04-01,"남자",562,529,517,-12,45,33,-0.0226843100189036,0.0870406189555126,0.0623818525519849,125308,126649,126005,-1341,-697,-0.0105883188971093,-0.00553152652672513
"5980","2014","충남","계룡시","초등학교",2014-04-01,"전체",483,566,557,-9,-74,-83,-0.0159010600706714,-0.132854578096948,-0.146643109540636,40943,42257,40922,-1314,21,-0.0310954398087891,0.000513171399247349
"5981","2014","충남","계룡시","초등학교",2014-04-01,"여자",242,287,274,-13,-32,-45,-0.0452961672473868,-0.116788321167883,-0.156794425087108,40943,42257,40922,-1314,21,-0.0310954398087891,0.000513171399247349
"5982","2014","충남","계룡시","초등학교",2014-04-01,"남자",241,279,283,4,-42,-38,0.014336917562724,-0.148409893992933,-0.136200716845878,40943,42257,40922,-1314,21,-0.0310954398087891,0.000513171399247349
"5983","2014","충남","금산군","초등학교",2014-04-01,"전체",453,439,436,-3,17,14,-0.00683371298405467,0.0389908256880734,0.0318906605922551,55326,55809,55472,-483,-146,-0.00865451808848035,-0.00263195846553216
"5984","2014","충남","금산군","초등학교",2014-04-01,"여자",233,210,212,2,21,23,0.00952380952380952,0.0990566037735849,0.10952380952381,55326,55809,55472,-483,-146,-0.00865451808848035,-0.00263195846553216
"5985","2014","충남","금산군","초등학교",2014-04-01,"남자",220,229,224,-5,-4,-9,-0.0218340611353712,-0.0178571428571429,-0.0393013100436681,55326,55809,55472,-483,-146,-0.00865451808848035,-0.00263195846553216
"5986","2014","충남","부여군","초등학교",2014-04-01,"전체",444,453,443,-10,1,-9,-0.022075055187638,0.00225733634311512,-0.0198675496688742,72151,73601,72921,-1450,-770,-0.0197008192823467,-0.0105593724715788
"5987","2014","충남","부여군","초등학교",2014-04-01,"여자",211,219,214,-5,-3,-8,-0.0228310502283105,-0.014018691588785,-0.0365296803652968,72151,73601,72921,-1450,-770,-0.0197008192823467,-0.0105593724715788
"5988","2014","충남","부여군","초등학교",2014-04-01,"남자",233,234,229,-5,4,-1,-0.0213675213675214,0.0174672489082969,-0.00427350427350427,72151,73601,72921,-1450,-770,-0.0197008192823467,-0.0105593724715788
"5989","2014","충남","서천군","초등학교",2014-04-01,"전체",335,355,347,-8,-12,-20,-0.0225352112676056,-0.0345821325648415,-0.0563380281690141,58117,59259,58657,-1142,-540,-0.0192713343120876,-0.00920606236254837
"5990","2014","충남","서천군","초등학교",2014-04-01,"여자",167,177,175,-2,-8,-10,-0.0112994350282486,-0.0457142857142857,-0.0564971751412429,58117,59259,58657,-1142,-540,-0.0192713343120876,-0.00920606236254837
"5991","2014","충남","서천군","초등학교",2014-04-01,"남자",168,178,172,-6,-4,-10,-0.0337078651685393,-0.0232558139534884,-0.0561797752808989,58117,59259,58657,-1142,-540,-0.0192713343120876,-0.00920606236254837
"5992","2014","충남","청양군","초등학교",2014-04-01,"전체",163,185,191,6,-28,-22,0.0324324324324324,-0.146596858638743,-0.118918918918919,32202,32191,32120,11,82,0.00034171041595477,0.00255292652552927
"5993","2014","충남","청양군","초등학교",2014-04-01,"여자",86,90,92,2,-6,-4,0.0222222222222222,-0.0652173913043478,-0.0444444444444444,32202,32191,32120,11,82,0.00034171041595477,0.00255292652552927
"5994","2014","충남","청양군","초등학교",2014-04-01,"남자",77,95,99,4,-22,-18,0.0421052631578947,-0.222222222222222,-0.189473684210526,32202,32191,32120,11,82,0.00034171041595477,0.00255292652552927
"5995","2014","충남","홍성군","초등학교",2014-04-01,"전체",774,697,725,28,49,77,0.0401721664275466,0.0675862068965517,0.110473457675753,90243,88003,89258,2240,985,0.0254536777155324,0.0110354253960429
"5996","2014","충남","홍성군","초등학교",2014-04-01,"여자",376,359,371,12,5,17,0.0334261838440111,0.0134770889487871,0.0473537604456825,90243,88003,89258,2240,985,0.0254536777155324,0.0110354253960429
"5997","2014","충남","홍성군","초등학교",2014-04-01,"남자",398,338,354,16,44,60,0.0473372781065089,0.124293785310734,0.177514792899408,90243,88003,89258,2240,985,0.0254536777155324,0.0110354253960429
"5998","2014","충남","예산군","초등학교",2014-04-01,"전체",616,610,608,-2,8,6,-0.00327868852459016,0.0131578947368421,0.00983606557377049,85027,86276,85555,-1249,-528,-0.0144767954008067,-0.0061714686459003
"5999","2014","충남","예산군","초등학교",2014-04-01,"여자",276,282,281,-1,-5,-6,-0.00354609929078014,-0.0177935943060498,-0.0212765957446809,85027,86276,85555,-1249,-528,-0.0144767954008067,-0.0061714686459003
"6000","2014","충남","예산군","초등학교",2014-04-01,"남자",340,328,327,-1,13,12,-0.00304878048780488,0.0397553516819572,0.0365853658536585,85027,86276,85555,-1249,-528,-0.0144767954008067,-0.0061714686459003
"6001","2014","충남","태안군","초등학교",2014-04-01,"전체",437,432,431,-1,6,5,-0.00231481481481481,0.0139211136890951,0.0115740740740741,62348,62548,62510,-200,-162,-0.00319754428598836,-0.00259158534634458
"6002","2014","충남","태안군","초등학교",2014-04-01,"여자",203,200,203,3,0,3,0.015,0,0.015,62348,62548,62510,-200,-162,-0.00319754428598836,-0.00259158534634458
"6003","2014","충남","태안군","초등학교",2014-04-01,"남자",234,232,228,-4,6,2,-0.0172413793103448,0.0263157894736842,0.00862068965517241,62348,62548,62510,-200,-162,-0.00319754428598836,-0.00259158534634458
"6004","2014","충남","당진시","초등학교",2014-04-01,"전체",1772,1773,1831,58,-59,-1,0.0327129159616469,-0.0322228290551611,-0.000564015792442188,161115,152074,156473,9041,4642,0.0594513197522259,0.0296664600282477
"6005","2014","충남","당진시","초등학교",2014-04-01,"여자",852,871,882,11,-30,-19,0.0126291618828932,-0.0340136054421769,-0.0218140068886338,161115,152074,156473,9041,4642,0.0594513197522259,0.0296664600282477
"6006","2014","충남","당진시","초등학교",2014-04-01,"남자",920,902,949,47,-29,18,0.0521064301552106,-0.0305584826132771,0.0199556541019956,161115,152074,156473,9041,4642,0.0594513197522259,0.0296664600282477
"6007","2014","전북","전주시","초등학교",2014-04-01,"전체",6682,6572,6612,40,70,110,0.00608642726719416,0.0105868118572293,0.0167376749847839,650945,648134,649615,2811,1330,0.00433706610052859,0.00204736651709089
"6008","2014","전북","전주시","초등학교",2014-04-01,"여자",3186,3139,3162,23,24,47,0.00732717425931825,0.00759013282732448,0.0149729213125199,650945,648134,649615,2811,1330,0.00433706610052859,0.00204736651709089
"6009","2014","전북","전주시","초등학교",2014-04-01,"남자",3496,3433,3450,17,46,63,0.00495193708127003,0.0133333333333333,0.0183512962423536,650945,648134,649615,2811,1330,0.00433706610052859,0.00204736651709089
"6010","2014","전북","군산시","초등학교",2014-04-01,"전체",2805,2851,2860,9,-55,-46,0.00315678709224833,-0.0192307692307692,-0.0161346895826026,278132,277561,278570,571,-438,0.00205720544312782,-0.00157231575546541
"6011","2014","전북","군산시","초등학교",2014-04-01,"여자",1375,1375,1362,-13,13,0,-0.00945454545454546,0.00954478707782672,0,278132,277561,278570,571,-438,0.00205720544312782,-0.00157231575546541
"6012","2014","전북","군산시","초등학교",2014-04-01,"남자",1430,1476,1498,22,-68,-46,0.0149051490514905,-0.0453938584779706,-0.0311653116531165,278132,277561,278570,571,-438,0.00205720544312782,-0.00157231575546541
"6013","2014","전북","익산시","초등학교",2014-04-01,"전체",2904,2957,2972,15,-68,-53,0.00507270882651336,-0.0228802153432032,-0.0179235711870139,305363,308204,306690,-2841,-1327,-0.00921792059804545,-0.00432684469659917
"6014","2014","전북","익산시","초등학교",2014-04-01,"여자",1440,1460,1453,-7,-13,-20,-0.00479452054794521,-0.00894700619408121,-0.0136986301369863,305363,308204,306690,-2841,-1327,-0.00921792059804545,-0.00432684469659917
"6015","2014","전북","익산시","초등학교",2014-04-01,"남자",1464,1497,1519,22,-55,-33,0.0146960587842351,-0.0362080315997367,-0.0220440881763527,305363,308204,306690,-2841,-1327,-0.00921792059804545,-0.00432684469659917
"6016","2014","전북","정읍시","초등학교",2014-04-01,"전체",960,938,930,-8,30,22,-0.00852878464818763,0.032258064516129,0.023454157782516,117848,119922,118897,-2074,-1049,-0.0172945748069579,-0.00882276255918989
"6017","2014","전북","정읍시","초등학교",2014-04-01,"여자",471,437,435,-2,36,34,-0.0045766590389016,0.0827586206896552,0.0778032036613272,117848,119922,118897,-2074,-1049,-0.0172945748069579,-0.00882276255918989
"6018","2014","전북","정읍시","초등학교",2014-04-01,"남자",489,501,495,-6,-6,-12,-0.0119760479041916,-0.0121212121212121,-0.0239520958083832,117848,119922,118897,-2074,-1049,-0.0172945748069579,-0.00882276255918989
"6019","2014","전북","남원시","초등학교",2014-04-01,"전체",730,699,712,13,18,31,0.0185979971387697,0.0252808988764045,0.0443490701001431,86206,87257,86788,-1051,-582,-0.0120448789208889,-0.00670599622067567
"6020","2014","전북","남원시","초등학교",2014-04-01,"여자",366,342,349,7,17,24,0.0204678362573099,0.0487106017191977,0.0701754385964912,86206,87257,86788,-1051,-582,-0.0120448789208889,-0.00670599622067567
"6021","2014","전북","남원시","초등학교",2014-04-01,"남자",364,357,363,6,1,7,0.0168067226890756,0.00275482093663912,0.0196078431372549,86206,87257,86788,-1051,-582,-0.0120448789208889,-0.00670599622067567
"6022","2014","전북","김제시","초등학교",2014-04-01,"전체",667,675,675,0,-8,-8,0,-0.0118518518518519,-0.0118518518518519,90960,92732,91890,-1772,-930,-0.0191088297459345,-0.010120796604636
"6023","2014","전북","김제시","초등학교",2014-04-01,"여자",333,361,359,-2,-26,-28,-0.00554016620498615,-0.0724233983286908,-0.0775623268698061,90960,92732,91890,-1772,-930,-0.0191088297459345,-0.010120796604636
"6024","2014","전북","김제시","초등학교",2014-04-01,"남자",334,314,316,2,18,20,0.00636942675159236,0.0569620253164557,0.0636942675159236,90960,92732,91890,-1772,-930,-0.0191088297459345,-0.010120796604636
"6025","2014","전북","완주군","초등학교",2014-04-01,"전체",921,883,921,38,0,38,0.043035107587769,0,0.043035107587769,87624,85011,86457,2613,1167,0.0307371987154604,0.0134980394878379
"6026","2014","전북","완주군","초등학교",2014-04-01,"여자",444,436,455,19,-11,8,0.0435779816513761,-0.0241758241758242,0.018348623853211,87624,85011,86457,2613,1167,0.0307371987154604,0.0134980394878379
"6027","2014","전북","완주군","초등학교",2014-04-01,"남자",477,447,466,19,11,30,0.0425055928411633,0.0236051502145923,0.0671140939597315,87624,85011,86457,2613,1167,0.0307371987154604,0.0134980394878379
"6028","2014","전북","진안군","초등학교",2014-04-01,"전체",163,202,187,-15,-24,-39,-0.0742574257425743,-0.128342245989305,-0.193069306930693,27000,27284,26858,-284,142,-0.0104090309338807,0.00528706530642639
"6029","2014","전북","진안군","초등학교",2014-04-01,"여자",83,95,94,-1,-11,-12,-0.0105263157894737,-0.117021276595745,-0.126315789473684,27000,27284,26858,-284,142,-0.0104090309338807,0.00528706530642639
"6030","2014","전북","진안군","초등학교",2014-04-01,"남자",80,107,93,-14,-13,-27,-0.130841121495327,-0.139784946236559,-0.252336448598131,27000,27284,26858,-284,142,-0.0104090309338807,0.00528706530642639
"6031","2014","전북","무주군","초등학교",2014-04-01,"전체",210,217,215,-2,-5,-7,-0.00921658986175115,-0.0232558139534884,-0.032258064516129,25475,25387,25286,88,189,0.00346634104069012,0.00747449181365182
"6032","2014","전북","무주군","초등학교",2014-04-01,"여자",110,102,105,3,5,8,0.0294117647058824,0.0476190476190476,0.0784313725490196,25475,25387,25286,88,189,0.00346634104069012,0.00747449181365182
"6033","2014","전북","무주군","초등학교",2014-04-01,"남자",100,115,110,-5,-10,-15,-0.0434782608695652,-0.0909090909090909,-0.130434782608696,25475,25387,25286,88,189,0.00346634104069012,0.00747449181365182
"6034","2014","전북","장수군","초등학교",2014-04-01,"전체",179,196,192,-4,-13,-17,-0.0204081632653061,-0.0677083333333333,-0.086734693877551,23427,23195,23139,232,288,0.0100021556369907,0.0124465188642552
"6035","2014","전북","장수군","초등학교",2014-04-01,"여자",103,103,98,-5,5,0,-0.0485436893203883,0.0510204081632653,0,23427,23195,23139,232,288,0.0100021556369907,0.0124465188642552
"6036","2014","전북","장수군","초등학교",2014-04-01,"남자",76,93,94,1,-18,-17,0.010752688172043,-0.191489361702128,-0.182795698924731,23427,23195,23139,232,288,0.0100021556369907,0.0124465188642552
"6037","2014","전북","임실군","초등학교",2014-04-01,"전체",163,177,172,-5,-9,-14,-0.0282485875706215,-0.0523255813953488,-0.0790960451977401,29953,30247,29742,-294,211,-0.00971997222865078,0.00709434469773384
"6038","2014","전북","임실군","초등학교",2014-04-01,"여자",79,88,91,3,-12,-9,0.0340909090909091,-0.131868131868132,-0.102272727272727,29953,30247,29742,-294,211,-0.00971997222865078,0.00709434469773384
"6039","2014","전북","임실군","초등학교",2014-04-01,"남자",84,89,81,-8,3,-5,-0.0898876404494382,0.037037037037037,-0.0561797752808989,29953,30247,29742,-294,211,-0.00971997222865078,0.00709434469773384
"6040","2014","전북","순창군","초등학교",2014-04-01,"전체",208,237,221,-16,-13,-29,-0.0675105485232067,-0.0588235294117647,-0.122362869198312,29888,29499,29545,389,343,0.0131868876911082,0.0116094093755289
"6041","2014","전북","순창군","초등학교",2014-04-01,"여자",97,117,108,-9,-11,-20,-0.0769230769230769,-0.101851851851852,-0.170940170940171,29888,29499,29545,389,343,0.0131868876911082,0.0116094093755289
"6042","2014","전북","순창군","초등학교",2014-04-01,"남자",111,120,113,-7,-2,-9,-0.0583333333333333,-0.0176991150442478,-0.075,29888,29499,29545,389,343,0.0131868876911082,0.0116094093755289
"6043","2014","전북","고창군","초등학교",2014-04-01,"전체",400,393,396,3,4,7,0.00763358778625954,0.0101010101010101,0.0178117048346056,60148,60085,60130,63,18,0.00104851460431056,0.000299351405288541
"6044","2014","전북","고창군","초등학교",2014-04-01,"여자",192,186,193,7,-1,6,0.0376344086021505,-0.00518134715025907,0.032258064516129,60148,60085,60130,63,18,0.00104851460431056,0.000299351405288541
"6045","2014","전북","고창군","초등학교",2014-04-01,"남자",208,207,203,-4,5,1,-0.0193236714975845,0.0246305418719212,0.00483091787439614,60148,60085,60130,63,18,0.00104851460431056,0.000299351405288541
"6046","2014","전북","부안군","초등학교",2014-04-01,"전체",355,392,392,0,-37,-37,0,-0.0943877551020408,-0.0943877551020408,58205,58815,58372,-610,-167,-0.0103715038680609,-0.00286096073459878
"6047","2014","전북","부안군","초등학교",2014-04-01,"여자",177,191,194,3,-17,-14,0.0157068062827225,-0.0876288659793814,-0.0732984293193717,58205,58815,58372,-610,-167,-0.0103715038680609,-0.00286096073459878
"6048","2014","전북","부안군","초등학교",2014-04-01,"남자",178,201,198,-3,-20,-23,-0.0149253731343284,-0.101010101010101,-0.114427860696517,58205,58815,58372,-610,-167,-0.0103715038680609,-0.00286096073459878
"6049","2014","전남","목포시","초등학교",2014-04-01,"전체",2754,2653,2629,-24,125,101,-0.00904636260836789,0.0475465956637505,0.0380701093102149,239403,244619,243295,-5216,-3892,-0.0213229552896545,-0.0159970406296882
"6050","2014","전남","목포시","초등학교",2014-04-01,"여자",1329,1291,1272,-19,57,38,-0.0147172734314485,0.044811320754717,0.029434546862897,239403,244619,243295,-5216,-3892,-0.0213229552896545,-0.0159970406296882
"6051","2014","전남","목포시","초등학교",2014-04-01,"남자",1425,1362,1357,-5,68,63,-0.00367107195301028,0.0501105379513633,0.0462555066079295,239403,244619,243295,-5216,-3892,-0.0213229552896545,-0.0159970406296882
"6052","2014","전남","여수시","초등학교",2014-04-01,"전체",2671,2775,2767,-8,-96,-104,-0.00288288288288288,-0.0346946151066137,-0.0374774774774775,290847,292711,292053,-1864,-1206,-0.00636805586397505,-0.00412938747419133
"6053","2014","전남","여수시","초등학교",2014-04-01,"여자",1335,1372,1375,3,-40,-37,0.0021865889212828,-0.0290909090909091,-0.0269679300291545,290847,292711,292053,-1864,-1206,-0.00636805586397505,-0.00412938747419133
"6054","2014","전남","여수시","초등학교",2014-04-01,"남자",1336,1403,1392,-11,-56,-67,-0.00784034212401996,-0.0402298850574713,-0.0477548111190306,290847,292711,292053,-1864,-1206,-0.00636805586397505,-0.00412938747419133
"6055","2014","전남","순천시","초등학교",2014-04-01,"전체",2875,2651,2748,97,127,224,0.036589966050547,0.0462154294032023,0.0844964164466239,276828,272726,274446,4102,2382,0.015040736856772,0.0086793030322905
"6056","2014","전남","순천시","초등학교",2014-04-01,"여자",1348,1278,1321,43,27,70,0.0336463223787167,0.020439061317184,0.054773082942097,276828,272726,274446,4102,2382,0.015040736856772,0.0086793030322905
"6057","2014","전남","순천시","초등학교",2014-04-01,"남자",1527,1373,1427,54,100,154,0.0393299344501093,0.0700770847932726,0.112163146394756,276828,272726,274446,4102,2382,0.015040736856772,0.0086793030322905
"6058","2014","전남","나주시","초등학교",2014-04-01,"전체",593,638,643,5,-50,-45,0.00783699059561128,-0.0777604976671851,-0.0705329153605016,89598,88169,87972,1429,1626,0.0162075105762796,0.0184831537307325
"6059","2014","전남","나주시","초등학교",2014-04-01,"여자",280,294,293,-1,-13,-14,-0.00340136054421769,-0.0443686006825939,-0.0476190476190476,89598,88169,87972,1429,1626,0.0162075105762796,0.0184831537307325
"6060","2014","전남","나주시","초등학교",2014-04-01,"남자",313,344,350,6,-37,-31,0.0174418604651163,-0.105714285714286,-0.0901162790697674,89598,88169,87972,1429,1626,0.0162075105762796,0.0184831537307325
"6061","2014","전남","광양시","초등학교",2014-04-01,"전체",1613,1724,1690,-34,-77,-111,-0.0197215777262181,-0.0455621301775148,-0.064385150812065,151691,150797,150985,894,706,0.00592849990384424,0.0046759611881975
"6062","2014","전남","광양시","초등학교",2014-04-01,"여자",765,808,802,-6,-37,-43,-0.00742574257425743,-0.0461346633416459,-0.0532178217821782,151691,150797,150985,894,706,0.00592849990384424,0.0046759611881975
"6063","2014","전남","광양시","초등학교",2014-04-01,"남자",848,916,888,-28,-40,-68,-0.0305676855895196,-0.045045045045045,-0.074235807860262,151691,150797,150985,894,706,0.00592849990384424,0.0046759611881975
"6064","2014","전남","담양군","초등학교",2014-04-01,"전체",234,288,286,-2,-52,-54,-0.00694444444444444,-0.181818181818182,-0.1875,47410,47202,47353,208,57,0.00440659294097708,0.00120372521276371
"6065","2014","전남","담양군","초등학교",2014-04-01,"여자",117,145,137,-8,-20,-28,-0.0551724137931034,-0.145985401459854,-0.193103448275862,47410,47202,47353,208,57,0.00440659294097708,0.00120372521276371
"6066","2014","전남","담양군","초등학교",2014-04-01,"남자",117,143,149,6,-32,-26,0.041958041958042,-0.214765100671141,-0.181818181818182,47410,47202,47353,208,57,0.00440659294097708,0.00120372521276371
"6067","2014","전남","곡성군","초등학교",2014-04-01,"전체",154,177,172,-5,-18,-23,-0.0282485875706215,-0.104651162790698,-0.129943502824859,31218,31073,31352,145,-134,0.0046664306632768,-0.00427404950242409
"6068","2014","전남","곡성군","초등학교",2014-04-01,"여자",73,89,89,0,-16,-16,0,-0.179775280898876,-0.179775280898876,31218,31073,31352,145,-134,0.0046664306632768,-0.00427404950242409
"6069","2014","전남","곡성군","초등학교",2014-04-01,"남자",81,88,83,-5,-2,-7,-0.0568181818181818,-0.0240963855421687,-0.0795454545454545,31218,31073,31352,145,-134,0.0046664306632768,-0.00427404950242409
"6070","2014","전남","구례군","초등학교",2014-04-01,"전체",185,183,180,-3,5,2,-0.0163934426229508,0.0277777777777778,0.0109289617486339,27225,27256,27058,-31,167,-0.00113736425007338,0.00617192697169044
"6071","2014","전남","구례군","초등학교",2014-04-01,"여자",87,73,80,7,7,14,0.0958904109589041,0.0875,0.191780821917808,27225,27256,27058,-31,167,-0.00113736425007338,0.00617192697169044
"6072","2014","전남","구례군","초등학교",2014-04-01,"남자",98,110,100,-10,-2,-12,-0.0909090909090909,-0.02,-0.109090909090909,27225,27256,27058,-31,167,-0.00113736425007338,0.00617192697169044
"6073","2014","전남","고흥군","초등학교",2014-04-01,"전체",389,405,403,-2,-14,-16,-0.00493827160493827,-0.0347394540942928,-0.0395061728395062,70393,72207,71058,-1814,-665,-0.0251222180675004,-0.00935855216865096
"6074","2014","전남","고흥군","초등학교",2014-04-01,"여자",185,192,187,-5,-2,-7,-0.0260416666666667,-0.0106951871657754,-0.0364583333333333,70393,72207,71058,-1814,-665,-0.0251222180675004,-0.00935855216865096
"6075","2014","전남","고흥군","초등학교",2014-04-01,"남자",204,213,216,3,-12,-9,0.0140845070422535,-0.0555555555555556,-0.0422535211267606,70393,72207,71058,-1814,-665,-0.0251222180675004,-0.00935855216865096
"6076","2014","전남","보성군","초등학교",2014-04-01,"전체",258,354,320,-34,-62,-96,-0.096045197740113,-0.19375,-0.271186440677966,46309,47633,46832,-1324,-523,-0.0277958558142464,-0.0111675777246327
"6077","2014","전남","보성군","초등학교",2014-04-01,"여자",127,169,151,-18,-24,-42,-0.106508875739645,-0.158940397350993,-0.248520710059172,46309,47633,46832,-1324,-523,-0.0277958558142464,-0.0111675777246327
"6078","2014","전남","보성군","초등학교",2014-04-01,"남자",131,185,169,-16,-38,-54,-0.0864864864864865,-0.224852071005917,-0.291891891891892,46309,47633,46832,-1324,-523,-0.0277958558142464,-0.0111675777246327
"6079","2014","전남","화순군","초등학교",2014-04-01,"전체",610,653,641,-12,-31,-43,-0.0183767228177642,-0.0483619344773791,-0.0658499234303216,67526,68758,68139,-1232,-613,-0.0179179150062538,-0.00899631635333656
"6080","2014","전남","화순군","초등학교",2014-04-01,"여자",313,322,312,-10,1,-9,-0.031055900621118,0.00320512820512821,-0.0279503105590062,67526,68758,68139,-1232,-613,-0.0179179150062538,-0.00899631635333656
"6081","2014","전남","화순군","초등학교",2014-04-01,"남자",297,331,329,-2,-32,-34,-0.00604229607250755,-0.0972644376899696,-0.102719033232628,67526,68758,68139,-1232,-613,-0.0179179150062538,-0.00899631635333656
"6082","2014","전남","장흥군","초등학교",2014-04-01,"전체",264,250,249,-1,15,14,-0.004,0.0602409638554217,0.056,41729,41939,41731,-210,-2,-0.00500727246715468,-4.79260022525221e-05
"6083","2014","전남","장흥군","초등학교",2014-04-01,"여자",127,121,124,3,3,6,0.0247933884297521,0.0241935483870968,0.0495867768595041,41729,41939,41731,-210,-2,-0.00500727246715468,-4.79260022525221e-05
"6084","2014","전남","장흥군","초등학교",2014-04-01,"남자",137,129,125,-4,12,8,-0.0310077519379845,0.096,0.062015503875969,41729,41939,41731,-210,-2,-0.00500727246715468,-4.79260022525221e-05
"6085","2014","전남","강진군","초등학교",2014-04-01,"전체",251,308,287,-21,-36,-57,-0.0681818181818182,-0.125435540069686,-0.185064935064935,39892,40271,40043,-379,-151,-0.00941123885674555,-0.00377094623279974
"6086","2014","전남","강진군","초등학교",2014-04-01,"여자",132,160,146,-14,-14,-28,-0.0875,-0.0958904109589041,-0.175,39892,40271,40043,-379,-151,-0.00941123885674555,-0.00377094623279974
"6087","2014","전남","강진군","초등학교",2014-04-01,"남자",119,148,141,-7,-22,-29,-0.0472972972972973,-0.156028368794326,-0.195945945945946,39892,40271,40043,-379,-151,-0.00941123885674555,-0.00377094623279974
"6088","2014","전남","해남군","초등학교",2014-04-01,"전체",502,564,561,-3,-59,-62,-0.00531914893617021,-0.105169340463458,-0.109929078014184,77419,78429,77967,-1010,-548,-0.0128778895561591,-0.00702861467030923
"6089","2014","전남","해남군","초등학교",2014-04-01,"여자",262,271,271,0,-9,-9,0,-0.033210332103321,-0.033210332103321,77419,78429,77967,-1010,-548,-0.0128778895561591,-0.00702861467030923
"6090","2014","전남","해남군","초등학교",2014-04-01,"남자",240,293,290,-3,-50,-53,-0.0102389078498294,-0.172413793103448,-0.180887372013652,77419,78429,77967,-1010,-548,-0.0128778895561591,-0.00702861467030923
"6091","2014","전남","영암군","초등학교",2014-04-01,"전체",496,602,583,-19,-87,-106,-0.0315614617940199,-0.149228130360206,-0.176079734219269,59250,60178,59873,-928,-623,-0.0154209179434345,-0.0104053580077831
"6092","2014","전남","영암군","초등학교",2014-04-01,"여자",256,321,313,-8,-57,-65,-0.0249221183800623,-0.182108626198083,-0.202492211838006,59250,60178,59873,-928,-623,-0.0154209179434345,-0.0104053580077831
"6093","2014","전남","영암군","초등학교",2014-04-01,"남자",240,281,270,-11,-30,-41,-0.0391459074733096,-0.111111111111111,-0.145907473309609,59250,60178,59873,-928,-623,-0.0154209179434345,-0.0104053580077831
"6094","2014","전남","무안군","초등학교",2014-04-01,"전체",782,777,802,25,-20,5,0.0321750321750322,-0.0249376558603491,0.00643500643500643,80425,76070,76347,4355,4078,0.0572499014065992,0.0534140175776389
"6095","2014","전남","무안군","초등학교",2014-04-01,"여자",383,367,379,12,4,16,0.0326975476839237,0.0105540897097625,0.0435967302452316,80425,76070,76347,4355,4078,0.0572499014065992,0.0534140175776389
"6096","2014","전남","무안군","초등학교",2014-04-01,"남자",399,410,423,13,-24,-11,0.0317073170731707,-0.0567375886524823,-0.0268292682926829,80425,76070,76347,4355,4078,0.0572499014065992,0.0534140175776389
"6097","2014","전남","함평군","초등학교",2014-04-01,"전체",193,217,204,-13,-11,-24,-0.0599078341013825,-0.053921568627451,-0.110599078341014,35489,36088,35562,-599,-73,-0.0165983152294391,-0.00205275293852989
"6098","2014","전남","함평군","초등학교",2014-04-01,"여자",94,112,100,-12,-6,-18,-0.107142857142857,-0.06,-0.160714285714286,35489,36088,35562,-599,-73,-0.0165983152294391,-0.00205275293852989
"6099","2014","전남","함평군","초등학교",2014-04-01,"남자",99,105,104,-1,-5,-6,-0.00952380952380952,-0.0480769230769231,-0.0571428571428571,35489,36088,35562,-599,-73,-0.0165983152294391,-0.00205275293852989
"6100","2014","전남","영광군","초등학교",2014-04-01,"전체",421,474,463,-11,-42,-53,-0.0232067510548523,-0.0907127429805616,-0.111814345991561,57359,56759,57534,600,-175,0.0105710107648126,-0.00304167970243682
"6101","2014","전남","영광군","초등학교",2014-04-01,"여자",203,245,243,-2,-40,-42,-0.00816326530612245,-0.164609053497942,-0.171428571428571,57359,56759,57534,600,-175,0.0105710107648126,-0.00304167970243682
"6102","2014","전남","영광군","초등학교",2014-04-01,"남자",218,229,220,-9,-2,-11,-0.0393013100436681,-0.00909090909090909,-0.0480349344978166,57359,56759,57534,600,-175,0.0105710107648126,-0.00304167970243682
"6103","2014","전남","장성군","초등학교",2014-04-01,"전체",343,336,331,-5,12,7,-0.0148809523809524,0.0362537764350453,0.0208333333333333,46506,46171,46114,335,392,0.00725563665504321,0.00850067224703994
"6104","2014","전남","장성군","초등학교",2014-04-01,"여자",161,159,158,-1,3,2,-0.00628930817610063,0.0189873417721519,0.0125786163522013,46506,46171,46114,335,392,0.00725563665504321,0.00850067224703994
"6105","2014","전남","장성군","초등학교",2014-04-01,"남자",182,177,173,-4,9,5,-0.0225988700564972,0.0520231213872832,0.0282485875706215,46506,46171,46114,335,392,0.00725563665504321,0.00850067224703994
"6106","2014","전남","완도군","초등학교",2014-04-01,"전체",374,382,383,1,-9,-8,0.00261780104712042,-0.0234986945169713,-0.0209424083769634,53454,53953,53663,-499,-209,-0.00924879061405297,-0.00389467603376628
"6107","2014","전남","완도군","초등학교",2014-04-01,"여자",187,199,200,1,-13,-12,0.0050251256281407,-0.065,-0.0603015075376884,53454,53953,53663,-499,-209,-0.00924879061405297,-0.00389467603376628
"6108","2014","전남","완도군","초등학교",2014-04-01,"남자",187,183,183,0,4,4,0,0.0218579234972678,0.0218579234972678,53454,53953,53663,-499,-209,-0.00924879061405297,-0.00389467603376628
"6109","2014","전남","진도군","초등학교",2014-04-01,"전체",240,237,238,1,2,3,0.00421940928270042,0.00840336134453781,0.0126582278481013,32945,33392,33147,-447,-202,-0.0133864398658361,-0.0060940658279784
"6110","2014","전남","진도군","초등학교",2014-04-01,"여자",126,124,124,0,2,2,0,0.0161290322580645,0.0161290322580645,32945,33392,33147,-447,-202,-0.0133864398658361,-0.0060940658279784
"6111","2014","전남","진도군","초등학교",2014-04-01,"남자",114,113,114,1,0,1,0.00884955752212389,0,0.00884955752212389,32945,33392,33147,-447,-202,-0.0133864398658361,-0.0060940658279784
"6112","2014","전남","신안군","초등학교",2014-04-01,"전체",175,238,234,-4,-59,-63,-0.0168067226890756,-0.252136752136752,-0.264705882352941,44427,44132,43953,295,474,0.00668449197860963,0.0107842468090915
"6113","2014","전남","신안군","초등학교",2014-04-01,"여자",76,106,106,0,-30,-30,0,-0.283018867924528,-0.283018867924528,44427,44132,43953,295,474,0.00668449197860963,0.0107842468090915
"6114","2014","전남","신안군","초등학교",2014-04-01,"남자",99,132,128,-4,-29,-33,-0.0303030303030303,-0.2265625,-0.25,44427,44132,43953,295,474,0.00668449197860963,0.0107842468090915
"6115","2014","경북","포항시","초등학교",2014-04-01,"전체",4684,4704,4736,32,-52,-20,0.00680272108843537,-0.0109797297297297,-0.00425170068027211,519111,517668,518956,1443,155,0.00278750086928302,0.000298676573736502
"6116","2014","경북","포항시","초등학교",2014-04-01,"여자",2256,2306,2321,15,-65,-50,0.00650477016478751,-0.028005170185265,-0.0216825672159584,519111,517668,518956,1443,155,0.00278750086928302,0.000298676573736502
"6117","2014","경북","포항시","초등학교",2014-04-01,"남자",2428,2398,2415,17,13,30,0.00708924103419516,0.00538302277432712,0.0125104253544621,519111,517668,518956,1443,155,0.00278750086928302,0.000298676573736502
"6118","2014","경북","경주시","초등학교",2014-04-01,"전체",2153,2220,2197,-23,-44,-67,-0.0103603603603604,-0.0200273099681384,-0.0301801801801802,262905,264899,263663,-1994,-758,-0.00752739723441765,-0.00287488195158213
"6119","2014","경북","경주시","초등학교",2014-04-01,"여자",1042,1049,1049,0,-7,-7,0,-0.00667302192564347,-0.00667302192564347,262905,264899,263663,-1994,-758,-0.00752739723441765,-0.00287488195158213
"6120","2014","경북","경주시","초등학교",2014-04-01,"남자",1111,1171,1148,-23,-37,-60,-0.0196413321947054,-0.0322299651567944,-0.0512382578992314,262905,264899,263663,-1994,-758,-0.00752739723441765,-0.00287488195158213
"6121","2014","경북","김천시","초등학교",2014-04-01,"전체",1031,1126,1121,-5,-90,-95,-0.0044404973357016,-0.08028545941124,-0.0843694493783304,134737,135302,135082,-565,-345,-0.00417584366823846,-0.00255400423446499
"6122","2014","경북","김천시","초등학교",2014-04-01,"여자",490,517,512,-5,-22,-27,-0.00967117988394584,-0.04296875,-0.0522243713733075,134737,135302,135082,-565,-345,-0.00417584366823846,-0.00255400423446499
"6123","2014","경북","김천시","초등학교",2014-04-01,"남자",541,609,609,0,-68,-68,0,-0.111658456486043,-0.111658456486043,134737,135302,135082,-565,-345,-0.00417584366823846,-0.00255400423446499
"6124","2014","경북","안동시","초등학교",2014-04-01,"전체",1388,1449,1423,-26,-35,-61,-0.0179434092477571,-0.0245959241040056,-0.0420979986197378,167743,167919,167676,-176,67,-0.00104812439330868,0.000399580142656075
"6125","2014","경북","안동시","초등학교",2014-04-01,"여자",662,695,689,-6,-27,-33,-0.00863309352517986,-0.0391872278664731,-0.0474820143884892,167743,167919,167676,-176,67,-0.00104812439330868,0.000399580142656075
"6126","2014","경북","안동시","초등학교",2014-04-01,"남자",726,754,734,-20,-8,-28,-0.026525198938992,-0.0108991825613079,-0.0371352785145889,167743,167919,167676,-176,67,-0.00104812439330868,0.000399580142656075
"6127","2014","경북","구미시","초등학교",2014-04-01,"전체",4963,5105,5059,-46,-96,-142,-0.00901077375122429,-0.0189760822296897,-0.0278158667972576,419718,414842,417958,4876,1760,0.0117538725587091,0.00421094942554037
"6128","2014","경북","구미시","초등학교",2014-04-01,"여자",2384,2508,2479,-29,-95,-124,-0.0115629984051037,-0.0383219039935458,-0.0494417862838915,419718,414842,417958,4876,1760,0.0117538725587091,0.00421094942554037
"6129","2014","경북","구미시","초등학교",2014-04-01,"남자",2579,2597,2580,-17,-1,-18,-0.006546014632268,-0.000387596899224806,-0.00693107431651906,419718,414842,417958,4876,1760,0.0117538725587091,0.00421094942554037
"6130","2014","경북","영주시","초등학교",2014-04-01,"전체",840,866,869,3,-29,-26,0.00346420323325635,-0.0333716915995397,-0.0300230946882217,111701,113126,112320,-1425,-619,-0.0125965737319449,-0.00551103988603989
"6131","2014","경북","영주시","초등학교",2014-04-01,"여자",421,448,458,10,-37,-27,0.0223214285714286,-0.0807860262008734,-0.0602678571428571,111701,113126,112320,-1425,-619,-0.0125965737319449,-0.00551103988603989
"6132","2014","경북","영주시","초등학교",2014-04-01,"남자",419,418,411,-7,8,1,-0.0167464114832536,0.0194647201946472,0.00239234449760766,111701,113126,112320,-1425,-619,-0.0125965737319449,-0.00551103988603989
"6133","2014","경북","영천시","초등학교",2014-04-01,"전체",642,685,655,-30,-13,-43,-0.0437956204379562,-0.0198473282442748,-0.0627737226277372,100251,102721,101165,-2470,-914,-0.0240457160658483,-0.00903474521820788
"6134","2014","경북","영천시","초등학교",2014-04-01,"여자",297,322,296,-26,1,-25,-0.0807453416149068,0.00337837837837838,-0.077639751552795,100251,102721,101165,-2470,-914,-0.0240457160658483,-0.00903474521820788
"6135","2014","경북","영천시","초등학교",2014-04-01,"남자",345,363,359,-4,-14,-18,-0.0110192837465565,-0.0389972144846797,-0.0495867768595041,100251,102721,101165,-2470,-914,-0.0240457160658483,-0.00903474521820788
"6136","2014","경북","상주시","초등학교",2014-04-01,"전체",704,735,738,3,-34,-31,0.00408163265306122,-0.046070460704607,-0.0421768707482993,103484,104553,103950,-1069,-466,-0.0102244794506136,-0.00448292448292448
"6137","2014","경북","상주시","초등학교",2014-04-01,"여자",323,307,312,5,11,16,0.0162866449511401,0.0352564102564103,0.0521172638436482,103484,104553,103950,-1069,-466,-0.0102244794506136,-0.00448292448292448
"6138","2014","경북","상주시","초등학교",2014-04-01,"남자",381,428,426,-2,-45,-47,-0.00467289719626168,-0.105633802816901,-0.10981308411215,103484,104553,103950,-1069,-466,-0.0102244794506136,-0.00448292448292448
"6139","2014","경북","문경시","초등학교",2014-04-01,"전체",506,500,505,5,1,6,0.01,0.00198019801980198,0.012,75746,75907,75693,-161,53,-0.00212101650704151,0.000700196847793059
"6140","2014","경북","문경시","초등학교",2014-04-01,"여자",221,218,218,0,3,3,0,0.0137614678899083,0.0137614678899083,75746,75907,75693,-161,53,-0.00212101650704151,0.000700196847793059
"6141","2014","경북","문경시","초등학교",2014-04-01,"남자",285,282,287,5,-2,3,0.0177304964539007,-0.00696864111498258,0.0106382978723404,75746,75907,75693,-161,53,-0.00212101650704151,0.000700196847793059
"6142","2014","경북","경산시","초등학교",2014-04-01,"전체",2398,2545,2553,8,-155,-147,0.0031434184675835,-0.0607128867998433,-0.0577603143418468,249491,244226,247711,5265,1780,0.0215579012881511,0.00718579312182342
"6143","2014","경북","경산시","초등학교",2014-04-01,"여자",1166,1227,1233,6,-67,-61,0.00488997555012225,-0.0543390105433901,-0.0497147514262429,249491,244226,247711,5265,1780,0.0215579012881511,0.00718579312182342
"6144","2014","경북","경산시","초등학교",2014-04-01,"남자",1232,1318,1320,2,-88,-86,0.00151745068285281,-0.0666666666666667,-0.0652503793626707,249491,244226,247711,5265,1780,0.0215579012881511,0.00718579312182342
"6145","2014","경북","군위군","초등학교",2014-04-01,"전체",80,104,102,-2,-22,-24,-0.0192307692307692,-0.215686274509804,-0.230769230769231,24435,24234,24124,201,311,0.0082941322109433,0.0128917260819101
"6146","2014","경북","군위군","초등학교",2014-04-01,"여자",37,46,46,0,-9,-9,0,-0.195652173913043,-0.195652173913043,24435,24234,24124,201,311,0.0082941322109433,0.0128917260819101
"6147","2014","경북","군위군","초등학교",2014-04-01,"남자",43,58,56,-2,-13,-15,-0.0344827586206897,-0.232142857142857,-0.258620689655172,24435,24234,24124,201,311,0.0082941322109433,0.0128917260819101
"6148","2014","경북","의성군","초등학교",2014-04-01,"전체",225,263,263,0,-38,-38,0,-0.144486692015209,-0.144486692015209,55851,57453,56701,-1602,-850,-0.0278836614276017,-0.0149909172677731
"6149","2014","경북","의성군","초등학교",2014-04-01,"여자",120,130,125,-5,-5,-10,-0.0384615384615385,-0.04,-0.0769230769230769,55851,57453,56701,-1602,-850,-0.0278836614276017,-0.0149909172677731
"6150","2014","경북","의성군","초등학교",2014-04-01,"남자",105,133,138,5,-33,-28,0.037593984962406,-0.239130434782609,-0.210526315789474,55851,57453,56701,-1602,-850,-0.0278836614276017,-0.0149909172677731
"6151","2014","경북","청송군","초등학교",2014-04-01,"전체",125,138,138,0,-13,-13,0,-0.0942028985507246,-0.0942028985507246,26526,26515,26445,11,81,0.000414859513482934,0.00306296086216676
"6152","2014","경북","청송군","초등학교",2014-04-01,"여자",63,70,67,-3,-4,-7,-0.0428571428571429,-0.0597014925373134,-0.1,26526,26515,26445,11,81,0.000414859513482934,0.00306296086216676
"6153","2014","경북","청송군","초등학교",2014-04-01,"남자",62,68,71,3,-9,-6,0.0441176470588235,-0.126760563380282,-0.0882352941176471,26526,26515,26445,11,81,0.000414859513482934,0.00306296086216676
"6154","2014","경북","영양군","초등학교",2014-04-01,"전체",111,118,123,5,-12,-7,0.0423728813559322,-0.0975609756097561,-0.0593220338983051,18338,18186,18259,152,79,0.00835807764214231,0.00432663344104277
"6155","2014","경북","영양군","초등학교",2014-04-01,"여자",53,63,69,6,-16,-10,0.0952380952380952,-0.231884057971014,-0.158730158730159,18338,18186,18259,152,79,0.00835807764214231,0.00432663344104277
"6156","2014","경북","영양군","초등학교",2014-04-01,"남자",58,55,54,-1,4,3,-0.0181818181818182,0.0740740740740741,0.0545454545454545,18338,18186,18259,152,79,0.00835807764214231,0.00432663344104277
"6157","2014","경북","영덕군","초등학교",2014-04-01,"전체",217,225,227,2,-10,-8,0.00888888888888889,-0.0440528634361234,-0.0355555555555556,40043,40570,40280,-527,-237,-0.0129898940103525,-0.00588381330685204
"6158","2014","경북","영덕군","초등학교",2014-04-01,"여자",97,109,114,5,-17,-12,0.0458715596330275,-0.149122807017544,-0.110091743119266,40043,40570,40280,-527,-237,-0.0129898940103525,-0.00588381330685204
"6159","2014","경북","영덕군","초등학교",2014-04-01,"남자",120,116,113,-3,7,4,-0.0258620689655172,0.0619469026548673,0.0344827586206897,40043,40570,40280,-527,-237,-0.0129898940103525,-0.00588381330685204
"6160","2014","경북","청도군","초등학교",2014-04-01,"전체",214,226,220,-6,-6,-12,-0.0265486725663717,-0.0272727272727273,-0.0530973451327434,43826,44173,43742,-347,84,-0.00785547732777941,0.00192035114992456
"6161","2014","경북","청도군","초등학교",2014-04-01,"여자",113,118,116,-2,-3,-5,-0.0169491525423729,-0.0258620689655172,-0.0423728813559322,43826,44173,43742,-347,84,-0.00785547732777941,0.00192035114992456
"6162","2014","경북","청도군","초등학교",2014-04-01,"남자",101,108,104,-4,-3,-7,-0.037037037037037,-0.0288461538461538,-0.0648148148148148,43826,44173,43742,-347,84,-0.00785547732777941,0.00192035114992456
"6163","2014","경북","고령군","초등학교",2014-04-01,"전체",250,268,266,-2,-16,-18,-0.00746268656716418,-0.0601503759398496,-0.0671641791044776,35099,35440,35243,-341,-144,-0.00962189616252822,-0.00408591777090486
"6164","2014","경북","고령군","초등학교",2014-04-01,"여자",121,123,124,1,-3,-2,0.00813008130081301,-0.0241935483870968,-0.016260162601626,35099,35440,35243,-341,-144,-0.00962189616252822,-0.00408591777090486
"6165","2014","경북","고령군","초등학교",2014-04-01,"남자",129,145,142,-3,-13,-16,-0.0206896551724138,-0.0915492957746479,-0.110344827586207,35099,35440,35243,-341,-144,-0.00962189616252822,-0.00408591777090486
"6166","2014","경북","성주군","초등학교",2014-04-01,"전체",202,237,242,5,-40,-35,0.0210970464135021,-0.165289256198347,-0.147679324894515,44961,45018,44908,-57,53,-0.00126616020258563,0.0011801906119177
"6167","2014","경북","성주군","초등학교",2014-04-01,"여자",95,123,118,-5,-23,-28,-0.040650406504065,-0.194915254237288,-0.227642276422764,44961,45018,44908,-57,53,-0.00126616020258563,0.0011801906119177
"6168","2014","경북","성주군","초등학교",2014-04-01,"남자",107,114,124,10,-17,-7,0.087719298245614,-0.137096774193548,-0.0614035087719298,44961,45018,44908,-57,53,-0.00126616020258563,0.0011801906119177
"6169","2014","경북","칠곡군","초등학교",2014-04-01,"전체",1311,1479,1429,-50,-118,-168,-0.0338066260987153,-0.0825752274317705,-0.113590263691684,121496,119162,120188,2334,1308,0.0195867810207952,0.0108829500449296
"6170","2014","경북","칠곡군","초등학교",2014-04-01,"여자",607,706,691,-15,-84,-99,-0.0212464589235127,-0.121562952243126,-0.140226628895184,121496,119162,120188,2334,1308,0.0195867810207952,0.0108829500449296
"6171","2014","경북","칠곡군","초등학교",2014-04-01,"남자",704,773,738,-35,-34,-69,-0.0452781371280724,-0.046070460704607,-0.0892626131953428,121496,119162,120188,2334,1308,0.0195867810207952,0.0108829500449296
"6172","2014","경북","예천군","초등학교",2014-04-01,"전체",248,284,281,-3,-33,-36,-0.0105633802816901,-0.117437722419929,-0.126760563380282,45467,46415,45934,-948,-467,-0.0204244317569751,-0.0101667610049201
"6173","2014","경북","예천군","초등학교",2014-04-01,"여자",104,128,127,-1,-23,-24,-0.0078125,-0.181102362204724,-0.1875,45467,46415,45934,-948,-467,-0.0204244317569751,-0.0101667610049201
"6174","2014","경북","예천군","초등학교",2014-04-01,"남자",144,156,154,-2,-10,-12,-0.0128205128205128,-0.0649350649350649,-0.0769230769230769,45467,46415,45934,-948,-467,-0.0204244317569751,-0.0101667610049201
"6175","2014","경북","봉화군","초등학교",2014-04-01,"전체",185,220,218,-2,-33,-35,-0.00909090909090909,-0.151376146788991,-0.159090909090909,34037,34092,33978,-55,59,-0.00161328170831867,0.00173641768202955
"6176","2014","경북","봉화군","초등학교",2014-04-01,"여자",106,125,122,-3,-16,-19,-0.024,-0.131147540983607,-0.152,34037,34092,33978,-55,59,-0.00161328170831867,0.00173641768202955
"6177","2014","경북","봉화군","초등학교",2014-04-01,"남자",79,95,96,1,-17,-16,0.0105263157894737,-0.177083333333333,-0.168421052631579,34037,34092,33978,-55,59,-0.00161328170831867,0.00173641768202955
"6178","2014","경북","울진군","초등학교",2014-04-01,"전체",400,400,389,-11,11,0,-0.0275,0.0282776349614396,0,51958,51829,51745,129,213,0.00248895406046808,0.00411633974297034
"6179","2014","경북","울진군","초등학교",2014-04-01,"여자",179,182,179,-3,0,-3,-0.0164835164835165,0,-0.0164835164835165,51958,51829,51745,129,213,0.00248895406046808,0.00411633974297034
"6180","2014","경북","울진군","초등학교",2014-04-01,"남자",221,218,210,-8,11,3,-0.036697247706422,0.0523809523809524,0.0137614678899083,51958,51829,51745,129,213,0.00248895406046808,0.00411633974297034
"6181","2014","경북","울릉군","초등학교",2014-04-01,"전체",54,61,56,-5,-2,-7,-0.0819672131147541,-0.0357142857142857,-0.114754098360656,10514,10694,10620,-180,-106,-0.0168318683373854,-0.00998116760828625
"6182","2014","경북","울릉군","초등학교",2014-04-01,"여자",31,34,32,-2,-1,-3,-0.0588235294117647,-0.03125,-0.0882352941176471,10514,10694,10620,-180,-106,-0.0168318683373854,-0.00998116760828625
"6183","2014","경북","울릉군","초등학교",2014-04-01,"남자",23,27,24,-3,-1,-4,-0.111111111111111,-0.0416666666666667,-0.148148148148148,10514,10694,10620,-180,-106,-0.0168318683373854,-0.00998116760828625
"6184","2014","경남","창원시","초등학교",2014-04-01,"전체",10629,22146,21930,-216,-11301,-11517,-0.00975345434841506,-0.515321477428181,-0.520048767271742,1078565,1091614,1089406,-13049,-10841,-0.0119538591480139,-0.00995129455868611
"6185","2014","경남","창원시","초등학교",2014-04-01,"여자",5115,10820,10730,-90,-5615,-5705,-0.00831792975970425,-0.523299161230196,-0.527264325323475,1078565,1091614,1089406,-13049,-10841,-0.0119538591480139,-0.00995129455868611
"6186","2014","경남","창원시","초등학교",2014-04-01,"남자",5514,11326,11200,-126,-5686,-5812,-0.0111248454882571,-0.507678571428571,-0.513155571251987,1078565,1091614,1089406,-13049,-10841,-0.0119538591480139,-0.00995129455868611
"6187","2014","경남","진주시","초등학교",2014-04-01,"전체",3361,3346,3376,30,-15,15,0.00896592946802152,-0.00444312796208531,0.00448296473401076,337665,336390,337159,1275,506,0.00379024346740391,0.00150077559845651
"6188","2014","경남","진주시","초등학교",2014-04-01,"여자",1644,1624,1650,26,-6,20,0.0160098522167488,-0.00363636363636364,0.0123152709359606,337665,336390,337159,1275,506,0.00379024346740391,0.00150077559845651
"6189","2014","경남","진주시","초등학교",2014-04-01,"남자",1717,1722,1726,4,-9,-5,0.00232288037166086,-0.0052143684820394,-0.00290360046457607,337665,336390,337159,1275,506,0.00379024346740391,0.00150077559845651
"6190","2014","경남","통영시","초등학교",2014-04-01,"전체",1488,1572,1554,-18,-66,-84,-0.0114503816793893,-0.0424710424710425,-0.0534351145038168,139395,139869,139306,-474,89,-0.00338888531411535,0.000638881311644868
"6191","2014","경남","통영시","초등학교",2014-04-01,"여자",730,797,792,-5,-62,-67,-0.00627352572145546,-0.0782828282828283,-0.0840652446675031,139395,139869,139306,-474,89,-0.00338888531411535,0.000638881311644868
"6192","2014","경남","통영시","초등학교",2014-04-01,"남자",758,775,762,-13,-4,-17,-0.0167741935483871,-0.005249343832021,-0.0219354838709677,139395,139869,139306,-474,89,-0.00338888531411535,0.000638881311644868
"6193","2014","경남","사천시","초등학교",2014-04-01,"전체",1170,1210,1224,14,-54,-40,0.0115702479338843,-0.0441176470588235,-0.0330578512396694,116886,114890,115868,1996,1018,0.0173731395247628,0.00878585977146408
"6194","2014","경남","사천시","초등학교",2014-04-01,"여자",581,586,594,8,-13,-5,0.0136518771331058,-0.0218855218855219,-0.00853242320819113,116886,114890,115868,1996,1018,0.0173731395247628,0.00878585977146408
"6195","2014","경남","사천시","초등학교",2014-04-01,"남자",589,624,630,6,-41,-35,0.00961538461538462,-0.0650793650793651,-0.0560897435897436,116886,114890,115868,1996,1018,0.0173731395247628,0.00878585977146408
"6196","2014","경남","김해시","초등학교",2014-04-01,"전체",6400,6500,6510,10,-110,-100,0.00153846153846154,-0.0168970814132104,-0.0153846153846154,524709,509195,514251,15514,10458,0.0304676990151121,0.0203363727051576
"6197","2014","경남","김해시","초등학교",2014-04-01,"여자",3161,3150,3155,5,6,11,0.00158730158730159,0.00190174326465927,0.00349206349206349,524709,509195,514251,15514,10458,0.0304676990151121,0.0203363727051576
"6198","2014","경남","김해시","초등학교",2014-04-01,"남자",3239,3350,3355,5,-116,-111,0.00149253731343284,-0.034575260804769,-0.033134328358209,524709,509195,514251,15514,10458,0.0304676990151121,0.0203363727051576
"6199","2014","경남","밀양시","초등학교",2014-04-01,"전체",779,786,787,1,-8,-7,0.00127226463104326,-0.0101651842439644,-0.0089058524173028,107908,109044,108431,-1136,-523,-0.0104178129929203,-0.00482334387767336
"6200","2014","경남","밀양시","초등학교",2014-04-01,"여자",378,399,397,-2,-19,-21,-0.0050125313283208,-0.0478589420654912,-0.0526315789473684,107908,109044,108431,-1136,-523,-0.0104178129929203,-0.00482334387767336
"6201","2014","경남","밀양시","초등학교",2014-04-01,"남자",401,387,390,3,11,14,0.00775193798449612,0.0282051282051282,0.0361757105943152,107908,109044,108431,-1136,-523,-0.0104178129929203,-0.00482334387767336
"6202","2014","경남","거제시","초등학교",2014-04-01,"전체",3059,3195,3177,-18,-118,-136,-0.00563380281690141,-0.0371419578218445,-0.042566510172144,243736,233270,238434,10466,5302,0.0448664637544476,0.022236761535687
"6203","2014","경남","거제시","초등학교",2014-04-01,"여자",1463,1586,1582,-4,-119,-123,-0.00252206809583859,-0.0752212389380531,-0.0775535939470366,243736,233270,238434,10466,5302,0.0448664637544476,0.022236761535687
"6204","2014","경남","거제시","초등학교",2014-04-01,"남자",1596,1609,1595,-14,1,-13,-0.00870105655686762,0.000626959247648903,-0.00807955251709136,243736,233270,238434,10466,5302,0.0448664637544476,0.022236761535687
"6205","2014","경남","양산시","초등학교",2014-04-01,"전체",3153,3171,3159,-12,-6,-18,-0.00378429517502365,-0.00189933523266857,-0.00567644276253548,283672,267979,271212,15693,12460,0.0585605588497606,0.0459419199740424
"6206","2014","경남","양산시","초등학교",2014-04-01,"여자",1559,1504,1507,3,52,55,0.00199468085106383,0.0345056403450564,0.0365691489361702,283672,267979,271212,15693,12460,0.0585605588497606,0.0459419199740424
"6207","2014","경남","양산시","초등학교",2014-04-01,"남자",1594,1667,1652,-15,-58,-73,-0.00899820035992801,-0.0351089588377724,-0.0437912417516497,283672,267979,271212,15693,12460,0.0585605588497606,0.0459419199740424
"6208","2014","경남","의령군","초등학교",2014-04-01,"전체",141,198,193,-5,-52,-57,-0.0252525252525253,-0.269430051813472,-0.287878787878788,29548,29588,29543,-40,5,-0.00135189941868325,0.000169244829570457
"6209","2014","경남","의령군","초등학교",2014-04-01,"여자",73,102,101,-1,-28,-29,-0.00980392156862745,-0.277227722772277,-0.284313725490196,29548,29588,29543,-40,5,-0.00135189941868325,0.000169244829570457
"6210","2014","경남","의령군","초등학교",2014-04-01,"남자",68,96,92,-4,-24,-28,-0.0416666666666667,-0.260869565217391,-0.291666666666667,29548,29588,29543,-40,5,-0.00135189941868325,0.000169244829570457
"6211","2014","경남","함안군","초등학교",2014-04-01,"전체",625,676,672,-4,-47,-51,-0.00591715976331361,-0.0699404761904762,-0.0754437869822485,68005,67107,67590,898,415,0.013381614436646,0.00613996153277112
"6212","2014","경남","함안군","초등학교",2014-04-01,"여자",303,315,314,-1,-11,-12,-0.00317460317460317,-0.035031847133758,-0.0380952380952381,68005,67107,67590,898,415,0.013381614436646,0.00613996153277112
"6213","2014","경남","함안군","초등학교",2014-04-01,"남자",322,361,358,-3,-36,-39,-0.00831024930747922,-0.100558659217877,-0.10803324099723,68005,67107,67590,898,415,0.013381614436646,0.00613996153277112
"6214","2014","경남","창녕군","초등학교",2014-04-01,"전체",399,389,402,13,-3,10,0.0334190231362468,-0.00746268656716418,0.025706940874036,63539,62605,63217,934,322,0.0149189361872055,0.00509356660391983
"6215","2014","경남","창녕군","초등학교",2014-04-01,"여자",178,184,187,3,-9,-6,0.016304347826087,-0.0481283422459893,-0.0326086956521739,63539,62605,63217,934,322,0.0149189361872055,0.00509356660391983
"6216","2014","경남","창녕군","초등학교",2014-04-01,"남자",221,205,215,10,6,16,0.0487804878048781,0.027906976744186,0.0780487804878049,63539,62605,63217,934,322,0.0149189361872055,0.00509356660391983
"6217","2014","경남","고성군","초등학교",2014-04-01,"전체",381,418,425,7,-44,-37,0.0167464114832536,-0.103529411764706,-0.0885167464114833,56350,57043,56796,-693,-446,-0.0121487299055099,-0.00785266568068174
"6218","2014","경남","고성군","초등학교",2014-04-01,"여자",171,186,189,3,-18,-15,0.0161290322580645,-0.0952380952380952,-0.0806451612903226,56350,57043,56796,-693,-446,-0.0121487299055099,-0.00785266568068174
"6219","2014","경남","고성군","초등학교",2014-04-01,"남자",210,232,236,4,-26,-22,0.0172413793103448,-0.110169491525424,-0.0948275862068965,56350,57043,56796,-693,-446,-0.0121487299055099,-0.00785266568068174
"6220","2014","경남","남해군","초등학교",2014-04-01,"전체",244,280,271,-9,-27,-36,-0.0321428571428571,-0.0996309963099631,-0.128571428571429,47118,49004,47708,-1886,-590,-0.0384866541506816,-0.0123668986333529
"6221","2014","경남","남해군","초등학교",2014-04-01,"여자",123,133,128,-5,-5,-10,-0.037593984962406,-0.0390625,-0.075187969924812,47118,49004,47708,-1886,-590,-0.0384866541506816,-0.0123668986333529
"6222","2014","경남","남해군","초등학교",2014-04-01,"남자",121,147,143,-4,-22,-26,-0.0272108843537415,-0.153846153846154,-0.17687074829932,47118,49004,47708,-1886,-590,-0.0384866541506816,-0.0123668986333529
"6223","2014","경남","하동군","초등학교",2014-04-01,"전체",296,304,301,-3,-5,-8,-0.00986842105263158,-0.0166112956810631,-0.0263157894736842,50014,51800,50366,-1786,-352,-0.0344787644787645,-0.00698884167891038
"6224","2014","경남","하동군","초등학교",2014-04-01,"여자",133,143,141,-2,-8,-10,-0.013986013986014,-0.0567375886524823,-0.0699300699300699,50014,51800,50366,-1786,-352,-0.0344787644787645,-0.00698884167891038
"6225","2014","경남","하동군","초등학교",2014-04-01,"남자",163,161,160,-1,3,2,-0.0062111801242236,0.01875,0.0124223602484472,50014,51800,50366,-1786,-352,-0.0344787644787645,-0.00698884167891038
"6226","2014","경남","산청군","초등학교",2014-04-01,"전체",215,249,242,-7,-27,-34,-0.0281124497991968,-0.111570247933884,-0.136546184738956,35960,35544,35818,416,142,0.0117038037362143,0.00396448712937629
"6227","2014","경남","산청군","초등학교",2014-04-01,"여자",101,113,102,-11,-1,-12,-0.0973451327433628,-0.00980392156862745,-0.106194690265487,35960,35544,35818,416,142,0.0117038037362143,0.00396448712937629
"6228","2014","경남","산청군","초등학교",2014-04-01,"남자",114,136,140,4,-26,-22,0.0294117647058824,-0.185714285714286,-0.161764705882353,35960,35544,35818,416,142,0.0117038037362143,0.00396448712937629
"6229","2014","경남","함양군","초등학교",2014-04-01,"전체",285,328,317,-11,-32,-43,-0.0335365853658537,-0.100946372239748,-0.13109756097561,40720,41048,40631,-328,89,-0.00799064509842136,0.00219044571878615
"6230","2014","경남","함양군","초등학교",2014-04-01,"여자",129,152,141,-11,-12,-23,-0.0723684210526316,-0.0851063829787234,-0.151315789473684,40720,41048,40631,-328,89,-0.00799064509842136,0.00219044571878615
"6231","2014","경남","함양군","초등학교",2014-04-01,"남자",156,176,176,0,-20,-20,0,-0.113636363636364,-0.113636363636364,40720,41048,40631,-328,89,-0.00799064509842136,0.00219044571878615
"6232","2014","경남","거창군","초등학교",2014-04-01,"전체",495,495,506,11,-11,0,0.0222222222222222,-0.0217391304347826,0,63270,63138,63076,132,194,0.0020906585574456,0.0030756547656795
"6233","2014","경남","거창군","초등학교",2014-04-01,"여자",248,236,243,7,5,12,0.0296610169491525,0.0205761316872428,0.0508474576271186,63270,63138,63076,132,194,0.0020906585574456,0.0030756547656795
"6234","2014","경남","거창군","초등학교",2014-04-01,"남자",247,259,263,4,-16,-12,0.0154440154440154,-0.0608365019011407,-0.0463320463320463,63270,63138,63076,132,194,0.0020906585574456,0.0030756547656795
"6235","2014","경남","합천군","초등학교",2014-04-01,"전체",271,315,328,13,-57,-44,0.0412698412698413,-0.173780487804878,-0.13968253968254,49920,50197,50065,-277,-145,-0.00551825806323087,-0.00289623489463697
"6236","2014","경남","합천군","초등학교",2014-04-01,"여자",127,153,160,7,-33,-26,0.0457516339869281,-0.20625,-0.169934640522876,49920,50197,50065,-277,-145,-0.00551825806323087,-0.00289623489463697
"6237","2014","경남","합천군","초등학교",2014-04-01,"남자",144,162,168,6,-24,-18,0.037037037037037,-0.142857142857143,-0.111111111111111,49920,50197,50065,-277,-145,-0.00551825806323087,-0.00289623489463697
"6238","2014","제주","제주시","초등학교",2014-04-01,"전체",5147,4778,4924,146,223,369,0.0305567182921725,0.0452883834281072,0.0772289660946003,441387,425136,432613,16251,8774,0.0382254149260472,0.0202814062453047
"6239","2014","제주","제주시","초등학교",2014-04-01,"여자",2489,2308,2390,82,99,181,0.035528596187175,0.0414225941422594,0.07842287694974,441387,425136,432613,16251,8774,0.0382254149260472,0.0202814062453047
"6240","2014","제주","제주시","초등학교",2014-04-01,"남자",2658,2470,2534,64,124,188,0.0259109311740891,0.0489344909234412,0.0761133603238866,441387,425136,432613,16251,8774,0.0382254149260472,0.0202814062453047
"6241","2014","제주","서귀포시","초등학교",2014-04-01,"전체",1431,1472,1480,8,-49,-41,0.00543478260869565,-0.0331081081081081,-0.0278532608695652,156628,153301,154540,3327,2088,0.0217024024631281,0.0135110650964152
"6242","2014","제주","서귀포시","초등학교",2014-04-01,"여자",711,745,754,9,-43,-34,0.0120805369127517,-0.0570291777188329,-0.0456375838926174,156628,153301,154540,3327,2088,0.0217024024631281,0.0135110650964152
"6243","2014","제주","서귀포시","초등학교",2014-04-01,"남자",720,727,726,-1,-6,-7,-0.00137551581843191,-0.00826446280991736,-0.00962861072902338,156628,153301,154540,3327,2088,0.0217024024631281,0.0135110650964152
